# sin^2(theta_24)   Delta_m^2_41   chi^2
1e-05 0.0001 7.15774e-10
1e-05 0.000125893 7.75209e-10
1e-05 0.000158489 8.69012e-10
1e-05 0.000199526 1.01698e-09
1e-05 0.000251189 1.25271e-09
1e-05 0.000316228 1.63582e-09
1e-05 0.000398107 2.26946e-09
1e-05 0.000501187 3.31149e-09
1e-05 0.000630957 4.95156e-09
1e-05 0.000794328 7.29717e-09
1e-05 0.001 9.98948e-09
1e-05 0.00125893 1.1343e-08
1e-05 0.00158489 8.64009e-09
1e-05 0.00199526 2.99801e-09
1e-05 0.00251189 4.58595e-10
1e-05 0.00316228 1.93321e-09
1e-05 0.00398107 1.0278e-08
1e-05 0.00501187 1.71959e-08
1e-05 0.00630957 9.96131e-09
1e-05 0.00794328 7.735e-09
1e-05 0.01 9.60091e-09
1e-05 0.0125893 1.13582e-08
1e-05 0.0158489 8.62302e-09
1e-05 0.0199526 8.24366e-09
1e-05 0.0251189 6.02552e-09
1e-05 0.0316228 8.93143e-09
1e-05 0.0398107 9.70271e-09
1e-05 0.0501187 8.00614e-09
1e-05 0.0630957 6.623e-09
1e-05 0.0794328 1.02858e-08
1e-05 0.1 6.71347e-09
1e-05 0.125893 7.00701e-09
1e-05 0.158489 9.3039e-09
1e-05 0.199526 5.53491e-09
1e-05 0.251189 8.86574e-09
1e-05 0.316228 7.2142e-09
1e-05 0.398107 7.51955e-09
1e-05 0.501187 7.68955e-09
1e-05 0.630957 9.65454e-09
1e-05 0.794328 1.13515e-08
1e-05 1 1.21229e-08
1e-05 1.25893 6.85528e-09
1e-05 1.58489 8.81284e-09
1e-05 1.99526 9.92926e-09
1e-05 2.51189 5.96701e-09
1e-05 3.16228 7.11744e-09
1e-05 3.98107 8.34544e-09
1e-05 5.01187 6.24619e-09
1e-05 6.30957 1.07105e-08
1e-05 7.94328 5.32469e-09
1e-05 10 8.50111e-09
1e-05 12.5893 6.1552e-09
1e-05 15.8489 5.18408e-09
1e-05 19.9526 8.17924e-09
1e-05 25.1189 7.91267e-09
1e-05 31.6228 1.08261e-08
1e-05 39.8107 1.15608e-08
1e-05 50.1187 8.71365e-09
1e-05 63.0957 8.08968e-09
1e-05 79.4328 7.83285e-09
1.25893e-05 0.0001 1.13441e-09
1.25893e-05 0.000125893 1.22861e-09
1.25893e-05 0.000158489 1.37727e-09
1.25893e-05 0.000199526 1.61178e-09
1.25893e-05 0.000251189 1.98538e-09
1.25893e-05 0.000316228 2.59256e-09
1.25893e-05 0.000398107 3.59681e-09
1.25893e-05 0.000501187 5.24831e-09
1.25893e-05 0.000630957 7.84765e-09
1.25893e-05 0.000794328 1.15652e-08
1.25893e-05 0.001 1.58323e-08
1.25893e-05 0.00125893 1.79775e-08
1.25893e-05 0.00158489 1.36936e-08
1.25893e-05 0.00199526 4.75152e-09
1.25893e-05 0.00251189 7.26839e-10
1.25893e-05 0.00316228 3.06391e-09
1.25893e-05 0.00398107 1.62895e-08
1.25893e-05 0.00501187 2.72537e-08
1.25893e-05 0.00630957 1.57876e-08
1.25893e-05 0.00794328 1.22591e-08
1.25893e-05 0.01 1.52164e-08
1.25893e-05 0.0125893 1.80015e-08
1.25893e-05 0.0158489 1.36665e-08
1.25893e-05 0.0199526 1.30653e-08
1.25893e-05 0.0251189 9.54974e-09
1.25893e-05 0.0316228 1.41553e-08
1.25893e-05 0.0398107 1.53777e-08
1.25893e-05 0.0501187 1.26888e-08
1.25893e-05 0.0630957 1.04967e-08
1.25893e-05 0.0794328 1.63019e-08
1.25893e-05 0.1 1.06401e-08
1.25893e-05 0.125893 1.11053e-08
1.25893e-05 0.158489 1.47456e-08
1.25893e-05 0.199526 8.77219e-09
1.25893e-05 0.251189 1.40512e-08
1.25893e-05 0.316228 1.14337e-08
1.25893e-05 0.398107 1.19176e-08
1.25893e-05 0.501187 1.21871e-08
1.25893e-05 0.630957 1.53013e-08
1.25893e-05 0.794328 1.79909e-08
1.25893e-05 1 1.92135e-08
1.25893e-05 1.25893 1.08648e-08
1.25893e-05 1.58489 1.39673e-08
1.25893e-05 1.99526 1.57367e-08
1.25893e-05 2.51189 9.457e-09
1.25893e-05 3.16228 1.12803e-08
1.25893e-05 3.98107 1.32266e-08
1.25893e-05 5.01187 9.89948e-09
1.25893e-05 6.30957 1.69749e-08
1.25893e-05 7.94328 8.43903e-09
1.25893e-05 10 1.34733e-08
1.25893e-05 12.5893 9.75527e-09
1.25893e-05 15.8489 8.21616e-09
1.25893e-05 19.9526 1.29632e-08
1.25893e-05 25.1189 1.25407e-08
1.25893e-05 31.6228 1.71581e-08
1.25893e-05 39.8107 1.83226e-08
1.25893e-05 50.1187 1.38101e-08
1.25893e-05 63.0957 1.28212e-08
1.25893e-05 79.4328 1.24142e-08
1.58489e-05 0.0001 1.79789e-09
1.58489e-05 0.000125893 1.94718e-09
1.58489e-05 0.000158489 2.18279e-09
1.58489e-05 0.000199526 2.55445e-09
1.58489e-05 0.000251189 3.14656e-09
1.58489e-05 0.000316228 4.10887e-09
1.58489e-05 0.000398107 5.70048e-09
1.58489e-05 0.000501187 8.31793e-09
1.58489e-05 0.000630957 1.24376e-08
1.58489e-05 0.000794328 1.83296e-08
1.58489e-05 0.001 2.50924e-08
1.58489e-05 0.00125893 2.84924e-08
1.58489e-05 0.00158489 2.17029e-08
1.58489e-05 0.00199526 7.53064e-09
1.58489e-05 0.00251189 1.15199e-09
1.58489e-05 0.00316228 4.85594e-09
1.58489e-05 0.00398107 2.5817e-08
1.58489e-05 0.00501187 4.31941e-08
1.58489e-05 0.00630957 2.50215e-08
1.58489e-05 0.00794328 1.94294e-08
1.58489e-05 0.01 2.41162e-08
1.58489e-05 0.0125893 2.85304e-08
1.58489e-05 0.0158489 2.16599e-08
1.58489e-05 0.0199526 2.07069e-08
1.58489e-05 0.0251189 1.51352e-08
1.58489e-05 0.0316228 2.24345e-08
1.58489e-05 0.0398107 2.43719e-08
1.58489e-05 0.0501187 2.01103e-08
1.58489e-05 0.0630957 1.6636e-08
1.58489e-05 0.0794328 2.58367e-08
1.58489e-05 0.1 1.68632e-08
1.58489e-05 0.125893 1.76007e-08
1.58489e-05 0.158489 2.33701e-08
1.58489e-05 0.199526 1.39029e-08
1.58489e-05 0.251189 2.22695e-08
1.58489e-05 0.316228 1.8121e-08
1.58489e-05 0.398107 1.8888e-08
1.58489e-05 0.501187 1.93151e-08
1.58489e-05 0.630957 2.42508e-08
1.58489e-05 0.794328 2.85135e-08
1.58489e-05 1 3.04512e-08
1.58489e-05 1.25893 1.72194e-08
1.58489e-05 1.58489 2.21366e-08
1.58489e-05 1.99526 2.49409e-08
1.58489e-05 2.51189 1.49882e-08
1.58489e-05 3.16228 1.7878e-08
1.58489e-05 3.98107 2.09626e-08
1.58489e-05 5.01187 1.56895e-08
1.58489e-05 6.30957 2.69033e-08
1.58489e-05 7.94328 1.33749e-08
1.58489e-05 10 2.13536e-08
1.58489e-05 12.5893 1.54609e-08
1.58489e-05 15.8489 1.30216e-08
1.58489e-05 19.9526 2.05451e-08
1.58489e-05 25.1189 1.98755e-08
1.58489e-05 31.6228 2.71937e-08
1.58489e-05 39.8107 2.90391e-08
1.58489e-05 50.1187 2.18874e-08
1.58489e-05 63.0957 2.03201e-08
1.58489e-05 79.4328 1.9675e-08
1.99526e-05 0.0001 2.84941e-09
1.99526e-05 0.000125893 3.086e-09
1.99526e-05 0.000158489 3.45942e-09
1.99526e-05 0.000199526 4.04845e-09
1.99526e-05 0.000251189 4.98686e-09
1.99526e-05 0.000316228 6.512e-09
1.99526e-05 0.000398107 9.03451e-09
1.99526e-05 0.000501187 1.31829e-08
1.99526e-05 0.000630957 1.97121e-08
1.99526e-05 0.000794328 2.90503e-08
1.99526e-05 0.001 3.97688e-08
1.99526e-05 0.00125893 4.51575e-08
1.99526e-05 0.00158489 3.43967e-08
1.99526e-05 0.00199526 1.19352e-08
1.99526e-05 0.00251189 1.82584e-09
1.99526e-05 0.00316228 7.69609e-09
1.99526e-05 0.00398107 4.0917e-08
1.99526e-05 0.00501187 6.8458e-08
1.99526e-05 0.00630957 3.96562e-08
1.99526e-05 0.00794328 3.07934e-08
1.99526e-05 0.01 3.82213e-08
1.99526e-05 0.0125893 4.52174e-08
1.99526e-05 0.0158489 3.43284e-08
1.99526e-05 0.0199526 3.2818e-08
1.99526e-05 0.0251189 2.39874e-08
1.99526e-05 0.0316228 3.55561e-08
1.99526e-05 0.0398107 3.86266e-08
1.99526e-05 0.0501187 3.18724e-08
1.99526e-05 0.0630957 2.6366e-08
1.99526e-05 0.0794328 4.09481e-08
1.99526e-05 0.1 2.67262e-08
1.99526e-05 0.125893 2.7895e-08
1.99526e-05 0.158489 3.70388e-08
1.99526e-05 0.199526 2.20344e-08
1.99526e-05 0.251189 3.52946e-08
1.99526e-05 0.316228 2.87196e-08
1.99526e-05 0.398107 2.99353e-08
1.99526e-05 0.501187 3.06121e-08
1.99526e-05 0.630957 3.84347e-08
1.99526e-05 0.794328 4.51906e-08
1.99526e-05 1 4.82616e-08
1.99526e-05 1.25893 2.72906e-08
1.99526e-05 1.58489 3.50838e-08
1.99526e-05 1.99526 3.95284e-08
1.99526e-05 2.51189 2.37544e-08
1.99526e-05 3.16228 2.83344e-08
1.99526e-05 3.98107 3.32232e-08
1.99526e-05 5.01187 2.4866e-08
1.99526e-05 6.30957 4.26385e-08
1.99526e-05 7.94328 2.11976e-08
1.99526e-05 10 3.38429e-08
1.99526e-05 12.5893 2.45037e-08
1.99526e-05 15.8489 2.06377e-08
1.99526e-05 19.9526 3.25615e-08
1.99526e-05 25.1189 3.15003e-08
1.99526e-05 31.6228 4.30988e-08
1.99526e-05 39.8107 4.60236e-08
1.99526e-05 50.1187 3.4689e-08
1.99526e-05 63.0957 3.22049e-08
1.99526e-05 79.4328 3.11825e-08
2.51189e-05 0.0001 4.51589e-09
2.51189e-05 0.000125893 4.89086e-09
2.51189e-05 0.000158489 5.48266e-09
2.51189e-05 0.000199526 6.41618e-09
2.51189e-05 0.000251189 7.90343e-09
2.51189e-05 0.000316228 1.03206e-08
2.51189e-05 0.000398107 1.43184e-08
2.51189e-05 0.000501187 2.08931e-08
2.51189e-05 0.000630957 3.12413e-08
2.51189e-05 0.000794328 4.60413e-08
2.51189e-05 0.001 6.30291e-08
2.51189e-05 0.00125893 7.15699e-08
2.51189e-05 0.00158489 5.45151e-08
2.51189e-05 0.00199526 1.8916e-08
2.51189e-05 0.00251189 2.89388e-09
2.51189e-05 0.00316228 1.21974e-08
2.51189e-05 0.00398107 6.48487e-08
2.51189e-05 0.00501187 1.08498e-07
2.51189e-05 0.00630957 6.28504e-08
2.51189e-05 0.00794328 4.88042e-08
2.51189e-05 0.01 6.05763e-08
2.51189e-05 0.0125893 7.16643e-08
2.51189e-05 0.0158489 5.44064e-08
2.51189e-05 0.0199526 5.20126e-08
2.51189e-05 0.0251189 3.8017e-08
2.51189e-05 0.0316228 5.63521e-08
2.51189e-05 0.0398107 6.12184e-08
2.51189e-05 0.0501187 5.05138e-08
2.51189e-05 0.0630957 4.17869e-08
2.51189e-05 0.0794328 6.4898e-08
2.51189e-05 0.1 4.23577e-08
2.51189e-05 0.125893 4.42103e-08
2.51189e-05 0.158489 5.87019e-08
2.51189e-05 0.199526 3.49217e-08
2.51189e-05 0.251189 5.59378e-08
2.51189e-05 0.316228 4.5517e-08
2.51189e-05 0.398107 4.74438e-08
2.51189e-05 0.501187 4.85165e-08
2.51189e-05 0.630957 6.09142e-08
2.51189e-05 0.794328 7.16218e-08
2.51189e-05 1 7.64888e-08
2.51189e-05 1.25893 4.32522e-08
2.51189e-05 1.58489 5.56035e-08
2.51189e-05 1.99526 6.26478e-08
2.51189e-05 2.51189 3.76476e-08
2.51189e-05 3.16228 4.49065e-08
2.51189e-05 3.98107 5.26546e-08
2.51189e-05 5.01187 3.94095e-08
2.51189e-05 6.30957 6.75768e-08
2.51189e-05 7.94328 3.35957e-08
2.51189e-05 10 5.36369e-08
2.51189e-05 12.5893 3.88353e-08
2.51189e-05 15.8489 3.27081e-08
2.51189e-05 19.9526 5.16059e-08
2.51189e-05 25.1189 4.99242e-08
2.51189e-05 31.6228 6.83065e-08
2.51189e-05 39.8107 7.29419e-08
2.51189e-05 50.1187 5.49777e-08
2.51189e-05 63.0957 5.10409e-08
2.51189e-05 79.4328 4.94203e-08
3.16228e-05 0.0001 7.15698e-09
3.16228e-05 0.000125893 7.75123e-09
3.16228e-05 0.000158489 8.68913e-09
3.16228e-05 0.000199526 1.01686e-08
3.16228e-05 0.000251189 1.25257e-08
3.16228e-05 0.000316228 1.63565e-08
3.16228e-05 0.000398107 2.26926e-08
3.16228e-05 0.000501187 3.31127e-08
3.16228e-05 0.000630957 4.95134e-08
3.16228e-05 0.000794328 7.29701e-08
3.16228e-05 0.001 9.98943e-08
3.16228e-05 0.00125893 1.13431e-07
3.16228e-05 0.00158489 8.64005e-08
3.16228e-05 0.00199526 2.99798e-08
3.16228e-05 0.00251189 4.58673e-09
3.16228e-05 0.00316228 1.93313e-08
3.16228e-05 0.00398107 1.02777e-07
3.16228e-05 0.00501187 1.71958e-07
3.16228e-05 0.00630957 9.96103e-08
3.16228e-05 0.00794328 7.73492e-08
3.16228e-05 0.01 9.6006e-08
3.16228e-05 0.0125893 1.1358e-07
3.16228e-05 0.0158489 8.62275e-08
3.16228e-05 0.0199526 8.24335e-08
3.16228e-05 0.0251189 6.0252e-08
3.16228e-05 0.0316228 8.9311e-08
3.16228e-05 0.0398107 9.70236e-08
3.16228e-05 0.0501187 8.00579e-08
3.16228e-05 0.0630957 6.62268e-08
3.16228e-05 0.0794328 1.02855e-07
3.16228e-05 0.1 6.71314e-08
3.16228e-05 0.125893 7.00679e-08
3.16228e-05 0.158489 9.30351e-08
3.16228e-05 0.199526 5.53463e-08
3.16228e-05 0.251189 8.86546e-08
3.16228e-05 0.316228 7.21386e-08
3.16228e-05 0.398107 7.51923e-08
3.16228e-05 0.501187 7.68927e-08
3.16228e-05 0.630957 9.65413e-08
3.16228e-05 0.794328 1.13512e-07
3.16228e-05 1 1.21225e-07
3.16228e-05 1.25893 6.85489e-08
3.16228e-05 1.58489 8.81245e-08
3.16228e-05 1.99526 9.9289e-08
3.16228e-05 2.51189 5.96663e-08
3.16228e-05 3.16228 7.11709e-08
3.16228e-05 3.98107 8.34508e-08
3.16228e-05 5.01187 6.24589e-08
3.16228e-05 6.30957 1.07101e-07
3.16228e-05 7.94328 5.32451e-08
3.16228e-05 10 8.50078e-08
3.16228e-05 12.5893 6.15489e-08
3.16228e-05 15.8489 5.18379e-08
3.16228e-05 19.9526 8.17887e-08
3.16228e-05 25.1189 7.91235e-08
3.16228e-05 31.6228 1.08257e-07
3.16228e-05 39.8107 1.15604e-07
3.16228e-05 50.1187 8.71327e-08
3.16228e-05 63.0957 8.08933e-08
3.16228e-05 79.4328 7.83249e-08
3.98107e-05 0.0001 1.13426e-08
3.98107e-05 0.000125893 1.22844e-08
3.98107e-05 0.000158489 1.37707e-08
3.98107e-05 0.000199526 1.61155e-08
3.98107e-05 0.000251189 1.9851e-08
3.98107e-05 0.000316228 2.59223e-08
3.98107e-05 0.000398107 3.59642e-08
3.98107e-05 0.000501187 5.24788e-08
3.98107e-05 0.000630957 7.84722e-08
3.98107e-05 0.000794328 1.15649e-07
3.98107e-05 0.001 1.58321e-07
3.98107e-05 0.00125893 1.79776e-07
3.98107e-05 0.00158489 1.36935e-07
3.98107e-05 0.00199526 4.75147e-08
3.98107e-05 0.00251189 7.26995e-09
3.98107e-05 0.00316228 3.06376e-08
3.98107e-05 0.00398107 1.62889e-07
3.98107e-05 0.00501187 2.72534e-07
3.98107e-05 0.00630957 1.5787e-07
3.98107e-05 0.00794328 1.2259e-07
3.98107e-05 0.01 1.52157e-07
3.98107e-05 0.0125893 1.8001e-07
3.98107e-05 0.0158489 1.3666e-07
3.98107e-05 0.0199526 1.30646e-07
3.98107e-05 0.0251189 9.54911e-08
3.98107e-05 0.0316228 1.41546e-07
3.98107e-05 0.0398107 1.5377e-07
3.98107e-05 0.0501187 1.26881e-07
3.98107e-05 0.0630957 1.0496e-07
3.98107e-05 0.0794328 1.63013e-07
3.98107e-05 0.1 1.06394e-07
3.98107e-05 0.125893 1.11049e-07
3.98107e-05 0.158489 1.47448e-07
3.98107e-05 0.199526 8.77162e-08
3.98107e-05 0.251189 1.40506e-07
3.98107e-05 0.316228 1.1433e-07
3.98107e-05 0.398107 1.1917e-07
3.98107e-05 0.501187 1.21865e-07
3.98107e-05 0.630957 1.53005e-07
3.98107e-05 0.794328 1.79902e-07
3.98107e-05 1 1.92127e-07
3.98107e-05 1.25893 1.0864e-07
3.98107e-05 1.58489 1.39665e-07
3.98107e-05 1.99526 1.5736e-07
3.98107e-05 2.51189 9.45625e-08
3.98107e-05 3.16228 1.12796e-07
3.98107e-05 3.98107 1.32258e-07
3.98107e-05 5.01187 9.8989e-08
3.98107e-05 6.30957 1.69741e-07
3.98107e-05 7.94328 8.43867e-08
3.98107e-05 10 1.34726e-07
3.98107e-05 12.5893 9.75465e-08
3.98107e-05 15.8489 8.21559e-08
3.98107e-05 19.9526 1.29624e-07
3.98107e-05 25.1189 1.254e-07
3.98107e-05 31.6228 1.71574e-07
3.98107e-05 39.8107 1.83218e-07
3.98107e-05 50.1187 1.38094e-07
3.98107e-05 63.0957 1.28205e-07
3.98107e-05 79.4328 1.24134e-07
5.01187e-05 0.0001 1.79759e-08
5.01187e-05 0.000125893 1.94684e-08
5.01187e-05 0.000158489 2.1824e-08
5.01187e-05 0.000199526 2.55399e-08
5.01187e-05 0.000251189 3.14601e-08
5.01187e-05 0.000316228 4.10821e-08
5.01187e-05 0.000398107 5.69971e-08
5.01187e-05 0.000501187 8.31707e-08
5.01187e-05 0.000630957 1.24367e-07
5.01187e-05 0.000794328 1.83289e-07
5.01187e-05 0.001 2.50922e-07
5.01187e-05 0.00125893 2.84926e-07
5.01187e-05 0.00158489 2.17027e-07
5.01187e-05 0.00199526 7.53053e-08
5.01187e-05 0.00251189 1.1523e-08
5.01187e-05 0.00316228 4.85563e-08
5.01187e-05 0.00398107 2.58159e-07
5.01187e-05 0.00501187 4.31937e-07
5.01187e-05 0.00630957 2.50204e-07
5.01187e-05 0.00794328 1.94291e-07
5.01187e-05 0.01 2.41149e-07
5.01187e-05 0.0125893 2.85293e-07
5.01187e-05 0.0158489 2.16588e-07
5.01187e-05 0.0199526 2.07057e-07
5.01187e-05 0.0251189 1.51339e-07
5.01187e-05 0.0316228 2.24332e-07
5.01187e-05 0.0398107 2.43705e-07
5.01187e-05 0.0501187 2.01089e-07
5.01187e-05 0.0630957 1.66347e-07
5.01187e-05 0.0794328 2.58355e-07
5.01187e-05 0.1 1.68619e-07
5.01187e-05 0.125893 1.75998e-07
5.01187e-05 0.158489 2.33685e-07
5.01187e-05 0.199526 1.39017e-07
5.01187e-05 0.251189 2.22684e-07
5.01187e-05 0.316228 1.81196e-07
5.01187e-05 0.398107 1.88868e-07
5.01187e-05 0.501187 1.9314e-07
5.01187e-05 0.630957 2.42492e-07
5.01187e-05 0.794328 2.85122e-07
5.01187e-05 1 3.04496e-07
5.01187e-05 1.25893 1.72178e-07
5.01187e-05 1.58489 2.2135e-07
5.01187e-05 1.99526 2.49395e-07
5.01187e-05 2.51189 1.49867e-07
5.01187e-05 3.16228 1.78766e-07
5.01187e-05 3.98107 2.09611e-07
5.01187e-05 5.01187 1.56883e-07
5.01187e-05 6.30957 2.69016e-07
5.01187e-05 7.94328 1.33742e-07
5.01187e-05 10 2.13523e-07
5.01187e-05 12.5893 1.54597e-07
5.01187e-05 15.8489 1.30205e-07
5.01187e-05 19.9526 2.05436e-07
5.01187e-05 25.1189 1.98742e-07
5.01187e-05 31.6228 2.71922e-07
5.01187e-05 39.8107 2.90375e-07
5.01187e-05 50.1187 2.18859e-07
5.01187e-05 63.0957 2.03187e-07
5.01187e-05 79.4328 1.96735e-07
6.30957e-05 0.0001 2.8488e-08
6.30957e-05 0.000125893 3.08532e-08
6.30957e-05 0.000158489 3.45863e-08
6.30957e-05 0.000199526 4.04752e-08
6.30957e-05 0.000251189 4.98576e-08
6.30957e-05 0.000316228 6.51068e-08
6.30957e-05 0.000398107 9.03297e-08
6.30957e-05 0.000501187 1.31811e-07
6.30957e-05 0.000630957 1.97104e-07
6.30957e-05 0.000794328 2.90489e-07
6.30957e-05 0.001 3.97683e-07
6.30957e-05 0.00125893 4.51578e-07
6.30957e-05 0.00158489 3.43965e-07
6.30957e-05 0.00199526 1.1935e-07
6.30957e-05 0.00251189 1.82647e-08
6.30957e-05 0.00316228 7.69547e-08
6.30957e-05 0.00398107 4.09147e-07
6.30957e-05 0.00501187 6.84571e-07
6.30957e-05 0.00630957 3.9654e-07
6.30957e-05 0.00794328 3.07928e-07
6.30957e-05 0.01 3.82188e-07
6.30957e-05 0.0125893 4.52154e-07
6.30957e-05 0.0158489 3.43262e-07
6.30957e-05 0.0199526 3.28155e-07
6.30957e-05 0.0251189 2.39849e-07
6.30957e-05 0.0316228 3.55535e-07
6.30957e-05 0.0398107 3.86238e-07
6.30957e-05 0.0501187 3.18696e-07
6.30957e-05 0.0630957 2.63635e-07
6.30957e-05 0.0794328 4.09458e-07
6.30957e-05 0.1 2.67236e-07
6.30957e-05 0.125893 2.78933e-07
6.30957e-05 0.158489 3.70357e-07
6.30957e-05 0.199526 2.20321e-07
6.30957e-05 0.251189 3.52924e-07
6.30957e-05 0.316228 2.87169e-07
6.30957e-05 0.398107 2.99328e-07
6.30957e-05 0.501187 3.06099e-07
6.30957e-05 0.630957 3.84314e-07
6.30957e-05 0.794328 4.5188e-07
6.30957e-05 1 4.82585e-07
6.30957e-05 1.25893 2.72875e-07
6.30957e-05 1.58489 3.50807e-07
6.30957e-05 1.99526 3.95256e-07
6.30957e-05 2.51189 2.37514e-07
6.30957e-05 3.16228 2.83317e-07
6.30957e-05 3.98107 3.32203e-07
6.30957e-05 5.01187 2.48636e-07
6.30957e-05 6.30957 4.26353e-07
6.30957e-05 7.94328 2.11962e-07
6.30957e-05 10 3.38403e-07
6.30957e-05 12.5893 2.45012e-07
6.30957e-05 15.8489 2.06354e-07
6.30957e-05 19.9526 3.25585e-07
6.30957e-05 25.1189 3.14978e-07
6.30957e-05 31.6228 4.30959e-07
6.30957e-05 39.8107 4.60204e-07
6.30957e-05 50.1187 3.46859e-07
6.30957e-05 63.0957 3.22022e-07
6.30957e-05 79.4328 3.11796e-07
7.94328e-05 0.0001 4.51468e-08
7.94328e-05 0.000125893 4.8895e-08
7.94328e-05 0.000158489 5.48109e-08
7.94328e-05 0.000199526 6.41433e-08
7.94328e-05 0.000251189 7.90123e-08
7.94328e-05 0.000316228 1.03179e-07
7.94328e-05 0.000398107 1.43154e-07
7.94328e-05 0.000501187 2.08897e-07
7.94328e-05 0.000630957 3.12378e-07
7.94328e-05 0.000794328 4.60387e-07
7.94328e-05 0.001 6.30283e-07
7.94328e-05 0.00125893 7.15704e-07
7.94328e-05 0.00158489 5.45145e-07
7.94328e-05 0.00199526 1.89156e-07
7.94328e-05 0.00251189 2.89513e-08
7.94328e-05 0.00316228 1.21961e-07
7.94328e-05 0.00398107 6.48441e-07
7.94328e-05 0.00501187 1.08497e-06
7.94328e-05 0.00630957 6.28461e-07
7.94328e-05 0.00794328 4.88029e-07
7.94328e-05 0.01 6.05713e-07
7.94328e-05 0.0125893 7.16603e-07
7.94328e-05 0.0158489 5.44021e-07
7.94328e-05 0.0199526 5.20076e-07
7.94328e-05 0.0251189 3.8012e-07
7.94328e-05 0.0316228 5.63469e-07
7.94328e-05 0.0398107 6.12128e-07
7.94328e-05 0.0501187 5.05082e-07
7.94328e-05 0.0630957 4.17818e-07
7.94328e-05 0.0794328 6.48933e-07
7.94328e-05 0.1 4.23525e-07
7.94328e-05 0.125893 4.42068e-07
7.94328e-05 0.158489 5.86958e-07
7.94328e-05 0.199526 3.49172e-07
7.94328e-05 0.251189 5.59333e-07
7.94328e-05 0.316228 4.55115e-07
7.94328e-05 0.398107 4.74388e-07
7.94328e-05 0.501187 4.85121e-07
7.94328e-05 0.630957 6.09077e-07
7.94328e-05 0.794328 7.16165e-07
7.94328e-05 1 7.64827e-07
7.94328e-05 1.25893 4.32459e-07
7.94328e-05 1.58489 5.55972e-07
7.94328e-05 1.99526 6.26422e-07
7.94328e-05 2.51189 3.76417e-07
7.94328e-05 3.16228 4.4901e-07
7.94328e-05 3.98107 5.26489e-07
7.94328e-05 5.01187 3.94048e-07
7.94328e-05 6.30957 6.75704e-07
7.94328e-05 7.94328 3.35929e-07
7.94328e-05 10 5.36317e-07
7.94328e-05 12.5893 3.88303e-07
7.94328e-05 15.8489 3.27036e-07
7.94328e-05 19.9526 5.15999e-07
7.94328e-05 25.1189 4.99191e-07
7.94328e-05 31.6228 6.83007e-07
7.94328e-05 39.8107 7.29355e-07
7.94328e-05 50.1187 5.49716e-07
7.94328e-05 63.0957 5.10353e-07
7.94328e-05 79.4328 4.94146e-07
0.0001 0.0001 7.15456e-08
0.0001 0.000125893 7.74851e-08
0.0001 0.000158489 8.68599e-08
0.0001 0.000199526 1.01649e-07
0.0001 0.000251189 1.25213e-07
0.0001 0.000316228 1.63513e-07
0.0001 0.000398107 2.26865e-07
0.0001 0.000501187 3.31059e-07
0.0001 0.000630957 4.95065e-07
0.0001 0.000794328 7.29648e-07
0.0001 0.001 9.98925e-07
0.0001 0.00125893 1.13432e-06
0.0001 0.00158489 8.63994e-07
0.0001 0.00199526 2.9979e-07
0.0001 0.00251189 4.58922e-08
0.0001 0.00316228 1.93288e-07
0.0001 0.00398107 1.02768e-06
0.0001 0.00501187 1.71954e-06
0.0001 0.00630957 9.96017e-07
0.0001 0.00794328 7.73466e-07
0.0001 0.01 9.5996e-07
0.0001 0.0125893 1.13572e-06
0.0001 0.0158489 8.62189e-07
0.0001 0.0199526 8.24235e-07
0.0001 0.0251189 6.0242e-07
0.0001 0.0316228 8.93006e-07
0.0001 0.0398107 9.70125e-07
0.0001 0.0501187 8.00468e-07
0.0001 0.0630957 6.62167e-07
0.0001 0.0794328 1.02846e-06
0.0001 0.1 6.71211e-07
0.0001 0.125893 7.00609e-07
0.0001 0.158489 9.30229e-07
0.0001 0.199526 5.53373e-07
0.0001 0.251189 8.86455e-07
0.0001 0.316228 7.21276e-07
0.0001 0.398107 7.51825e-07
0.0001 0.501187 7.68839e-07
0.0001 0.630957 9.65283e-07
0.0001 0.794328 1.13501e-06
0.0001 1 1.21213e-06
0.0001 1.25893 6.85364e-07
0.0001 1.58489 8.81119e-07
0.0001 1.99526 9.92778e-07
0.0001 2.51189 5.96545e-07
0.0001 3.16228 7.116e-07
0.0001 3.98107 8.34394e-07
0.0001 5.01187 6.24496e-07
0.0001 6.30957 1.07088e-06
0.0001 7.94328 5.32394e-07
0.0001 10 8.49973e-07
0.0001 12.5893 6.15389e-07
0.0001 15.8489 5.1829e-07
0.0001 19.9526 8.17768e-07
0.0001 25.1189 7.91134e-07
0.0001 31.6228 1.08246e-06
0.0001 39.8107 1.15591e-06
0.0001 50.1187 8.71205e-07
0.0001 63.0957 8.08822e-07
0.0001 79.4328 7.83135e-07
0.000125893 0.0001 1.13378e-07
0.000125893 0.000125893 1.22789e-07
0.000125893 0.000158489 1.37645e-07
0.000125893 0.000199526 1.61081e-07
0.000125893 0.000251189 1.98422e-07
0.000125893 0.000316228 2.59118e-07
0.000125893 0.000398107 3.5952e-07
0.000125893 0.000501187 5.24652e-07
0.000125893 0.000630957 7.84585e-07
0.000125893 0.000794328 1.15638e-06
0.000125893 0.001 1.58318e-06
0.000125893 0.00125893 1.79778e-06
0.000125893 0.00158489 1.36933e-06
0.000125893 0.00199526 4.7513e-07
0.000125893 0.00251189 7.27491e-08
0.000125893 0.00316228 3.06326e-07
0.000125893 0.00398107 1.62871e-06
0.000125893 0.00501187 2.72527e-06
0.000125893 0.00630957 1.57853e-06
0.000125893 0.00794328 1.22585e-06
0.000125893 0.01 1.52137e-06
0.000125893 0.0125893 1.79994e-06
0.000125893 0.0158489 1.36643e-06
0.000125893 0.0199526 1.30627e-06
0.000125893 0.0251189 9.54712e-07
0.000125893 0.0316228 1.41526e-06
0.000125893 0.0398107 1.53748e-06
0.000125893 0.0501187 1.26859e-06
0.000125893 0.0630957 1.0494e-06
0.000125893 0.0794328 1.62994e-06
0.000125893 0.1 1.06374e-06
0.000125893 0.125893 1.11035e-06
0.000125893 0.158489 1.47424e-06
0.000125893 0.199526 8.76984e-07
0.000125893 0.251189 1.40488e-06
0.000125893 0.316228 1.14308e-06
0.000125893 0.398107 1.1915e-06
0.000125893 0.501187 1.21847e-06
0.000125893 0.630957 1.52979e-06
0.000125893 0.794328 1.79881e-06
0.000125893 1 1.92103e-06
0.000125893 1.25893 1.08615e-06
0.000125893 1.58489 1.3964e-06
0.000125893 1.99526 1.57338e-06
0.000125893 2.51189 9.4539e-07
0.000125893 3.16228 1.12774e-06
0.000125893 3.98107 1.32236e-06
0.000125893 5.01187 9.89704e-07
0.000125893 6.30957 1.69715e-06
0.000125893 7.94328 8.43753e-07
0.000125893 10 1.34705e-06
0.000125893 12.5893 9.75267e-07
0.000125893 15.8489 8.2138e-07
0.000125893 19.9526 1.296e-06
0.000125893 25.1189 1.2538e-06
0.000125893 31.6228 1.71551e-06
0.000125893 39.8107 1.83192e-06
0.000125893 50.1187 1.38069e-06
0.000125893 63.0957 1.28183e-06
0.000125893 79.4328 1.24112e-06
0.000158489 0.0001 1.79663e-07
0.000158489 0.000125893 1.94575e-07
0.000158489 0.000158489 2.18115e-07
0.000158489 0.000199526 2.55252e-07
0.000158489 0.000251189 3.14426e-07
0.000158489 0.000316228 4.10612e-07
0.000158489 0.000398107 5.69727e-07
0.000158489 0.000501187 8.31435e-07
0.000158489 0.000630957 1.2434e-06
0.000158489 0.000794328 1.83268e-06
0.000158489 0.001 2.50915e-06
0.000158489 0.00125893 2.8493e-06
0.000158489 0.00158489 2.17023e-06
0.000158489 0.00199526 7.53021e-07
0.000158489 0.00251189 1.15329e-07
0.000158489 0.00316228 4.85465e-07
0.000158489 0.00398107 2.58122e-06
0.000158489 0.00501187 4.31922e-06
0.000158489 0.00630957 2.5017e-06
0.000158489 0.00794328 1.9428e-06
0.000158489 0.01 2.4111e-06
0.000158489 0.0125893 2.85262e-06
0.000158489 0.0158489 2.16554e-06
0.000158489 0.0199526 2.07017e-06
0.000158489 0.0251189 1.513e-06
0.000158489 0.0316228 2.24291e-06
0.000158489 0.0398107 2.4366e-06
0.000158489 0.0501187 2.01045e-06
0.000158489 0.0630957 1.66307e-06
0.000158489 0.0794328 2.58317e-06
0.000158489 0.1 1.68578e-06
0.000158489 0.125893 1.7597e-06
0.000158489 0.158489 2.33637e-06
0.000158489 0.199526 1.38982e-06
0.000158489 0.251189 2.22648e-06
0.000158489 0.316228 1.81153e-06
0.000158489 0.398107 1.88829e-06
0.000158489 0.501187 1.93105e-06
0.000158489 0.630957 2.4244e-06
0.000158489 0.794328 2.8508e-06
0.000158489 1 3.04448e-06
0.000158489 1.25893 1.72129e-06
0.000158489 1.58489 2.213e-06
0.000158489 1.99526 2.4935e-06
0.000158489 2.51189 1.4982e-06
0.000158489 3.16228 1.78722e-06
0.000158489 3.98107 2.09566e-06
0.000158489 5.01187 1.56846e-06
0.000158489 6.30957 2.68965e-06
0.000158489 7.94328 1.33719e-06
0.000158489 10 2.13481e-06
0.000158489 12.5893 1.54558e-06
0.000158489 15.8489 1.30169e-06
0.000158489 19.9526 2.05388e-06
0.000158489 25.1189 1.98702e-06
0.000158489 31.6228 2.71877e-06
0.000158489 39.8107 2.90325e-06
0.000158489 50.1187 2.18811e-06
0.000158489 63.0957 2.03143e-06
0.000158489 79.4328 1.9669e-06
0.000199526 0.0001 2.84688e-07
0.000199526 0.000125893 3.08316e-07
0.000199526 0.000158489 3.45614e-07
0.000199526 0.000199526 4.04459e-07
0.000199526 0.000251189 4.98226e-07
0.000199526 0.000316228 6.50651e-07
0.000199526 0.000398107 9.02811e-07
0.000199526 0.000501187 1.31757e-06
0.000199526 0.000630957 1.97049e-06
0.000199526 0.000794328 2.90447e-06
0.000199526 0.001 3.97669e-06
0.000199526 0.00125893 4.51585e-06
0.000199526 0.00158489 3.43956e-06
0.000199526 0.00199526 1.19344e-06
0.000199526 0.00251189 1.82844e-07
0.000199526 0.00316228 7.69352e-07
0.000199526 0.00398107 4.09074e-06
0.000199526 0.00501187 6.84542e-06
0.000199526 0.00630957 3.96472e-06
0.000199526 0.00794328 3.07908e-06
0.000199526 0.01 3.82109e-06
0.000199526 0.0125893 4.5209e-06
0.000199526 0.0158489 3.43194e-06
0.000199526 0.0199526 3.28076e-06
0.000199526 0.0251189 2.3977e-06
0.000199526 0.0316228 3.55452e-06
0.000199526 0.0398107 3.86149e-06
0.000199526 0.0501187 3.18608e-06
0.000199526 0.0630957 2.63555e-06
0.000199526 0.0794328 4.09383e-06
0.000199526 0.1 2.67154e-06
0.000199526 0.125893 2.78877e-06
0.000199526 0.158489 3.7026e-06
0.000199526 0.199526 2.2025e-06
0.000199526 0.251189 3.52852e-06
0.000199526 0.316228 2.87082e-06
0.000199526 0.398107 2.99249e-06
0.000199526 0.501187 3.06029e-06
0.000199526 0.630957 3.84211e-06
0.000199526 0.794328 4.51796e-06
0.000199526 1 4.82488e-06
0.000199526 1.25893 2.72776e-06
0.000199526 1.58489 3.50707e-06
0.000199526 1.99526 3.95167e-06
0.000199526 2.51189 2.37421e-06
0.000199526 3.16228 2.8323e-06
0.000199526 3.98107 3.32112e-06
0.000199526 5.01187 2.48563e-06
0.000199526 6.30957 4.2625e-06
0.000199526 7.94328 2.11917e-06
0.000199526 10 3.3832e-06
0.000199526 12.5893 2.44933e-06
0.000199526 15.8489 2.06283e-06
0.000199526 19.9526 3.2549e-06
0.000199526 25.1189 3.14897e-06
0.000199526 31.6228 4.30868e-06
0.000199526 39.8107 4.60103e-06
0.000199526 50.1187 3.46763e-06
0.000199526 63.0957 3.21934e-06
0.000199526 79.4328 3.11706e-06
0.000251189 0.0001 4.51085e-07
0.000251189 0.000125893 4.88518e-07
0.000251189 0.000158489 5.47612e-07
0.000251189 0.000199526 6.40848e-07
0.000251189 0.000251189 7.89424e-07
0.000251189 0.000316228 1.03096e-06
0.000251189 0.000398107 1.43057e-06
0.000251189 0.000501187 2.08789e-06
0.000251189 0.000630957 3.12269e-06
0.000251189 0.000794328 4.60303e-06
0.000251189 0.001 6.30255e-06
0.000251189 0.00125893 7.15719e-06
0.000251189 0.00158489 5.45127e-06
0.000251189 0.00199526 1.89143e-06
0.000251189 0.00251189 2.89906e-07
0.000251189 0.00316228 1.21922e-06
0.000251189 0.00398107 6.48294e-06
0.000251189 0.00501187 1.08491e-05
0.000251189 0.00630957 6.28324e-06
0.000251189 0.00794328 4.87988e-06
0.000251189 0.01 6.05555e-06
0.000251189 0.0125893 7.16477e-06
0.000251189 0.0158489 5.43885e-06
0.000251189 0.0199526 5.19918e-06
0.000251189 0.0251189 3.79962e-06
0.000251189 0.0316228 5.63303e-06
0.000251189 0.0398107 6.11952e-06
0.000251189 0.0501187 5.04906e-06
0.000251189 0.0630957 4.17658e-06
0.000251189 0.0794328 6.48784e-06
0.000251189 0.1 4.23361e-06
0.000251189 0.125893 4.41957e-06
0.000251189 0.158489 5.86764e-06
0.000251189 0.199526 3.4903e-06
0.000251189 0.251189 5.59189e-06
0.000251189 0.316228 4.54942e-06
0.000251189 0.398107 4.74231e-06
0.000251189 0.501187 4.84982e-06
0.000251189 0.630957 6.08871e-06
0.000251189 0.794328 7.15998e-06
0.000251189 1 7.64633e-06
0.000251189 1.25893 4.32261e-06
0.000251189 1.58489 5.55772e-06
0.000251189 1.99526 6.26244e-06
0.000251189 2.51189 3.7623e-06
0.000251189 3.16228 4.48837e-06
0.000251189 3.98107 5.26308e-06
0.000251189 5.01187 3.93901e-06
0.000251189 6.30957 6.755e-06
0.000251189 7.94328 3.35838e-06
0.000251189 10 5.36151e-06
0.000251189 12.5893 3.88146e-06
0.000251189 15.8489 3.26894e-06
0.000251189 19.9526 5.15811e-06
0.000251189 25.1189 4.9903e-06
0.000251189 31.6228 6.82824e-06
0.000251189 39.8107 7.29153e-06
0.000251189 50.1187 5.49524e-06
0.000251189 63.0957 5.10178e-06
0.000251189 79.4328 4.93966e-06
0.000316228 0.0001 7.14691e-07
0.000316228 0.000125893 7.73991e-07
0.000316228 0.000158489 8.67607e-07
0.000316228 0.000199526 1.01532e-06
0.000316228 0.000251189 1.25073e-06
0.000316228 0.000316228 1.63347e-06
0.000316228 0.000398107 2.26671e-06
0.000316228 0.000501187 3.30843e-06
0.000316228 0.000630957 4.94848e-06
0.000316228 0.000794328 7.2948e-06
0.000316228 0.001 9.9887e-06
0.000316228 0.00125893 1.13435e-05
0.000316228 0.00158489 8.63958e-06
0.000316228 0.00199526 2.99764e-06
0.000316228 0.00251189 4.59707e-07
0.000316228 0.00316228 1.9321e-06
0.000316228 0.00398107 1.02739e-05
0.000316228 0.00501187 1.71943e-05
0.000316228 0.00630957 9.95745e-06
0.000316228 0.00794328 7.73385e-06
0.000316228 0.01 9.59646e-06
0.000316228 0.0125893 1.13546e-05
0.000316228 0.0158489 8.61918e-06
0.000316228 0.0199526 8.23921e-06
0.000316228 0.0251189 6.02104e-06
0.000316228 0.0316228 8.92677e-06
0.000316228 0.0398107 9.69772e-06
0.000316228 0.0501187 8.00117e-06
0.000316228 0.0630957 6.61848e-06
0.000316228 0.0794328 1.02816e-05
0.000316228 0.1 6.70884e-06
0.000316228 0.125893 7.00388e-06
0.000316228 0.158489 9.29842e-06
0.000316228 0.199526 5.53091e-06
0.000316228 0.251189 8.86169e-06
0.000316228 0.316228 7.2093e-06
0.000316228 0.398107 7.51512e-06
0.000316228 0.501187 7.68561e-06
0.000316228 0.630957 9.64872e-06
0.000316228 0.794328 1.13468e-05
0.000316228 1 1.21175e-05
0.000316228 1.25893 6.8497e-06
0.000316228 1.58489 8.8072e-06
0.000316228 1.99526 9.92423e-06
0.000316228 2.51189 5.96172e-06
0.000316228 3.16228 7.11255e-06
0.000316228 3.98107 8.34033e-06
0.000316228 5.01187 6.24202e-06
0.000316228 6.30957 1.07047e-05
0.000316228 7.94328 5.32213e-06
0.000316228 10 8.49642e-06
0.000316228 12.5893 6.15076e-06
0.000316228 15.8489 5.18006e-06
0.000316228 19.9526 8.17391e-06
0.000316228 25.1189 7.90813e-06
0.000316228 31.6228 1.08209e-05
0.000316228 39.8107 1.15551e-05
0.000316228 50.1187 8.7082e-06
0.000316228 63.0957 8.08472e-06
0.000316228 79.4328 7.82776e-06
0.000398107 0.0001 1.13225e-06
0.000398107 0.000125893 1.22618e-06
0.000398107 0.000158489 1.37447e-06
0.000398107 0.000199526 1.60848e-06
0.000398107 0.000251189 1.98144e-06
0.000398107 0.000316228 2.58787e-06
0.000398107 0.000398107 3.59133e-06
0.000398107 0.000501187 5.2422e-06
0.000398107 0.000630957 7.84151e-06
0.000398107 0.000794328 1.15605e-05
0.000398107 0.001 1.58307e-05
0.000398107 0.00125893 1.79784e-05
0.000398107 0.00158489 1.36926e-05
0.000398107 0.00199526 4.75078e-06
0.000398107 0.00251189 7.29057e-07
0.000398107 0.00316228 3.06171e-06
0.000398107 0.00398107 1.62813e-05
0.000398107 0.00501187 2.72505e-05
0.000398107 0.00630957 1.57799e-05
0.000398107 0.00794328 1.22568e-05
0.000398107 0.01 1.52075e-05
0.000398107 0.0125893 1.79944e-05
0.000398107 0.0158489 1.36589e-05
0.000398107 0.0199526 1.30564e-05
0.000398107 0.0251189 9.54082e-06
0.000398107 0.0316228 1.4146e-05
0.000398107 0.0398107 1.53677e-05
0.000398107 0.0501187 1.26789e-05
0.000398107 0.0630957 1.04877e-05
0.000398107 0.0794328 1.62935e-05
0.000398107 0.1 1.06308e-05
0.000398107 0.125893 1.10991e-05
0.000398107 0.158489 1.47347e-05
0.000398107 0.199526 8.7642e-06
0.000398107 0.251189 1.40431e-05
0.000398107 0.316228 1.14239e-05
0.000398107 0.398107 1.19088e-05
0.000398107 0.501187 1.21792e-05
0.000398107 0.630957 1.52897e-05
0.000398107 0.794328 1.79815e-05
0.000398107 1 1.92026e-05
0.000398107 1.25893 1.08537e-05
0.000398107 1.58489 1.39561e-05
0.000398107 1.99526 1.57267e-05
0.000398107 2.51189 9.44645e-06
0.000398107 3.16228 1.12706e-05
0.000398107 3.98107 1.32164e-05
0.000398107 5.01187 9.89118e-06
0.000398107 6.30957 1.69634e-05
0.000398107 7.94328 8.43392e-06
0.000398107 10 1.34639e-05
0.000398107 12.5893 9.74641e-06
0.000398107 15.8489 8.20814e-06
0.000398107 19.9526 1.29525e-05
0.000398107 25.1189 1.25316e-05
0.000398107 31.6228 1.71478e-05
0.000398107 39.8107 1.83111e-05
0.000398107 50.1187 1.37993e-05
0.000398107 63.0957 1.28113e-05
0.000398107 79.4328 1.2404e-05
0.000501187 0.0001 1.79358e-06
0.000501187 0.000125893 1.94233e-06
0.000501187 0.000158489 2.1772e-06
0.000501187 0.000199526 2.54786e-06
0.000501187 0.000251189 3.13871e-06
0.000501187 0.000316228 4.09951e-06
0.000501187 0.000398107 5.68956e-06
0.000501187 0.000501187 8.30574e-06
0.000501187 0.000630957 1.24254e-05
0.000501187 0.000794328 1.83201e-05
0.000501187 0.001 2.50893e-05
0.000501187 0.00125893 2.84942e-05
0.000501187 0.00158489 2.17009e-05
0.000501187 0.00199526 7.52917e-06
0.000501187 0.00251189 1.15642e-06
0.000501187 0.00316228 4.85155e-06
0.000501187 0.00398107 2.58006e-05
0.000501187 0.00501187 4.31877e-05
0.000501187 0.00630957 2.50061e-05
0.000501187 0.00794328 1.94248e-05
0.000501187 0.01 2.40985e-05
0.000501187 0.0125893 2.85161e-05
0.000501187 0.0158489 2.16446e-05
0.000501187 0.0199526 2.06892e-05
0.000501187 0.0251189 1.51174e-05
0.000501187 0.0316228 2.24159e-05
0.000501187 0.0398107 2.4352e-05
0.000501187 0.0501187 2.00905e-05
0.000501187 0.0630957 1.6618e-05
0.000501187 0.0794328 2.58199e-05
0.000501187 0.1 1.68448e-05
0.000501187 0.125893 1.75882e-05
0.000501187 0.158489 2.33483e-05
0.000501187 0.199526 1.38869e-05
0.000501187 0.251189 2.22534e-05
0.000501187 0.316228 1.81015e-05
0.000501187 0.398107 1.88704e-05
0.000501187 0.501187 1.92994e-05
0.000501187 0.630957 2.42277e-05
0.000501187 0.794328 2.84947e-05
0.000501187 1 3.04294e-05
0.000501187 1.25893 1.71972e-05
0.000501187 1.58489 2.21141e-05
0.000501187 1.99526 2.49209e-05
0.000501187 2.51189 1.49671e-05
0.000501187 3.16228 1.78585e-05
0.000501187 3.98107 2.09422e-05
0.000501187 5.01187 1.56729e-05
0.000501187 6.30957 2.68803e-05
0.000501187 7.94328 1.33647e-05
0.000501187 10 2.13349e-05
0.000501187 12.5893 1.54433e-05
0.000501187 15.8489 1.30056e-05
0.000501187 19.9526 2.05239e-05
0.000501187 25.1189 1.98574e-05
0.000501187 31.6228 2.71731e-05
0.000501187 39.8107 2.90164e-05
0.000501187 50.1187 2.18658e-05
0.000501187 63.0957 2.03004e-05
0.000501187 79.4328 1.96547e-05
0.000630957 0.0001 2.8408e-06
0.000630957 0.000125893 3.07632e-06
0.000630957 0.000158489 3.44825e-06
0.000630957 0.000199526 4.0353e-06
0.000630957 0.000251189 4.97118e-06
0.000630957 0.000316228 6.49332e-06
0.000630957 0.000398107 9.0127e-06
0.000630957 0.000501187 1.31585e-05
0.000630957 0.000630957 1.96877e-05
0.000630957 0.000794328 2.90314e-05
0.000630957 0.001 3.97625e-05
0.000630957 0.00125893 4.5161e-05
0.000630957 0.00158489 3.43927e-05
0.000630957 0.00199526 1.19323e-05
0.000630957 0.00251189 1.83468e-06
0.000630957 0.00316228 7.68733e-06
0.000630957 0.00398107 4.08841e-05
0.000630957 0.00501187 6.84452e-05
0.000630957 0.00630957 3.96256e-05
0.000630957 0.00794328 3.07843e-05
0.000630957 0.01 3.8186e-05
0.000630957 0.0125893 4.5189e-05
0.000630957 0.0158489 3.42979e-05
0.000630957 0.0199526 3.27826e-05
0.000630957 0.0251189 2.39519e-05
0.000630957 0.0316228 3.5519e-05
0.000630957 0.0398107 3.85869e-05
0.000630957 0.0501187 3.18329e-05
0.000630957 0.0630957 2.63301e-05
0.000630957 0.0794328 4.09147e-05
0.000630957 0.1 2.66895e-05
0.000630957 0.125893 2.78701e-05
0.000630957 0.158489 3.69952e-05
0.000630957 0.199526 2.20026e-05
0.000630957 0.251189 3.52624e-05
0.000630957 0.316228 2.86806e-05
0.000630957 0.398107 2.99001e-05
0.000630957 0.501187 3.05808e-05
0.000630957 0.630957 3.83884e-05
0.000630957 0.794328 4.5153e-05
0.000630957 1 4.82181e-05
0.000630957 1.25893 2.72463e-05
0.000630957 1.58489 3.5039e-05
0.000630957 1.99526 3.94885e-05
0.000630957 2.51189 2.37124e-05
0.000630957 3.16228 2.82956e-05
0.000630957 3.98107 3.31825e-05
0.000630957 5.01187 2.48329e-05
0.000630957 6.30957 4.25927e-05
0.000630957 7.94328 2.11773e-05
0.000630957 10 3.38057e-05
0.000630957 12.5893 2.44684e-05
0.000630957 15.8489 2.06058e-05
0.000630957 19.9526 3.25191e-05
0.000630957 25.1189 3.14642e-05
0.000630957 31.6228 4.30578e-05
0.000630957 39.8107 4.59782e-05
0.000630957 50.1187 3.46457e-05
0.000630957 63.0957 3.21656e-05
0.000630957 79.4328 3.11421e-05
0.000794328 0.0001 4.49871e-06
0.000794328 0.000125893 4.87153e-06
0.000794328 0.000158489 5.46038e-06
0.000794328 0.000199526 6.38994e-06
0.000794328 0.000251189 7.87214e-06
0.000794328 0.000316228 1.02833e-05
0.000794328 0.000398107 1.42749e-05
0.000794328 0.000501187 2.08446e-05
0.000794328 0.000630957 3.11925e-05
0.000794328 0.000794328 4.60036e-05
0.000794328 0.001 6.30167e-05
0.000794328 0.00125893 7.15769e-05
0.000794328 0.00158489 5.4507e-05
0.000794328 0.00199526 1.89102e-05
0.000794328 0.00251189 2.91151e-06
0.000794328 0.00316228 1.21799e-05
0.000794328 0.00398107 6.4783e-05
0.000794328 0.00501187 0.000108473
0.000794328 0.00630957 6.27893e-05
0.000794328 0.00794328 4.87859e-05
0.000794328 0.01 6.05057e-05
0.000794328 0.0125893 7.16076e-05
0.000794328 0.0158489 5.43456e-05
0.000794328 0.0199526 5.19419e-05
0.000794328 0.0251189 3.79462e-05
0.000794328 0.0316228 5.62781e-05
0.000794328 0.0398107 6.11393e-05
0.000794328 0.0501187 5.04349e-05
0.000794328 0.0630957 4.17153e-05
0.000794328 0.0794328 6.48312e-05
0.000794328 0.1 4.22844e-05
0.000794328 0.125893 4.41606e-05
0.000794328 0.158489 5.8615e-05
0.000794328 0.199526 3.48582e-05
0.000794328 0.251189 5.58735e-05
0.000794328 0.316228 4.54392e-05
0.000794328 0.398107 4.73736e-05
0.000794328 0.501187 4.84541e-05
0.000794328 0.630957 6.08219e-05
0.000794328 0.794328 7.15468e-05
0.000794328 1 7.6402e-05
0.000794328 1.25893 4.31636e-05
0.000794328 1.58489 5.5514e-05
0.000794328 1.99526 6.25681e-05
0.000794328 2.51189 3.75638e-05
0.000794328 3.16228 4.4829e-05
0.000794328 3.98107 5.25734e-05
0.000794328 5.01187 3.93435e-05
0.000794328 6.30957 6.74855e-05
0.000794328 7.94328 3.35551e-05
0.000794328 10 5.35626e-05
0.000794328 12.5893 3.87649e-05
0.000794328 15.8489 3.26444e-05
0.000794328 19.9526 5.15214e-05
0.000794328 25.1189 4.98522e-05
0.000794328 31.6228 6.82246e-05
0.000794328 39.8107 7.28512e-05
0.000794328 50.1187 5.48914e-05
0.000794328 63.0957 5.09623e-05
0.000794328 79.4328 4.93397e-05
0.001 0.0001 7.12268e-06
0.001 0.000125893 7.71266e-06
0.001 0.000158489 8.64466e-06
0.001 0.000199526 1.01162e-05
0.001 0.000251189 1.24632e-05
0.001 0.000316228 1.62821e-05
0.001 0.000398107 2.26057e-05
0.001 0.000501187 3.30158e-05
0.001 0.000630957 4.9416e-05
0.001 0.000794328 7.28948e-05
0.001 0.001 9.98694e-05
0.001 0.00125893 0.000113445
0.001 0.00158489 8.63844e-05
0.001 0.00199526 2.99682e-05
0.001 0.00251189 4.62192e-06
0.001 0.00316228 1.92964e-05
0.001 0.00398107 0.000102646
0.001 0.00501187 0.000171907
0.001 0.00630957 9.94884e-05
0.001 0.00794328 7.73128e-05
0.001 0.01 9.5865e-05
0.001 0.0125893 0.000113466
0.001 0.0158489 8.61062e-05
0.001 0.0199526 8.22925e-05
0.001 0.0251189 6.01106e-05
0.001 0.0316228 8.91634e-05
0.001 0.0398107 9.68656e-05
0.001 0.0501187 7.99006e-05
0.001 0.0630957 6.60839e-05
0.001 0.0794328 0.000102722
0.001 0.1 6.69852e-05
0.001 0.125893 6.99688e-05
0.001 0.158489 9.28617e-05
0.001 0.199526 5.52197e-05
0.001 0.251189 8.85263e-05
0.001 0.316228 7.19834e-05
0.001 0.398107 7.50524e-05
0.001 0.501187 7.67681e-05
0.001 0.630957 9.63571e-05
0.001 0.794328 0.000113362
0.001 1 0.000121052
0.001 1.25893 6.83721e-05
0.001 1.58489 8.79457e-05
0.001 1.99526 9.91299e-05
0.001 2.51189 5.94992e-05
0.001 3.16228 7.10163e-05
0.001 3.98107 8.32889e-05
0.001 5.01187 6.23273e-05
0.001 6.30957 0.000106919
0.001 7.94328 5.31641e-05
0.001 10 8.48596e-05
0.001 12.5893 6.14084e-05
0.001 15.8489 5.17109e-05
0.001 19.9526 8.162e-05
0.001 25.1189 7.89798e-05
0.001 31.6228 0.000108094
0.001 39.8107 0.000115423
0.001 50.1187 8.69603e-05
0.001 63.0957 8.07366e-05
0.001 79.4328 7.8164e-05
0.00125893 0.0001 1.12741e-05
0.00125893 0.000125893 1.22074e-05
0.00125893 0.000158489 1.3682e-05
0.00125893 0.000199526 1.60109e-05
0.00125893 0.000251189 1.97264e-05
0.00125893 0.000316228 2.57739e-05
0.00125893 0.000398107 3.57908e-05
0.00125893 0.000501187 5.22853e-05
0.00125893 0.000630957 7.82777e-05
0.00125893 0.000794328 0.000115499
0.00125893 0.001 0.000158272
0.00125893 0.00125893 0.000179804
0.00125893 0.00158489 0.000136903
0.00125893 0.00199526 4.74914e-05
0.00125893 0.00251189 7.34017e-06
0.00125893 0.00316228 3.05681e-05
0.00125893 0.00398107 0.000162628
0.00125893 0.00501187 0.000272433
0.00125893 0.00630957 0.000157627
0.00125893 0.00794328 0.000122517
0.00125893 0.01 0.000151876
0.00125893 0.0125893 0.000179784
0.00125893 0.0158489 0.000136418
0.00125893 0.0199526 0.000130365
0.00125893 0.0251189 9.52089e-05
0.00125893 0.0316228 0.000141252
0.00125893 0.0398107 0.000153455
0.00125893 0.0501187 0.000126567
0.00125893 0.0630957 0.000104675
0.00125893 0.0794328 0.000162747
0.00125893 0.1 0.000106102
0.00125893 0.125893 0.000110851
0.00125893 0.158489 0.000147102
0.00125893 0.199526 8.74637e-05
0.00125893 0.251189 0.00014025
0.00125893 0.316228 0.00011402
0.00125893 0.398107 0.000118891
0.00125893 0.501187 0.000121616
0.00125893 0.630957 0.000152638
0.00125893 0.794328 0.000179604
0.00125893 1 0.000191781
0.00125893 1.25893 0.000108288
0.00125893 1.58489 0.000139309
0.00125893 1.99526 0.000157043
0.00125893 2.51189 9.4229e-05
0.00125893 3.16228 0.000112488
0.00125893 3.98107 0.000131935
0.00125893 5.01187 9.87264e-05
0.00125893 6.30957 0.000169377
0.00125893 7.94328 8.42252e-05
0.00125893 10 0.000134431
0.00125893 12.5893 9.72663e-05
0.00125893 15.8489 8.19025e-05
0.00125893 19.9526 0.000129288
0.00125893 25.1189 0.000125114
0.00125893 31.6228 0.000171248
0.00125893 39.8107 0.000182856
0.00125893 50.1187 0.00013775
0.00125893 63.0957 0.000127892
0.00125893 79.4328 0.000123813
0.00158489 0.0001 1.78392e-05
0.00158489 0.000125893 1.93147e-05
0.00158489 0.000158489 2.16468e-05
0.00158489 0.000199526 2.53312e-05
0.00158489 0.000251189 3.12113e-05
0.00158489 0.000316228 4.07858e-05
0.00158489 0.000398107 5.66509e-05
0.00158489 0.000501187 8.27844e-05
0.00158489 0.000630957 0.000123979
0.00158489 0.000794328 0.000182989
0.00158489 0.001 0.000250822
0.00158489 0.00125893 0.000284981
0.00158489 0.00158489 0.000216963
0.00158489 0.00199526 7.5259e-05
0.00158489 0.00251189 1.16632e-05
0.00158489 0.00316228 4.84178e-05
0.00158489 0.00398107 0.000257636
0.00158489 0.00501187 0.000431733
0.00158489 0.00630957 0.000249718
0.00158489 0.00794328 0.000194146
0.00158489 0.01 0.000240588
0.00158489 0.0125893 0.000284843
0.00158489 0.0158489 0.000216105
0.00158489 0.0199526 0.000206495
0.00158489 0.0251189 0.000150776
0.00158489 0.0316228 0.000223744
0.00158489 0.0398107 0.000243076
0.00158489 0.0501187 0.000200462
0.00158489 0.0630957 0.000165778
0.00158489 0.0794328 0.000257825
0.00158489 0.1 0.000168037
0.00158489 0.125893 0.000175604
0.00158489 0.158489 0.000232994
0.00158489 0.199526 0.000138514
0.00158489 0.251189 0.000222174
0.00158489 0.316228 0.000180579
0.00158489 0.398107 0.000188311
0.00158489 0.501187 0.000192644
0.00158489 0.630957 0.000241758
0.00158489 0.794328 0.000284526
0.00158489 1 0.000303806
0.00158489 1.25893 0.000171475
0.00158489 1.58489 0.000220638
0.00158489 1.99526 0.000248761
0.00158489 2.51189 0.000149202
0.00158489 3.16228 0.00017815
0.00158489 3.98107 0.000208966
0.00158489 5.01187 0.00015636
0.00158489 6.30957 0.00026829
0.00158489 7.94328 0.00013342
0.00158489 10 0.000212933
0.00158489 12.5893 0.000154038
0.00158489 15.8489 0.000129699
0.00158489 19.9526 0.000204764
0.00158489 25.1189 0.00019817
0.00158489 31.6228 0.000271271
0.00158489 39.8107 0.000289654
0.00158489 50.1187 0.000218172
0.00158489 63.0957 0.000202563
0.00158489 79.4328 0.000196095
0.00199526 0.0001 2.8215e-05
0.00199526 0.000125893 3.05463e-05
0.00199526 0.000158489 3.42326e-05
0.00199526 0.000199526 4.00586e-05
0.00199526 0.000251189 4.93608e-05
0.00199526 0.000316228 6.45152e-05
0.00199526 0.000398107 8.96385e-05
0.00199526 0.000501187 0.00013104
0.00199526 0.000630957 0.000196328
0.00199526 0.000794328 0.00028989
0.00199526 0.001 0.000397484
0.00199526 0.00125893 0.000451689
0.00199526 0.00158489 0.000343836
0.00199526 0.00199526 0.000119258
0.00199526 0.00251189 1.85444e-05
0.00199526 0.00316228 7.66785e-05
0.00199526 0.00398107 0.000408104
0.00199526 0.00501187 0.000684163
0.00199526 0.00630957 0.000395571
0.00199526 0.00794328 0.000307638
0.00199526 0.01 0.000381067
0.00199526 0.0125893 0.000451254
0.00199526 0.0158489 0.000342298
0.00199526 0.0199526 0.000327035
0.00199526 0.0251189 0.000238726
0.00199526 0.0316228 0.000354362
0.00199526 0.0398107 0.000384982
0.00199526 0.0501187 0.000317446
0.00199526 0.0630957 0.0002625
0.00199526 0.0794328 0.0004084
0.00199526 0.1 0.000266075
0.00199526 0.125893 0.000278146
0.00199526 0.158489 0.000368978
0.00199526 0.199526 0.000219316
0.00199526 0.251189 0.000351905
0.00199526 0.316228 0.000285936
0.00199526 0.398107 0.000298216
0.00199526 0.501187 0.00030511
0.00199526 0.630957 0.000382849
0.00199526 0.794328 0.00045069
0.00199526 1 0.000481208
0.00199526 1.25893 0.00027147
0.00199526 1.58489 0.000349386
0.00199526 1.99526 0.000393991
0.00199526 2.51189 0.000236186
0.00199526 3.16228 0.000282088
0.00199526 3.98107 0.000330916
0.00199526 5.01187 0.000247591
0.00199526 6.30957 0.000424903
0.00199526 7.94328 0.00021132
0.00199526 10 0.000337226
0.00199526 12.5893 0.000243897
0.00199526 15.8489 0.000205346
0.00199526 19.9526 0.000324244
0.00199526 25.1189 0.000313836
0.00199526 31.6228 0.00042966
0.00199526 39.8107 0.000458764
0.00199526 50.1187 0.000345488
0.00199526 63.0957 0.000320776
0.00199526 79.4328 0.000310517
0.00251189 0.0001 4.46015e-05
0.00251189 0.000125893 4.82821e-05
0.00251189 0.000158489 5.41045e-05
0.00251189 0.000199526 6.33116e-05
0.00251189 0.000251189 7.80205e-05
0.00251189 0.000316228 0.000101998
0.00251189 0.000398107 0.000141773
0.00251189 0.000501187 0.000207356
0.00251189 0.000630957 0.000310829
0.00251189 0.000794328 0.000459189
0.00251189 0.001 0.000629885
0.00251189 0.00125893 0.000715925
0.00251189 0.00158489 0.000544889
0.00251189 0.00199526 0.000188972
0.00251189 0.00251189 2.95098e-05
0.00251189 0.00316228 0.000121411
0.00251189 0.00398107 0.000646356
0.00251189 0.00501187 0.00108415
0.00251189 0.00630957 0.000626525
0.00251189 0.00794328 0.000487451
0.00251189 0.01 0.000603474
0.00251189 0.0125893 0.000714807
0.00251189 0.0158489 0.000542098
0.00251189 0.0199526 0.000517841
0.00251189 0.0251189 0.000377879
0.00251189 0.0316228 0.000561128
0.00251189 0.0398107 0.000609623
0.00251189 0.0501187 0.000502587
0.00251189 0.0630957 0.000415554
0.00251189 0.0794328 0.000646821
0.00251189 0.1 0.000421208
0.00251189 0.125893 0.000440499
0.00251189 0.158489 0.000584205
0.00251189 0.199526 0.000347167
0.00251189 0.251189 0.000557301
0.00251189 0.316228 0.000452655
0.00251189 0.398107 0.00047217
0.00251189 0.501187 0.000483148
0.00251189 0.630957 0.000606153
0.00251189 0.794328 0.000713792
0.00251189 1 0.000762078
0.00251189 1.25893 0.000429655
0.00251189 1.58489 0.000553136
0.00251189 1.99526 0.000623897
0.00251189 2.51189 0.000373767
0.00251189 3.16228 0.000446559
0.00251189 3.98107 0.000523921
0.00251189 5.01187 0.000391963
0.00251189 6.30957 0.000672809
0.00251189 7.94328 0.000334648
0.00251189 10 0.000533968
0.00251189 12.5893 0.000386078
0.00251189 15.8489 0.000325024
0.00251189 19.9526 0.000513323
0.00251189 25.1189 0.000496913
0.00251189 31.6228 0.000680412
0.00251189 39.8107 0.00072648
0.00251189 50.1187 0.000546979
0.00251189 63.0957 0.000507867
0.00251189 79.4328 0.000491593
0.00316228 0.0001 7.04562e-05
0.00316228 0.000125893 7.6261e-05
0.00316228 0.000158489 8.54493e-05
0.00316228 0.000199526 9.99883e-05
0.00316228 0.000251189 0.000123232
0.00316228 0.000316228 0.000161154
0.00316228 0.000398107 0.000224108
0.00316228 0.000501187 0.000327979
0.00316228 0.000630957 0.000491968
0.00316228 0.000794328 0.000727253
0.00316228 0.001 0.000998128
0.00316228 0.00125893 0.00113476
0.00316228 0.00158489 0.00086348
0.00316228 0.00199526 0.000299421
0.00316228 0.00251189 4.70074e-05
0.00316228 0.00316228 0.000192191
0.00316228 0.00398107 0.00102352
0.00316228 0.00501187 0.00171791
0.00316228 0.00630957 0.000992153
0.00316228 0.00794328 0.000772313
0.00316228 0.01 0.00095549
0.00316228 0.0125893 0.00113213
0.00316228 0.0158489 0.000858352
0.00316228 0.0199526 0.000819774
0.00316228 0.0251189 0.000597949
0.00316228 0.0316228 0.000888334
0.00316228 0.0398107 0.000965123
0.00316228 0.0501187 0.000795488
0.00316228 0.0630957 0.000657649
0.00316228 0.0794328 0.00102425
0.00316228 0.1 0.000666588
0.00316228 0.125893 0.00069748
0.00316228 0.158489 0.000924732
0.00316228 0.199526 0.000549374
0.00316228 0.251189 0.000882402
0.00316228 0.316228 0.000716368
0.00316228 0.398107 0.0007474
0.00316228 0.501187 0.000764903
0.00316228 0.630957 0.000959445
0.00316228 0.794328 0.00113028
0.00316228 1 0.00120664
0.00316228 1.25893 0.000679765
0.00316228 1.58489 0.000875456
0.00316228 1.99526 0.000987739
0.00316228 2.51189 0.000591258
0.00316228 3.16228 0.000706709
0.00316228 3.98107 0.000829269
0.00316228 5.01187 0.000620338
0.00316228 6.30957 0.0010651
0.00316228 7.94328 0.000529842
0.00316228 10 0.000845287
0.00316228 12.5893 0.000610949
0.00316228 15.8489 0.000514277
0.00316228 19.9526 0.000812426
0.00316228 25.1189 0.000786589
0.00316228 31.6228 0.00107728
0.00316228 39.8107 0.00115017
0.00316228 50.1187 0.00086574
0.00316228 63.0957 0.00080386
0.00316228 79.4328 0.000778038
0.00398107 0.0001 0.0001112
0.00398107 0.000125893 0.000120343
0.00398107 0.000158489 0.000134827
0.00398107 0.000199526 0.000157764
0.00398107 0.000251189 0.000194467
0.00398107 0.000316228 0.000254407
0.00398107 0.000398107 0.000354011
0.00398107 0.000501187 0.000518497
0.00398107 0.000630957 0.000778391
0.00398107 0.000794328 0.00115159
0.00398107 0.001 0.00158158
0.00398107 0.00125893 0.00179865
0.00398107 0.00158489 0.0013683
0.00398107 0.00199526 0.000474394
0.00398107 0.00251189 7.49762e-05
0.00398107 0.00316228 0.000304142
0.00398107 0.00398107 0.00162039
0.00398107 0.00501187 0.00272199
0.00398107 0.00630957 0.00157081
0.00398107 0.00794328 0.00122354
0.00398107 0.01 0.00151244
0.00398107 0.0125893 0.00179278
0.00398107 0.0158489 0.00135877
0.00398107 0.0199526 0.00129736
0.00398107 0.0251189 0.000945792
0.00398107 0.0316228 0.00140593
0.00398107 0.0398107 0.00152749
0.00398107 0.0501187 0.00125865
0.00398107 0.0630957 0.00104039
0.00398107 0.0794328 0.00162153
0.00398107 0.1 0.00105451
0.00398107 0.125893 0.00110411
0.00398107 0.158489 0.00146326
0.00398107 0.199526 0.000869007
0.00398107 0.251189 0.0013968
0.00398107 0.316228 0.00113328
0.00398107 0.398107 0.00118267
0.00398107 0.501187 0.00121062
0.00398107 0.630957 0.00151813
0.00398107 0.794328 0.00178936
0.00398107 1 0.00191007
0.00398107 1.25893 0.00107497
0.00398107 1.58489 0.0013851
0.00398107 1.99526 0.00156332
0.00398107 2.51189 0.000934838
0.00398107 3.16228 0.00111798
0.00398107 3.98107 0.00131213
0.00398107 5.01187 0.000981409
0.00398107 6.30957 0.00168561
0.00398107 7.94328 0.00083867
0.00398107 10 0.0013377
0.00398107 12.5893 0.000966409
0.00398107 15.8489 0.000813378
0.00398107 19.9526 0.00128534
0.00398107 25.1189 0.00124473
0.00398107 31.6228 0.00170516
0.00398107 39.8107 0.00182045
0.00398107 50.1187 0.00136978
0.00398107 63.0957 0.00127192
0.00398107 79.4328 0.00123094
0.00501187 0.0001 0.00017531
0.00501187 0.000125893 0.000189687
0.00501187 0.000158489 0.000212484
0.00501187 0.000199526 0.000248624
0.00501187 0.000251189 0.000306524
0.00501187 0.000316228 0.000401199
0.00501187 0.000398107 0.000558718
0.00501187 0.000501187 0.000819127
0.00501187 0.000630957 0.00123101
0.00501187 0.000794328 0.00182309
0.00501187 0.001 0.00250595
0.00501187 0.00125893 0.00285104
0.00501187 0.00158489 0.00216817
0.00501187 0.00199526 0.000751552
0.00501187 0.00251189 0.000119778
0.00501187 0.00316228 0.000481115
0.00501187 0.00398107 0.00256458
0.00501187 0.00501187 0.00431262
0.00501187 0.00630957 0.00248628
0.00501187 0.00794328 0.00193821
0.00501187 0.01 0.00239325
0.00501187 0.0125893 0.00283831
0.00501187 0.0158489 0.00215026
0.00501187 0.0199526 0.0020524
0.00501187 0.0251189 0.0014952
0.00501187 0.0316228 0.0022243
0.00501187 0.0398107 0.00241667
0.00501187 0.0501187 0.00199061
0.00501187 0.0630957 0.00164509
0.00501187 0.0794328 0.00256638
0.00501187 0.1 0.00166738
0.00501187 0.125893 0.00174726
0.00501187 0.158489 0.00231444
0.00501187 0.199526 0.00137391
0.00501187 0.251189 0.00221035
0.00501187 0.316228 0.00179198
0.00501187 0.398107 0.00187067
0.00501187 0.501187 0.00191539
0.00501187 0.630957 0.00240111
0.00501187 0.794328 0.00283192
0.00501187 1 0.00302259
0.00501187 1.25893 0.00169896
0.00501187 1.58489 0.00219042
0.00501187 1.99526 0.00247342
0.00501187 2.51189 0.00147714
0.00501187 3.16228 0.00176774
0.00501187 3.98107 0.00207524
0.00501187 5.01187 0.00155192
0.00501187 6.30957 0.00266659
0.00501187 7.94328 0.00132707
0.00501187 10 0.00211615
0.00501187 12.5893 0.0015279
0.00501187 15.8489 0.00128573
0.00501187 19.9526 0.00203259
0.00501187 25.1189 0.00196893
0.00501187 31.6228 0.00269809
0.00501187 39.8107 0.00288033
0.00501187 50.1187 0.0021663
0.00501187 63.0957 0.00201166
0.00501187 79.4328 0.00194658
0.00630957 0.0001 0.000275981
0.00630957 0.000125893 0.00029854
0.00630957 0.000158489 0.000334357
0.00630957 0.000199526 0.000391213
0.00630957 0.000251189 0.000482436
0.00630957 0.000316228 0.000631838
0.00630957 0.000398107 0.000880796
0.00630957 0.000501187 0.00129294
0.00630957 0.000630957 0.00194568
0.00630957 0.000794328 0.00288527
0.00630957 0.001 0.00397026
0.00630957 0.00125893 0.00451933
0.00630957 0.00158489 0.00343541
0.00630957 0.00199526 0.0011905
0.00630957 0.00251189 0.000191733
0.00630957 0.00316228 0.000760697
0.00630957 0.00398107 0.00405744
0.00630957 0.00501187 0.00683211
0.00630957 0.00630957 0.00393392
0.00630957 0.00794328 0.0030699
0.00630957 0.01 0.00378542
0.00630957 0.0125893 0.00449232
0.00630957 0.0158489 0.00340146
0.00630957 0.0199526 0.0032453
0.00630957 0.0251189 0.0023622
0.00630957 0.0316228 0.00351737
0.00630957 0.0398107 0.0038217
0.00630957 0.0501187 0.00314647
0.00630957 0.0630957 0.00259967
0.00630957 0.0794328 0.00406031
0.00630957 0.1 0.00263483
0.00630957 0.125893 0.00276396
0.00630957 0.158489 0.00365881
0.00630957 0.199526 0.00217077
0.00630957 0.251189 0.00349634
0.00630957 0.316228 0.00283181
0.00630957 0.398107 0.00295736
0.00630957 0.501187 0.00302907
0.00630957 0.630957 0.00379558
0.00630957 0.794328 0.00448028
0.00630957 1 0.00478115
0.00630957 1.25893 0.00268316
0.00630957 1.58489 0.00346198
0.00630957 1.99526 0.00391158
0.00630957 2.51189 0.00233218
0.00630957 3.16228 0.00279342
0.00630957 3.98107 0.00328037
0.00630957 5.01187 0.00245263
0.00630957 6.30957 0.00421643
0.00630957 7.94328 0.00209901
0.00630957 10 0.00334597
0.00630957 12.5893 0.00241408
0.00630957 15.8489 0.00203101
0.00630957 19.9526 0.00321237
0.00630957 25.1189 0.00311287
0.00630957 31.6228 0.00426736
0.00630957 39.8107 0.00455522
0.00630957 50.1187 0.00342405
0.00630957 63.0957 0.00317985
0.00630957 79.4328 0.00307646
0.00794328 0.0001 0.000433655
0.00794328 0.000125893 0.000468958
0.00794328 0.000158489 0.000525097
0.00794328 0.000199526 0.000614363
0.00794328 0.000251189 0.000757857
0.00794328 0.000316228 0.000993345
0.00794328 0.000398107 0.00138652
0.00794328 0.000501187 0.00203857
0.00794328 0.000630957 0.00307297
0.00794328 0.000794328 0.00456451
0.00794328 0.001 0.00628961
0.00794328 0.00125893 0.00716409
0.00794328 0.00158489 0.00544294
0.00794328 0.00199526 0.00188557
0.00794328 0.00251189 0.000307672
0.00794328 0.00316228 0.00120201
0.00794328 0.00398107 0.00641627
0.00794328 0.00501187 0.0108222
0.00794328 0.00630957 0.00622169
0.00794328 0.00794328 0.00486155
0.00794328 0.01 0.00598422
0.00794328 0.0125893 0.00710766
0.00794328 0.0158489 0.00537804
0.00794328 0.0199526 0.0051284
0.00794328 0.0251189 0.00372881
0.00794328 0.0316228 0.00555888
0.00794328 0.0398107 0.00604005
0.00794328 0.0501187 0.00496998
0.00794328 0.0630957 0.004105
0.00794328 0.0794328 0.00642092
0.00794328 0.1 0.00416039
0.00794328 0.125893 0.00437012
0.00794328 0.158489 0.00578013
0.00794328 0.199526 0.00342704
0.00794328 0.251189 0.00552772
0.00794328 0.316228 0.00447157
0.00794328 0.398107 0.00467223
0.00794328 0.501187 0.00478757
0.00794328 0.630957 0.00599572
0.00794328 0.794328 0.00708476
0.00794328 1 0.00755894
0.00794328 1.25893 0.00423351
0.00794328 1.58489 0.00546765
0.00794328 1.99526 0.00618238
0.00794328 2.51189 0.00367843
0.00794328 3.16228 0.00441078
0.00794328 3.98107 0.00518173
0.00794328 5.01187 0.00387322
0.00794328 6.30957 0.00666289
0.00794328 7.94328 0.00331829
0.00794328 10 0.00528723
0.00794328 12.5893 0.00381114
0.00794328 15.8489 0.00320551
0.00794328 19.9526 0.00507315
0.00794328 25.1189 0.00491825
0.00794328 31.6228 0.00674562
0.00794328 39.8107 0.00719994
0.00794328 50.1187 0.00540811
0.00794328 63.0957 0.00502292
0.00794328 79.4328 0.00485854
0.01 0.0001 0.000679774
0.01 0.000125893 0.000734826
0.01 0.000158489 0.00082255
0.01 0.000199526 0.00096234
0.01 0.000251189 0.00118759
0.01 0.000316228 0.0015582
0.01 0.000398107 0.00217853
0.01 0.000501187 0.00320957
0.01 0.000630957 0.00484871
0.01 0.000794328 0.00721747
0.01 0.001 0.00996261
0.01 0.00125893 0.0113572
0.01 0.00158489 0.00862279
0.01 0.00199526 0.00298593
0.01 0.00251189 0.000495231
0.01 0.00316228 0.00189792
0.01 0.00398107 0.0101403
0.01 0.00501187 0.0171398
0.01 0.00630957 0.00983438
0.01 0.00794328 0.00769723
0.01 0.01 0.00945372
0.01 0.0125893 0.0112405
0.01 0.0158489 0.00849785
0.01 0.0199526 0.00809792
0.01 0.0251189 0.00587981
0.01 0.0316228 0.00877873
0.01 0.0398107 0.009539
0.01 0.0501187 0.00784326
0.01 0.0630957 0.00647569
0.01 0.0794328 0.010148
0.01 0.1 0.0065628
0.01 0.125893 0.00690533
0.01 0.158489 0.0091235
0.01 0.199526 0.00540479
0.01 0.251189 0.0087337
0.01 0.316228 0.00705394
0.01 0.398107 0.00737533
0.01 0.501187 0.00756154
0.01 0.630957 0.00946279
0.01 0.794328 0.0111966
0.01 1 0.0119428
0.01 1.25893 0.00667159
0.01 1.58489 0.00862719
0.01 1.99526 0.00976432
0.01 2.51189 0.00579434
0.01 3.16228 0.00695769
0.01 3.98107 0.00817792
0.01 5.01187 0.00611088
0.01 6.30957 0.0105205
0.01 7.94328 0.00524244
0.01 10 0.00834822
0.01 12.5893 0.00601051
0.01 15.8489 0.00505365
0.01 19.9526 0.00800415
0.01 25.1189 0.00776436
0.01 31.6228 0.0106557
0.01 39.8107 0.0113718
0.01 50.1187 0.00853395
0.01 63.0957 0.00792721
0.01 79.4328 0.0076656
0.0125893 0.0001 0.00106223
0.0125893 0.000125893 0.00114768
0.0125893 0.000158489 0.00128423
0.0125893 0.000199526 0.00150241
0.0125893 0.000251189 0.00185506
0.0125893 0.000316228 0.00243718
0.0125893 0.000398107 0.0034146
0.0125893 0.000501187 0.0050438
0.0125893 0.000630957 0.00764102
0.0125893 0.000794328 0.011405
0.0125893 0.001 0.015778
0.0125893 0.00125893 0.0180055
0.0125893 0.00158489 0.0136587
0.0125893 0.00199526 0.00472739
0.0125893 0.00251189 0.000800125
0.0125893 0.00316228 0.00299389
0.0125893 0.00398107 0.0160133
0.0125893 0.00501187 0.0271397
0.0125893 0.00630957 0.0155336
0.0125893 0.00794328 0.0121837
0.0125893 0.01 0.0149217
0.0125893 0.0125893 0.017766
0.0125893 0.0158489 0.0134168
0.0125893 0.0199526 0.0127743
0.0125893 0.0251189 0.00925915
0.0125893 0.0316228 0.0138504
0.0125893 0.0398107 0.0150507
0.0125893 0.0501187 0.0123635
0.0125893 0.0630957 0.0102029
0.0125893 0.0794328 0.0160267
0.0125893 0.1 0.0103396
0.0125893 0.125893 0.0109028
0.0125893 0.158489 0.0143849
0.0125893 0.199526 0.00851284
0.0125893 0.251189 0.0137879
0.0125893 0.316228 0.0111139
0.0125893 0.398107 0.01163
0.0125893 0.501187 0.011932
0.0125893 0.630957 0.0149178
0.0125893 0.794328 0.0176815
0.0125893 1 0.0188532
0.0125893 1.25893 0.0104975
0.0125893 1.58489 0.0135962
0.0125893 1.99526 0.0154072
0.0125893 2.51189 0.0091124
0.0125893 3.16228 0.0109615
0.0125893 3.98107 0.0128921
0.0125893 5.01187 0.00962981
0.0125893 6.30957 0.0165948
0.0125893 7.94328 0.00827567
0.0125893 10 0.0131683
0.0125893 12.5893 0.00946672
0.0125893 15.8489 0.0079563
0.0125893 19.9526 0.0126132
0.0125893 25.1189 0.0122448
0.0125893 31.6228 0.016817
0.0125893 39.8107 0.0179443
0.0125893 50.1187 0.0134505
0.0125893 63.0957 0.0124966
0.0125893 79.4328 0.0120797
0.0158489 0.0001 0.00165297
0.0158489 0.000125893 0.00178484
0.0158489 0.000158489 0.00199627
0.0158489 0.000199526 0.00233534
0.0158489 0.000251189 0.00288553
0.0158489 0.000316228 0.00379753
0.0158489 0.000398107 0.00533495
0.0158489 0.000501187 0.00790689
0.0158489 0.000630957 0.0120217
0.0158489 0.000794328 0.0180068
0.0158489 0.001 0.0249824
0.0158489 0.00125893 0.0285479
0.0158489 0.00158489 0.0216322
0.0158489 0.00199526 0.0074824
0.0158489 0.00251189 0.00129868
0.0158489 0.00316228 0.00471722
0.0158489 0.00398107 0.0252622
0.0158489 0.00501187 0.0429613
0.0158489 0.00630957 0.0245132
0.0158489 0.00794328 0.0192785
0.0158489 0.01 0.0235256
0.0158489 0.0125893 0.0280591
0.0158489 0.0158489 0.0211618
0.0158489 0.0199526 0.0201261
0.0158489 0.0251189 0.0145558
0.0158489 0.0316228 0.0218257
0.0158489 0.0398107 0.0237184
0.0158489 0.0501187 0.0194605
0.0158489 0.0630957 0.01605
0.0158489 0.0794328 0.0252869
0.0158489 0.1 0.0162641
0.0158489 0.125893 0.0171973
0.0158489 0.158489 0.0226483
0.0158489 0.199526 0.0133861
0.0158489 0.251189 0.0217446
0.0158489 0.316228 0.0174828
0.0158489 0.398107 0.0183144
0.0158489 0.501187 0.018807
0.0158489 0.630957 0.0234832
0.0158489 0.794328 0.0278956
0.0158489 1 0.0297302
0.0158489 1.25893 0.0164847
0.0158489 1.58489 0.0213944
0.0158489 1.99526 0.0242825
0.0158489 2.51189 0.0143004
0.0158489 3.16228 0.0172416
0.0158489 3.98107 0.0202947
0.0158489 5.01187 0.0151522
0.0158489 6.30957 0.0261422
0.0158489 7.94328 0.0130509
0.0158489 10 0.0207451
0.0158489 12.5893 0.0148856
0.0158489 15.8489 0.0125042
0.0158489 19.9526 0.0198453
0.0158489 25.1189 0.0192851
0.0158489 31.6228 0.0265104
0.0158489 39.8107 0.0282814
0.0158489 50.1187 0.0211673
0.0158489 63.0957 0.0196714
0.0158489 79.4328 0.019006
0.0199526 0.0001 0.00255798
0.0199526 0.000125893 0.00275988
0.0199526 0.000158489 0.00308507
0.0199526 0.000199526 0.003609
0.0199526 0.000251189 0.00446348
0.0199526 0.000316228 0.00588741
0.0199526 0.000398107 0.00830006
0.0199526 0.000501187 0.0123551
0.0199526 0.000630957 0.0188732
0.0199526 0.000794328 0.0283986
0.0199526 0.001 0.0395448
0.0199526 0.00125893 0.045267
0.0199526 0.00158489 0.034253
0.0199526 0.00199526 0.0118387
0.0199526 0.00251189 0.00211964
0.0199526 0.00316228 0.00742177
0.0199526 0.00398107 0.0398009
0.0199526 0.00501187 0.0679794
0.0199526 0.00630957 0.0386381
0.0199526 0.00794328 0.0304915
0.0199526 0.01 0.0370367
0.0199526 0.0125893 0.0442736
0.0199526 0.0158489 0.033335
0.0199526 0.0199526 0.0316585
0.0199526 0.0251189 0.0228325
0.0199526 0.0316228 0.0343403
0.0199526 0.0398107 0.0373203
0.0199526 0.0501187 0.0305743
0.0199526 0.0630957 0.0251977
0.0199526 0.0794328 0.0398497
0.0199526 0.1 0.0255318
0.0199526 0.125893 0.0270923
0.0199526 0.158489 0.0355939
0.0199526 0.199526 0.0210052
0.0199526 0.251189 0.0342483
0.0199526 0.316228 0.027446
0.0199526 0.398107 0.0287917
0.0199526 0.501187 0.0296005
0.0199526 0.630957 0.0368971
0.0199526 0.794328 0.0439562
0.0199526 1 0.0468181
0.0199526 1.25893 0.0258201
0.0199526 1.58489 0.033599
0.0199526 1.99526 0.0382124
0.0199526 2.51189 0.0223818
0.0199526 3.16228 0.0270643
0.0199526 3.98107 0.0318893
0.0199526 5.01187 0.023796
0.0199526 6.30957 0.0411135
0.0199526 7.94328 0.0205559
0.0199526 10 0.0326291
0.0199526 12.5893 0.0233568
0.0199526 15.8489 0.0196078
0.0199526 19.9526 0.0311615
0.0199526 25.1189 0.0303224
0.0199526 31.6228 0.0417287
0.0199526 39.8107 0.0445041
0.0199526 50.1187 0.0332455
0.0199526 63.0957 0.0309082
0.0199526 79.4328 0.0298433
0.0251189 0.0001 0.00392872
0.0251189 0.000125893 0.00423458
0.0251189 0.000158489 0.00473023
0.0251189 0.000199526 0.00553371
0.0251189 0.000251189 0.00685275
0.0251189 0.000316228 0.00906583
0.0251189 0.000398107 0.0128399
0.0251189 0.000501187 0.0192216
0.0251189 0.000630957 0.0295442
0.0251189 0.000794328 0.0447221
0.0251189 0.001 0.0625713
0.0251189 0.00125893 0.0717852
0.0251189 0.00158489 0.0542217
0.0251189 0.00199526 0.0187229
0.0251189 0.00251189 0.00348276
0.0251189 0.00316228 0.0116563
0.0251189 0.00398107 0.0625989
0.0251189 0.00501187 0.107507
0.0251189 0.00630957 0.060809
0.0251189 0.00794328 0.0481995
0.0251189 0.01 0.0581969
0.0251189 0.0125893 0.0697726
0.0251189 0.0158489 0.0524258
0.0251189 0.0199526 0.0496978
0.0251189 0.0251189 0.0357159
0.0251189 0.0316228 0.053924
0.0251189 0.0398107 0.0586065
0.0251189 0.0501187 0.0479201
0.0251189 0.0630957 0.0394582
0.0251189 0.0794328 0.0627031
0.0251189 0.1 0.0399775
0.0251189 0.125893 0.0426138
0.0251189 0.158489 0.0558072
0.0251189 0.199526 0.0328732
0.0251189 0.251189 0.0538531
0.0251189 0.316228 0.0429761
0.0251189 0.398107 0.0451645
0.0251189 0.501187 0.0465039
0.0251189 0.630957 0.0578319
0.0251189 0.794328 0.0691552
0.0251189 1 0.0735967
0.0251189 1.25893 0.0403069
0.0251189 1.58489 0.0526311
0.0251189 1.99526 0.0600166
0.0251189 2.51189 0.0349087
0.0251189 3.16228 0.0423719
0.0251189 3.98107 0.0499905
0.0251189 5.01187 0.0372802
0.0251189 6.30957 0.0645182
0.0251189 7.94328 0.0323272
0.0251189 10 0.0512161
0.0251189 12.5893 0.03655
0.0251189 15.8489 0.0306604
0.0251189 19.9526 0.0488037
0.0251189 25.1189 0.0475747
0.0251189 31.6228 0.0655561
0.0251189 39.8107 0.0698913
0.0251189 50.1187 0.0520813
0.0251189 63.0957 0.0484479
0.0251189 79.4328 0.046738
0.0316228 0.0001 0.00597112
0.0316228 0.000125893 0.00642783
0.0316228 0.000158489 0.00717411
0.0316228 0.000199526 0.00839383
0.0316228 0.000251189 0.0104135
0.0316228 0.000316228 0.0138316
0.0316228 0.000398107 0.0197088
0.0316228 0.000501187 0.0297262
0.0316228 0.000630957 0.0460693
0.0316228 0.000794328 0.0702908
0.0316228 0.001 0.0989527
0.0316228 0.00125893 0.113852
0.0316228 0.00158489 0.0857978
0.0316228 0.00199526 0.0295929
0.0316228 0.00251189 0.00576808
0.0316228 0.00316228 0.0182676
0.0316228 0.00398107 0.0982309
0.0316228 0.00501187 0.169884
0.0316228 0.00630957 0.0955127
0.0316228 0.00794328 0.0761364
0.0316228 0.01 0.0912199
0.0316228 0.0125893 0.109783
0.0316228 0.0158489 0.0822805
0.0316228 0.0199526 0.0778129
0.0316228 0.0251189 0.0556703
0.0316228 0.0316228 0.0844618
0.0316228 0.0398107 0.0917995
0.0316228 0.0501187 0.0748745
0.0316228 0.0630957 0.0615879
0.0316228 0.0794328 0.0984688
0.0316228 0.1 0.0623915
0.0316228 0.125893 0.0668958
0.0316228 0.158489 0.0872309
0.0316228 0.199526 0.0512723
0.0316228 0.251189 0.0845032
0.0316228 0.316228 0.067071
0.0316228 0.398107 0.070652
0.0316228 0.501187 0.0728922
0.0316228 0.630957 0.0903564
0.0316228 0.794328 0.0924586
0.0316228 1 0.115426
0.0316228 1.25893 0.0626453
0.0316228 1.58489 0.0821709
0.0316228 1.99526 0.094027
0.0316228 2.51189 0.0542026
0.0316228 3.16228 0.0661142
0.0316228 3.98107 0.0781295
0.0316228 5.01187 0.0582255
0.0316228 6.30957 0.100959
0.0316228 7.94328 0.0507442
0.0316228 10 0.0801817
0.0316228 12.5893 0.0569979
0.0316228 15.8489 0.0477716
0.0316228 19.9526 0.0761766
0.0316228 25.1189 0.0744389
0.0316228 31.6228 0.102728
0.0316228 39.8107 0.109471
0.0316228 50.1187 0.0813139
0.0316228 63.0957 0.0757065
0.0316228 79.4328 0.0729477
0.0398107 0.0001 0.00894116
0.0398107 0.000125893 0.00960956
0.0398107 0.000158489 0.0107146
0.0398107 0.000199526 0.0125408
0.0398107 0.000251189 0.0155991
0.0398107 0.000316228 0.0208328
0.0398107 0.000398107 0.0299255
0.0398107 0.000501187 0.0455901
0.0398107 0.000630957 0.0714578
0.0398107 0.000794328 0.110189
0.0398107 0.001 0.156371
0.0398107 0.00125893 0.111403
0.0398107 0.00158489 0.127752
0.0398107 0.00199526 0.0467389
0.0398107 0.00251189 0.00964191
0.0398107 0.00316228 0.0285555
0.0398107 0.00398107 0.153674
0.0398107 0.00501187 0.268141
0.0398107 0.00630957 0.149634
0.0398107 0.00794328 0.120153
0.0398107 0.01 0.142514
0.0398107 0.0125893 0.172381
0.0398107 0.0158489 0.128801
0.0398107 0.0199526 0.113234
0.0398107 0.0251189 0.086378
0.0398107 0.0316228 0.105163
0.0398107 0.0398107 0.0941574
0.0398107 0.0501187 0.0937961
0.0398107 0.0630957 0.0957272
0.0398107 0.0794328 0.121829
0.0398107 0.1 0.0747831
0.0398107 0.125893 0.0794796
0.0398107 0.158489 0.1358
0.0398107 0.199526 0.0791348
0.0398107 0.251189 0.0790382
0.0398107 0.316228 0.10423
0.0398107 0.398107 0.0991987
0.0398107 0.501187 0.113924
0.0398107 0.630957 0.134787
0.0398107 0.794328 0.0955251
0.0398107 1 0.105054
0.0398107 1.25893 0.0967982
0.0398107 1.58489 0.101015
0.0398107 1.99526 0.0993407
0.0398107 2.51189 0.0836689
0.0398107 3.16228 0.102713
0.0398107 3.98107 0.0926355
0.0398107 5.01187 0.0784001
0.0398107 6.30957 0.114674
0.0398107 7.94328 0.0794722
0.0398107 10 0.123869
0.0398107 12.5893 0.0884916
0.0398107 15.8489 0.0740953
0.0398107 19.9526 0.118378
0.0398107 25.1189 0.116066
0.0398107 31.6228 0.106968
0.0398107 39.8107 0.117243
0.0398107 50.1187 0.126387
0.0398107 63.0957 0.117828
0.0398107 79.4328 0.113346
0.0501187 0.0001 0.0131003
0.0501187 0.000125893 0.0140515
0.0501187 0.000158489 0.0156511
0.0501187 0.000199526 0.0183359
0.0501187 0.000251189 0.0228987
0.0501187 0.000316228 0.0308143
0.0501187 0.000398107 0.0447441
0.0501187 0.000501187 0.0690989
0.0501187 0.000630957 0.110042
0.0501187 0.000794328 0.172126
0.0501187 0.001 0.138208
0.0501187 0.00125893 0.136164
0.0501187 0.00158489 0.14533
0.0501187 0.00199526 0.073748
0.0501187 0.00251189 0.0162895
0.0501187 0.00316228 0.0445048
0.0501187 0.00398107 0.23941
0.0501187 0.00501187 0.422478
0.0501187 0.00630957 0.233628
0.0501187 0.00794328 0.189379
0.0501187 0.01 0.221682
0.0501187 0.0125893 0.189902
0.0501187 0.0158489 0.139993
0.0501187 0.0199526 0.1146
0.0501187 0.0251189 0.0934293
0.0501187 0.0316228 0.111752
0.0501187 0.0398107 0.0977168
0.0501187 0.0501187 0.0948723
0.0501187 0.0630957 0.110578
0.0501187 0.0794328 0.134817
0.0501187 0.1 0.073506
0.0501187 0.125893 0.081105
0.0501187 0.158489 0.194302
0.0501187 0.199526 0.0767809
0.0501187 0.251189 0.0752541
0.0501187 0.316228 0.119432
0.0501187 0.398107 0.0975311
0.0501187 0.501187 0.11937
0.0501187 0.630957 0.14008
0.0501187 0.794328 0.100665
0.0501187 1 0.106901
0.0501187 1.25893 0.148408
0.0501187 1.58489 0.103958
0.0501187 1.99526 0.0981551
0.0501187 2.51189 0.128169
0.0501187 3.16228 0.105674
0.0501187 3.98107 0.0935048
0.0501187 5.01187 0.0768367
0.0501187 6.30957 0.122656
0.0501187 7.94328 0.124124
0.0501187 10 0.128741
0.0501187 12.5893 0.135176
0.0501187 15.8489 0.0890349
0.0501187 19.9526 0.115635
0.0501187 25.1189 0.111595
0.0501187 31.6228 0.110741
0.0501187 39.8107 0.12373
0.0501187 50.1187 0.161646
0.0501187 63.0957 0.131244
0.0501187 79.4328 0.12385
0.0630957 0.0001 0.0185825
0.0630957 0.000125893 0.0198882
0.0630957 0.000158489 0.0221402
0.0630957 0.000199526 0.0260013
0.0630957 0.000251189 0.0326831
0.0630957 0.000316228 0.0444538
0.0630957 0.000398107 0.0654729
0.0630957 0.000501187 0.103002
0.0630957 0.000630957 0.167855
0.0630957 0.000794328 0.267616
0.0630957 0.001 0.171324
0.0630957 0.00125893 0.160983
0.0630957 0.00158489 0.338474
0.0630957 0.00199526 0.11622
0.0630957 0.00251189 0.0278493
0.0630957 0.00316228 0.0691319
0.0630957 0.00398107 0.37084
0.0630957 0.00501187 0.534697
0.0630957 0.00630957 0.363125
0.0630957 0.00794328 0.297991
0.0630957 0.01 0.342819
0.0630957 0.0125893 0.200945
0.0630957 0.0158489 0.141312
0.0630957 0.0199526 0.116665
0.0630957 0.0251189 0.0935987
0.0630957 0.0316228 0.118681
0.0630957 0.0398107 0.102375
0.0630957 0.0501187 0.096318
0.0630957 0.0630957 0.117761
0.0630957 0.0794328 0.14925
0.0630957 0.1 0.0720148
0.0630957 0.125893 0.0834016
0.0630957 0.158489 0.212554
0.0630957 0.199526 0.0734344
0.0630957 0.251189 0.0724874
0.0630957 0.316228 0.124361
0.0630957 0.398107 0.0963016
0.0630957 0.501187 0.274993
0.0630957 0.630957 0.143412
0.0630957 0.794328 0.106504
0.0630957 1 0.109557
0.0630957 1.25893 0.184587
0.0630957 1.58489 0.10687
0.0630957 1.99526 0.0977532
0.0630957 2.51189 0.194375
0.0630957 3.16228 0.1128
0.0630957 3.98107 0.0940708
0.0630957 5.01187 0.0766076
0.0630957 6.30957 0.130517
0.0630957 7.94328 0.19324
0.0630957 10 0.135854
0.0630957 12.5893 0.143937
0.0630957 15.8489 0.0960231
0.0630957 19.9526 0.124593
0.0630957 25.1189 0.113785
0.0630957 31.6228 0.113405
0.0630957 39.8107 0.129339
0.0630957 50.1187 0.176885
0.0630957 63.0957 0.141413
0.0630957 79.4328 0.135267
0.0794328 0.0001 0.0251637
0.0794328 0.000125893 0.0269033
0.0794328 0.000158489 0.0300083
0.0794328 0.000199526 0.0354644
0.0794328 0.000251189 0.0450732
0.0794328 0.000316228 0.0622194
0.0794328 0.000398107 0.0932555
0.0794328 0.000501187 0.150271
0.0794328 0.000630957 0.253114
0.0794328 0.000794328 0.222491
0.0794328 0.001 0.208058
0.0794328 0.00125893 0.188405
0.0794328 0.00158489 0.533405
0.0794328 0.00199526 0.182854
0.0794328 0.00251189 0.0482294
0.0794328 0.00316228 0.107016
0.0794328 0.00398107 0.569795
0.0794328 0.00501187 0.619203
0.0794328 0.00630957 0.489491
0.0794328 0.00794328 0.467809
0.0794328 0.01 0.24561
0.0794328 0.0125893 0.216481
0.0794328 0.0158489 0.146271
0.0794328 0.0199526 0.120644
0.0794328 0.0251189 0.0947577
0.0794328 0.0316228 0.127298
0.0794328 0.0398107 0.109193
0.0794328 0.0501187 0.0994664
0.0794328 0.0630957 0.126441
0.0794328 0.0794328 0.166137
0.0794328 0.1 0.0720078
0.0794328 0.125893 0.0883136
0.0794328 0.158489 0.231554
0.0794328 0.199526 0.0710129
0.0794328 0.251189 0.0721849
0.0794328 0.316228 0.130405
0.0794328 0.398107 0.0970939
0.0794328 0.501187 0.423838
0.0794328 0.630957 0.50771
0.0794328 0.794328 0.114259
0.0794328 1 0.113792
0.0794328 1.25893 0.20541
0.0794328 1.58489 0.110857
0.0794328 1.99526 0.099527
0.0794328 2.51189 0.241437
0.0794328 3.16228 0.121105
0.0794328 3.98107 0.0957247
0.0794328 5.01187 0.0790264
0.0794328 6.30957 0.139321
0.0794328 7.94328 0.299721
0.0794328 10 0.146356
0.0794328 12.5893 0.152936
0.0794328 15.8489 0.104149
0.0794328 19.9526 0.134088
0.0794328 25.1189 0.117474
0.0794328 31.6228 0.116328
0.0794328 39.8107 0.135191
0.0794328 50.1187 0.192394
0.0794328 63.0957 0.152593
0.0794328 79.4328 0.147667
0.1 0.0001 0.0323574
0.1 0.000125893 0.0347388
0.1 0.000158489 0.0390971
0.1 0.000199526 0.04686
0.1 0.000251189 0.0606103
0.1 0.000316228 0.0852141
0.1 0.000398107 0.130124
0.1 0.000501187 0.212823
0.1 0.000630957 0.271231
0.1 0.000794328 0.280848
0.1 0.001 0.258485
0.1 0.00125893 0.229439
0.1 0.00158489 0.838475
0.1 0.00199526 0.287085
0.1 0.00251189 0.08465
0.1 0.00316228 0.165144
0.1 0.00398107 0.665997
0.1 0.00501187 0.702388
0.1 0.00630957 0.541078
0.1 0.00794328 0.732002
0.1 0.01 0.798515
0.1 0.0125893 0.244276
0.1 0.0158489 0.163485
0.1 0.0199526 0.135587
0.1 0.0251189 0.106259
0.1 0.0316228 0.147035
0.1 0.0398107 0.127274
0.1 0.0501187 0.113597
0.1 0.0630957 0.145492
0.1 0.0794328 0.194396
0.1 0.1 0.526755
0.1 0.125893 0.60498
0.1 0.158489 0.260675
0.1 0.199526 0.430337
0.1 0.251189 0.0838095
0.1 0.316228 0.146898
0.1 0.398107 0.10922
0.1 0.501187 0.648642
0.1 0.630957 0.761044
0.1 0.794328 0.133329
0.1 1 0.128573
0.1 1.25893 0.234889
0.1 1.58489 0.12493
0.1 1.99526 0.112941
0.1 2.51189 0.272874
0.1 3.16228 0.139802
0.1 3.98107 0.10756
0.1 5.01187 0.0932331
0.1 6.30957 0.158292
0.1 7.94328 0.46293
0.1 10 0.169423
0.1 12.5893 0.171154
0.1 15.8489 0.123017
0.1 19.9526 0.152929
0.1 25.1189 0.131769
0.1 31.6228 0.128791
0.1 39.8107 0.150447
0.1 50.1187 0.21671
0.1 63.0957 0.173798
0.1 79.4328 0.169367
0.125893 0.0001 0.0411906
0.125893 0.000125893 0.0448731
0.125893 0.000158489 0.0515029
0.125893 0.000199526 0.0631179
0.125893 0.000251189 0.0833198
0.125893 0.000316228 0.118924
0.125893 0.000398107 0.184019
0.125893 0.000501187 0.303466
0.125893 0.000630957 0.372034
0.125893 0.000794328 0.379661
0.125893 0.001 0.350499
0.125893 0.00125893 0.312795
0.125893 0.00158489 1.31275
0.125893 0.00199526 0.449494
0.125893 0.00251189 0.150547
0.125893 0.00316228 0.25437
0.125893 0.00398107 0.695961
0.125893 0.00501187 0.810595
0.125893 0.00630957 0.626863
0.125893 0.00794328 1.13994
0.125893 0.01 0.565185
0.125893 0.0125893 0.310139
0.125893 0.0158489 0.219231
0.125893 0.0199526 0.188003
0.125893 0.0251189 0.447574
0.125893 0.0316228 0.610546
0.125893 0.0398107 0.183448
0.125893 0.0501187 0.517807
0.125893 0.0630957 0.201124
0.125893 0.0794328 0.26066
0.125893 0.1 0.781587
0.125893 0.125893 0.923075
0.125893 0.158489 0.56755
0.125893 0.199526 0.636999
0.125893 0.251189 0.134405
0.125893 0.316228 0.470497
0.125893 0.398107 0.159341
0.125893 0.501187 0.4518
0.125893 0.630957 0.429761
0.125893 0.794328 0.190866
0.125893 1 0.18071
0.125893 1.25893 0.299088
0.125893 1.58489 0.497812
0.125893 1.99526 0.513318
0.125893 2.51189 0.579043
0.125893 3.16228 0.46251
0.125893 3.98107 0.156091
0.125893 5.01187 0.743441
0.125893 6.30957 0.460534
0.125893 7.94328 0.711731
0.125893 10 0.64454
0.125893 12.5893 0.53006
0.125893 15.8489 0.592686
0.125893 19.9526 0.207208
0.125893 25.1189 0.183084
0.125893 31.6228 0.177558
0.125893 39.8107 0.202013
0.125893 50.1187 0.276076
0.125893 63.0957 0.23157
0.125893 79.4328 0.226202
0.158489 0.0001 0.0583656
0.158489 0.000125893 0.0649414
0.158489 0.000158489 0.0761804
0.158489 0.000199526 0.0950595
0.158489 0.000251189 0.126555
0.158489 0.000316228 0.179906
0.158489 0.000398107 0.275593
0.158489 0.000501187 0.462327
0.158489 0.000630957 0.567758
0.158489 0.000794328 0.578252
0.158489 0.001 0.544673
0.158489 0.00125893 0.499581
0.158489 0.00158489 2.04175
0.158489 0.00199526 0.70131
0.158489 0.00251189 0.27099
0.158489 0.00316228 0.392147
0.158489 0.00398107 0.81349
0.158489 0.00501187 1.00492
0.158489 0.00630957 0.80642
0.158489 0.00794328 0.75153
0.158489 0.01 0.54223
0.158489 0.0125893 0.473013
0.158489 0.0158489 0.372453
0.158489 0.0199526 0.479491
0.158489 0.0251189 0.358825
0.158489 0.0316228 0.550524
0.158489 0.0398107 0.547735
0.158489 0.0501187 0.459771
0.158489 0.0630957 0.488162
0.158489 0.0794328 0.424324
0.158489 0.1 0.399074
0.158489 0.125893 0.458008
0.158489 0.158489 0.569523
0.158489 0.199526 0.421043
0.158489 0.251189 0.507599
0.158489 0.316228 0.416915
0.158489 0.398107 0.482219
0.158489 0.501187 0.35302
0.158489 0.630957 0.386315
0.158489 0.794328 0.592704
0.158489 1 0.491518
0.158489 1.25893 0.530688
0.158489 1.58489 0.449591
0.158489 1.99526 0.446998
0.158489 2.51189 0.611347
0.158489 3.16228 0.40316
0.158489 3.98107 0.500596
0.158489 5.01187 0.494671
0.158489 6.30957 0.438082
0.158489 7.94328 0.308247
0.158489 10 0.586153
0.158489 12.5893 0.462359
0.158489 15.8489 0.41617
0.158489 19.9526 0.355477
0.158489 25.1189 0.330207
0.158489 31.6228 0.397677
0.158489 39.8107 0.349593
0.158489 50.1187 0.522483
0.158489 63.0957 0.385015
0.158489 79.4328 0.376724
0.199526 0.0001 0.1013
0.199526 0.000125893 0.113701
0.199526 0.000158489 0.133908
0.199526 0.000199526 0.166662
0.199526 0.000251189 0.219159
0.199526 0.000316228 0.302811
0.199526 0.000398107 0.443355
0.199526 0.000501187 0.707642
0.199526 0.000630957 0.968481
0.199526 0.000794328 0.989593
0.199526 0.001 0.954929
0.199526 0.00125893 0.903854
0.199526 0.00158489 0.942762
0.199526 0.00199526 1.08952
0.199526 0.00251189 0.255434
0.199526 0.00316228 0.473995
0.199526 0.00398107 0.90439
0.199526 0.00501187 1.40152
0.199526 0.00630957 1.19353
0.199526 0.00794328 0.673691
0.199526 0.01 0.555793
0.199526 0.0125893 0.845864
0.199526 0.0158489 0.735501
0.199526 0.0199526 0.452851
0.199526 0.0251189 0.337285
0.199526 0.0316228 0.525738
0.199526 0.0398107 0.524612
0.199526 0.0501187 0.440796
0.199526 0.0630957 0.465728
0.199526 0.0794328 0.798355
0.199526 0.1 0.358681
0.199526 0.125893 0.402611
0.199526 0.158489 0.590253
0.199526 0.199526 0.36693
0.199526 0.251189 0.449597
0.199526 0.316228 0.410839
0.199526 0.398107 0.438829
0.199526 0.501187 0.31626
0.199526 0.630957 0.381477
0.199526 0.794328 0.551424
0.199526 1 0.468108
0.199526 1.25893 0.572814
0.199526 1.58489 0.43768
0.199526 1.99526 0.423129
0.199526 2.51189 0.639938
0.199526 3.16228 0.396257
0.199526 3.98107 0.464189
0.199526 5.01187 0.438715
0.199526 6.30957 0.443824
0.199526 7.94328 0.260697
0.199526 10 0.562303
0.199526 12.5893 0.444291
0.199526 15.8489 0.383285
0.199526 19.9526 0.709727
0.199526 25.1189 0.486548
0.199526 31.6228 0.382865
0.199526 39.8107 0.706498
0.199526 50.1187 0.536626
0.199526 63.0957 0.559713
0.199526 79.4328 0.46832
0.251189 0.0001 0.204905
0.251189 0.000125893 0.226798
0.251189 0.000158489 0.261325
0.251189 0.000199526 0.316714
0.251189 0.000251189 0.406628
0.251189 0.000316228 0.547963
0.251189 0.000398107 0.75807
0.251189 0.000501187 1.11679
0.251189 0.000630957 1.76296
0.251189 0.000794328 1.80578
0.251189 0.001 1.77394
0.251189 0.00125893 1.71792
0.251189 0.00158489 0.834645
0.251189 0.00199526 0.434338
0.251189 0.00251189 0.270626
0.251189 0.00316228 0.954649
0.251189 0.00398107 0.974175
0.251189 0.00501187 2.19689
0.251189 0.00630957 1.98188
0.251189 0.00794328 0.63867
0.251189 0.01 0.576686
0.251189 0.0125893 1.6214
0.251189 0.0158489 0.516674
0.251189 0.0199526 0.446026
0.251189 0.0251189 0.338549
0.251189 0.0316228 0.516839
0.251189 0.0398107 0.51641
0.251189 0.0501187 0.437794
0.251189 0.0630957 0.460475
0.251189 0.0794328 1.57493
0.251189 0.1 0.345596
0.251189 0.125893 0.380865
0.251189 0.158489 0.613568
0.251189 0.199526 0.347747
0.251189 0.251189 0.423119
0.251189 0.316228 0.418406
0.251189 0.398107 0.422835
0.251189 0.501187 0.30613
0.251189 0.630957 0.391837
0.251189 0.794328 0.530459
0.251189 1 0.46067
0.251189 1.25893 0.609896
0.251189 1.58489 0.439792
0.251189 1.99526 0.417827
0.251189 2.51189 1.55582
0.251189 3.16228 0.406486
0.251189 3.98107 0.449524
0.251189 5.01187 0.41804
0.251189 6.30957 0.45854
0.251189 7.94328 0.247957
0.251189 10 0.552971
0.251189 12.5893 0.444386
0.251189 15.8489 0.379907
0.251189 19.9526 0.49453
0.251189 25.1189 0.472499
0.251189 31.6228 0.384807
0.251189 39.8107 0.516555
0.251189 50.1187 0.557242
0.251189 63.0957 0.560802
0.251189 79.4328 0.480069
0.316228 0.0001 0.438179
0.316228 0.000125893 0.470054
0.316228 0.000158489 0.517466
0.316228 0.000199526 0.590234
0.316228 0.000251189 0.706888
0.316228 0.000316228 0.904963
0.316228 0.000398107 1.25891
0.316228 0.000501187 1.6055
0.316228 0.000630957 1.66967
0.316228 0.000794328 3.32518
0.316228 0.001 3.30011
0.316228 0.00125893 3.23905
0.316228 0.00158489 0.756338
0.316228 0.00199526 2.59728
0.316228 0.00251189 1.65279
0.316228 0.00316228 1.53025
0.316228 0.00398107 1.0071
0.316228 0.00501187 3.69536
0.316228 0.00630957 1.05826
0.316228 0.00794328 0.612927
0.316228 0.01 0.577618
0.316228 0.0125893 3.09958
0.316228 0.0158489 0.499148
0.316228 0.0199526 0.430732
0.316228 0.0251189 0.330719
0.316228 0.0316228 0.498058
0.316228 0.0398107 0.496718
0.316228 0.0501187 0.423639
0.316228 0.0630957 0.445714
0.316228 0.0794328 0.632604
0.316228 0.1 3.13011
0.316228 0.125893 0.362319
0.316228 0.158489 0.618303
0.316228 0.199526 2.52369
0.316228 0.251189 0.395382
0.316228 0.316228 0.411869
0.316228 0.398107 0.403332
0.316228 0.501187 0.291888
0.316228 0.630957 0.389338
0.316228 0.794328 0.501962
0.316228 1 0.440822
0.316228 1.25893 1.95942
0.316228 1.58489 0.427257
0.316228 1.99526 0.403054
0.316228 2.51189 2.0432
0.316228 3.16228 3.02464
0.316228 3.98107 0.425908
0.316228 5.01187 0.396299
0.316228 6.30957 0.45602
0.316228 7.94328 0.236434
0.316228 10 0.534215
0.316228 12.5893 0.43449
0.316228 15.8489 0.371517
0.316228 19.9526 0.489013
0.316228 25.1189 0.450003
0.316228 31.6228 0.375006
0.316228 39.8107 0.503581
0.316228 50.1187 3.05147
0.316228 63.0957 0.545352
0.316228 79.4328 3.0068
0.398107 0.0001 0.947156
0.398107 0.000125893 0.978337
0.398107 0.000158489 1.01933
0.398107 0.000199526 1.07919
0.398107 0.000251189 1.17979
0.398107 0.000316228 1.3586
0.398107 0.000398107 1.58001
0.398107 0.000501187 1.67616
0.398107 0.000630957 1.6397
0.398107 0.000794328 1.50116
0.398107 0.001 5.95843
0.398107 0.00125893 5.88955
0.398107 0.00158489 0.686217
0.398107 0.00199526 0.393523
0.398107 0.00251189 0.307812
0.398107 0.00316228 2.52592
0.398107 0.00398107 0.989616
0.398107 0.00501187 1.24734
0.398107 0.00630957 1.02212
0.398107 0.00794328 0.577525
0.398107 0.01 0.539229
0.398107 0.0125893 0.60043
0.398107 0.0158489 0.45278
0.398107 0.0199526 0.38464
0.398107 0.0251189 0.289965
0.398107 0.0316228 0.449419
0.398107 0.0398107 0.444809
0.398107 0.0501187 0.375962
0.398107 0.0630957 0.401791
0.398107 0.0794328 0.583637
0.398107 0.1 0.285291
0.398107 0.125893 0.325728
0.398107 0.158489 0.587593
0.398107 0.199526 0.277413
0.398107 0.251189 0.34083
0.398107 0.316228 0.370382
0.398107 0.398107 0.356006
0.398107 0.501187 0.247043
0.398107 0.630957 4.14819
0.398107 0.794328 0.445364
0.398107 1 0.385285
0.398107 1.25893 2.49198
0.398107 1.58489 0.37665
0.398107 1.99526 0.35568
0.398107 2.51189 0.603646
0.398107 3.16228 0.370264
0.398107 3.98107 0.369944
0.398107 5.01187 0.348562
0.398107 6.30957 0.414314
0.398107 7.94328 0.202392
0.398107 10 0.489202
0.398107 12.5893 0.393594
0.398107 15.8489 0.336406
0.398107 19.9526 0.447301
0.398107 25.1189 0.398588
0.398107 31.6228 0.329005
0.398107 39.8107 0.448967
0.398107 50.1187 0.521927
0.398107 63.0957 0.49584
0.398107 79.4328 0.436251
0.501187 0.0001 2.07204
0.501187 0.000125893 2.07538
0.501187 0.000158489 2.07093
0.501187 0.000199526 2.06293
0.501187 0.000251189 2.06036
0.501187 0.000316228 2.06367
0.501187 0.000398107 2.04385
0.501187 0.000501187 1.96725
0.501187 0.000630957 1.8261
0.501187 0.000794328 1.6269
0.501187 0.001 1.38158
0.501187 0.00125893 10.208
0.501187 0.00158489 0.792962
0.501187 0.00199526 0.533156
0.501187 0.00251189 0.469955
0.501187 0.00316228 0.701596
0.501187 0.00398107 4.87355
0.501187 0.00501187 4.70114
0.501187 0.00630957 1.13626
0.501187 0.00794328 0.701391
0.501187 0.01 0.642487
0.501187 0.0125893 0.702939
0.501187 0.0158489 0.547979
0.501187 0.0199526 0.476119
0.501187 0.0251189 0.3818
0.501187 0.0316228 0.543825
0.501187 0.0398107 0.533504
0.501187 0.0501187 0.463552
0.501187 0.0630957 0.499734
0.501187 0.0794328 0.685285
0.501187 0.1 0.376883
0.501187 0.125893 0.435412
0.501187 0.158489 0.697073
0.501187 0.199526 0.359333
0.501187 0.251189 0.42472
0.501187 0.316228 0.465355
0.501187 0.398107 0.445211
0.501187 0.501187 0.331172
0.501187 0.630957 4.89246
0.501187 0.794328 0.533439
0.501187 1 0.464947
0.501187 1.25893 0.698418
0.501187 1.58489 0.459646
0.501187 1.99526 0.444437
0.501187 2.51189 0.704036
0.501187 3.16228 0.469983
0.501187 3.98107 0.451428
0.501187 5.01187 0.441638
0.501187 6.30957 0.505545
0.501187 7.94328 0.305732
0.501187 10 0.592489
0.501187 12.5893 0.490204
0.501187 15.8489 0.444325
0.501187 19.9526 0.541632
0.501187 25.1189 0.488624
0.501187 31.6228 0.412878
0.501187 39.8107 0.526525
0.501187 50.1187 0.618535
0.501187 63.0957 0.58899
0.501187 79.4328 0.533787
0.630957 0.0001 4.67726
0.630957 0.000125893 4.61681
0.630957 0.000158489 4.51748
0.630957 0.000199526 4.37395
0.630957 0.000251189 4.18682
0.630957 0.000316228 3.96438
0.630957 0.000398107 3.7205
0.630957 0.000501187 3.46515
0.630957 0.000630957 3.19741
0.630957 0.000794328 2.91179
0.630957 0.001 2.60836
0.630957 0.00125893 2.28987
0.630957 0.00158489 1.9673
0.630957 0.00199526 1.70838
0.630957 0.00251189 1.65158
0.630957 0.00316228 1.8849
0.630957 0.00398107 5.9438
0.630957 0.00501187 3.14852
0.630957 0.00630957 2.31798
0.630957 0.00794328 1.88096
0.630957 0.01 1.80909
0.630957 0.0125893 1.86119
0.630957 0.0158489 1.69007
0.630957 0.0199526 1.607
0.630957 0.0251189 1.50405
0.630957 0.0316228 1.68931
0.630957 0.0398107 1.67225
0.630957 0.0501187 1.58944
0.630957 0.0630957 1.64218
0.630957 0.0794328 1.84844
0.630957 0.1 1.5015
0.630957 0.125893 1.58301
0.630957 0.158489 1.85976
0.630957 0.199526 1.46899
0.630957 0.251189 1.54942
0.630957 0.316228 1.60134
0.630957 0.398107 1.5711
0.630957 0.501187 1.43655
0.630957 0.630957 1.55211
0.630957 0.794328 1.67214
0.630957 1 1.58799
0.630957 1.25893 1.85912
0.630957 1.58489 1.58698
0.630957 1.99526 1.57274
0.630957 2.51189 1.8647
0.630957 3.16228 1.60988
0.630957 3.98107 1.5769
0.630957 5.01187 1.57951
0.630957 6.30957 1.64135
0.630957 7.94328 1.43193
0.630957 10 1.74793
0.630957 12.5893 1.62628
0.630957 15.8489 1.59587
0.630957 19.9526 1.68107
0.630957 25.1189 1.62291
0.630957 31.6228 1.52806
0.630957 39.8107 1.65147
0.630957 50.1187 1.76425
0.630957 63.0957 1.73485
0.630957 79.4328 1.67959
0.794328 0.0001 11.1367
0.794328 0.000125893 11.04
0.794328 0.000158489 10.8693
0.794328 0.000199526 10.607
0.794328 0.000251189 10.2519
0.794328 0.000316228 9.82516
0.794328 0.000398107 9.36792
0.794328 0.000501187 8.92023
0.794328 0.000630957 8.49563
0.794328 0.000794328 8.085
0.794328 0.001 7.67905
0.794328 0.00125893 7.27401
0.794328 0.00158489 6.87997
0.794328 0.00199526 6.56841
0.794328 0.00251189 6.4931
0.794328 0.00316228 6.76699
0.794328 0.00398107 11.4216
0.794328 0.00501187 8.62166
0.794328 0.00630957 7.31272
0.794328 0.00794328 6.82206
0.794328 0.01 6.7644
0.794328 0.0125893 6.80814
0.794328 0.0158489 6.58986
0.794328 0.0199526 6.48342
0.794328 0.0251189 6.35349
0.794328 0.0316228 6.60103
0.794328 0.0398107 6.58204
0.794328 0.0501187 6.46133
0.794328 0.0630957 6.53504
0.794328 0.0794328 6.79212
0.794328 0.1 6.3595
0.794328 0.125893 6.46031
0.794328 0.158489 6.80294
0.794328 0.199526 6.30664
0.794328 0.251189 6.42537
0.794328 0.316228 6.4845
0.794328 0.398107 6.44495
0.794328 0.501187 6.25345
0.794328 0.630957 6.4195
0.794328 0.794328 6.57341
0.794328 1 6.47131
0.794328 1.25893 6.80786
0.794328 1.58489 6.47528
0.794328 1.99526 6.44625
0.794328 2.51189 6.80465
0.794328 3.16228 6.50134
0.794328 3.98107 6.46268
0.794328 5.01187 6.47385
0.794328 6.30957 6.54686
0.794328 7.94328 6.25779
0.794328 10 6.66228
0.794328 12.5893 6.51096
0.794328 15.8489 6.48713
0.794328 19.9526 6.58691
0.794328 25.1189 6.50874
0.794328 31.6228 6.38369
0.794328 39.8107 6.55031
0.794328 50.1187 6.69185
0.794328 63.0957 6.65103
0.794328 79.4328 6.5913
