-4 -2 40.1491 
-4 -1.93333 40.149 
-4 -1.86667 40.1489 
-4 -1.8 40.1487 
-4 -1.73333 40.1485 
-4 -1.66667 40.1482 
-4 -1.6 40.1477 
-4 -1.53333 40.1471 
-4 -1.46667 40.1463 
-4 -1.4 40.1452 
-4 -1.33333 40.1437 
-4 -1.26667 40.1417 
-4 -1.2 40.1389 
-4 -1.13333 40.1351 
-4 -1.06667 40.13 
-4 -1 40.1231 
-4 -0.933333 40.1137 
-4 -0.866667 40.1009 
-4 -0.8 40.0837 
-4 -0.733333 40.0604 
-4 -0.666667 40.029 
-4 -0.6 39.9868 
-4 -0.533333 39.9303 
-4 -0.466667 39.855 
-4 -0.4 39.7555 
-4 -0.333333 39.6254 
-4 -0.266667 39.4573 
-4 -0.2 39.2442 
-4 -0.133333 38.9806 
-4 -0.0666667 38.6659 
-4 -4.16334e-16 38.3081 
-4 0.0666667 37.9297 
-4 0.133333 37.5729 
-4 0.2 37.3013 
-4 0.266667 37.1962 
-4 0.333333 37.3491 
-4 0.4 37.8335 
-4 0.466667 38.6072 
-4 0.533333 39.3712 
-4 0.6 39.6024 
-4 0.666667 38.957 
-4 0.733333 37.9153 
-4 0.8 37.7823 
-4 0.866667 38.8977 
-4 0.933333 39.0576 
-4 1 37.9199 
-4 1.06667 38.8337 
-4 1.13333 38.404 
-4 1.2 38.6793 
-4 1.26667 38.1948 
-4 1.33333 38.7962 
-4 1.4 38.8195 
-4 1.46667 38.7468 
-4 1.53333 38.7804 
-4 1.6 38.4326 
-4 1.66667 38.6597 
-4 1.73333 38.3315 
-4 1.8 38.347 
-4 1.86667 38.8635 
-4 1.93333 38.2316 
-4 2 39.4379 
-3.93333 -2 40.1491 
-3.93333 -1.93333 40.149 
-3.93333 -1.86667 40.1488 
-3.93333 -1.8 40.1486 
-3.93333 -1.73333 40.1483 
-3.93333 -1.66667 40.148 
-3.93333 -1.6 40.1474 
-3.93333 -1.53333 40.1467 
-3.93333 -1.46667 40.1458 
-3.93333 -1.4 40.1445 
-3.93333 -1.33333 40.1428 
-3.93333 -1.26667 40.1404 
-3.93333 -1.2 40.1371 
-3.93333 -1.13333 40.1328 
-3.93333 -1.06667 40.1268 
-3.93333 -1 40.1187 
-3.93333 -0.933333 40.1078 
-3.93333 -0.866667 40.0929 
-3.93333 -0.8 40.0728 
-3.93333 -0.733333 40.0456 
-3.93333 -0.666667 40.009 
-3.93333 -0.6 39.9598 
-3.93333 -0.533333 39.8939 
-3.93333 -0.466667 39.8062 
-3.93333 -0.4 39.6902 
-3.93333 -0.333333 39.5384 
-3.93333 -0.266667 39.3425 
-3.93333 -0.2 39.094 
-3.93333 -0.133333 38.7868 
-3.93333 -0.0666667 38.4198 
-3.93333 -4.16334e-16 38.0027 
-3.93333 0.0666667 37.5621 
-3.93333 0.133333 37.1474 
-3.93333 0.2 36.8332 
-3.93333 0.266667 36.7134 
-3.93333 0.333333 36.8924 
-3.93333 0.4 37.4549 
-3.93333 0.466667 38.3534 
-3.93333 0.533333 39.2421 
-3.93333 0.6 39.512 
-3.93333 0.666667 38.7594 
-3.93333 0.733333 37.5478 
-3.93333 0.8 37.3949 
-3.93333 0.866667 38.6898 
-3.93333 0.933333 38.8768 
-3.93333 1 37.5534 
-3.93333 1.06667 38.6152 
-3.93333 1.13333 38.1152 
-3.93333 1.2 38.4354 
-3.93333 1.26667 37.8721 
-3.93333 1.33333 38.5717 
-3.93333 1.4 38.5989 
-3.93333 1.46667 38.5142 
-3.93333 1.53333 38.5534 
-3.93333 1.6 38.1479 
-3.93333 1.66667 38.4133 
-3.93333 1.73333 38.0305 
-3.93333 1.8 38.0486 
-3.93333 1.86667 38.6503 
-3.93333 1.93333 37.9147 
-3.93333 2 39.32 
-3.86667 -2 40.149 
-3.86667 -1.93333 40.1489 
-3.86667 -1.86667 40.1487 
-3.86667 -1.8 40.1485 
-3.86667 -1.73333 40.1482 
-3.86667 -1.66667 40.1477 
-3.86667 -1.6 40.1471 
-3.86667 -1.53333 40.1463 
-3.86667 -1.46667 40.1452 
-3.86667 -1.4 40.1437 
-3.86667 -1.33333 40.1417 
-3.86667 -1.26667 40.1389 
-3.86667 -1.2 40.1351 
-3.86667 -1.13333 40.13 
-3.86667 -1.06667 40.1231 
-3.86667 -1 40.1136 
-3.86667 -0.933333 40.1008 
-3.86667 -0.866667 40.0835 
-3.86667 -0.8 40.0601 
-3.86667 -0.733333 40.0284 
-3.86667 -0.666667 39.9857 
-3.86667 -0.6 39.9284 
-3.86667 -0.533333 39.8515 
-3.86667 -0.466667 39.7493 
-3.86667 -0.4 39.6141 
-3.86667 -0.333333 39.4371 
-3.86667 -0.266667 39.2087 
-3.86667 -0.2 38.919 
-3.86667 -0.133333 38.5608 
-3.86667 -0.0666667 38.1331 
-3.86667 -4.16334e-16 37.6471 
-3.86667 0.0666667 37.1343 
-3.86667 0.133333 36.6531 
-3.86667 0.2 36.2904 
-3.86667 0.266667 36.1545 
-3.86667 0.333333 36.3641 
-3.86667 0.4 37.0164 
-3.86667 0.466667 38.0584 
-3.86667 0.533333 39.0916 
-3.86667 0.6 39.4069 
-3.86667 0.666667 38.5291 
-3.86667 0.733333 37.1212 
-3.86667 0.8 36.946 
-3.86667 0.866667 38.4474 
-3.86667 0.933333 38.6662 
-3.86667 1 37.128 
-3.86667 1.06667 38.3605 
-3.86667 1.13333 37.7792 
-3.86667 1.2 38.1513 
-3.86667 1.26667 37.4969 
-3.86667 1.33333 38.3103 
-3.86667 1.4 38.3418 
-3.86667 1.46667 38.2432 
-3.86667 1.53333 38.289 
-3.86667 1.6 37.8163 
-3.86667 1.66667 38.1265 
-3.86667 1.73333 37.6802 
-3.86667 1.8 37.7012 
-3.86667 1.86667 38.4018 
-3.86667 1.93333 37.5462 
-3.86667 2 39.1826 
-3.8 -2 40.149 
-3.8 -1.93333 40.1488 
-3.8 -1.86667 40.1486 
-3.8 -1.8 40.1483 
-3.8 -1.73333 40.148 
-3.8 -1.66667 40.1474 
-3.8 -1.6 40.1467 
-3.8 -1.53333 40.1458 
-3.8 -1.46667 40.1445 
-3.8 -1.4 40.1428 
-3.8 -1.33333 40.1404 
-3.8 -1.26667 40.1371 
-3.8 -1.2 40.1328 
-3.8 -1.13333 40.1268 
-3.8 -1.06667 40.1187 
-3.8 -1 40.1077 
-3.8 -0.933333 40.0928 
-3.8 -0.866667 40.0726 
-3.8 -0.8 40.0453 
-3.8 -0.733333 40.0084 
-3.8 -0.666667 39.9586 
-3.8 -0.6 39.8917 
-3.8 -0.533333 39.8021 
-3.8 -0.466667 39.6829 
-3.8 -0.4 39.5253 
-3.8 -0.333333 39.319 
-3.8 -0.266667 39.0527 
-3.8 -0.2 38.715 
-3.8 -0.133333 38.2975 
-3.8 -0.0666667 37.7992 
-3.8 -4.16334e-16 37.2333 
-3.8 0.0666667 36.6371 
-3.8 0.133333 36.0796 
-3.8 0.2 35.6623 
-3.8 0.266667 35.5093 
-3.8 0.333333 35.7545 
-3.8 0.4 36.5095 
-3.8 0.466667 37.7161 
-3.8 0.533333 38.9163 
-3.8 0.6 39.2845 
-3.8 0.666667 38.261 
-3.8 0.733333 36.6268 
-3.8 0.8 36.4267 
-3.8 0.866667 38.1649 
-3.8 0.933333 38.4209 
-3.8 1 36.635 
-3.8 1.06667 38.0637 
-3.8 1.13333 37.3885 
-3.8 1.2 37.8203 
-3.8 1.26667 37.0612 
-3.8 1.33333 38.0057 
-3.8 1.4 38.0423 
-3.8 1.46667 37.9276 
-3.8 1.53333 37.9812 
-3.8 1.6 37.4305 
-3.8 1.66667 37.793 
-3.8 1.73333 37.2727 
-3.8 1.8 37.2972 
-3.8 1.86667 38.1125 
-3.8 1.93333 37.118 
-3.8 2 39.0224 
-3.73333 -2 40.1489 
-3.73333 -1.93333 40.1487 
-3.73333 -1.86667 40.1485 
-3.73333 -1.8 40.1482 
-3.73333 -1.73333 40.1477 
-3.73333 -1.66667 40.1471 
-3.73333 -1.6 40.1463 
-3.73333 -1.53333 40.1452 
-3.73333 -1.46667 40.1437 
-3.73333 -1.4 40.1417 
-3.73333 -1.33333 40.1389 
-3.73333 -1.26667 40.1351 
-3.73333 -1.2 40.13 
-3.73333 -1.13333 40.123 
-3.73333 -1.06667 40.1136 
-3.73333 -1 40.1008 
-3.73333 -0.933333 40.0834 
-3.73333 -0.866667 40.0599 
-3.73333 -0.8 40.028 
-3.73333 -0.733333 39.985 
-3.73333 -0.666667 39.9269 
-3.73333 -0.6 39.849 
-3.73333 -0.533333 39.7446 
-3.73333 -0.466667 39.6056 
-3.73333 -0.4 39.4218 
-3.73333 -0.333333 39.1814 
-3.73333 -0.266667 38.871 
-3.73333 -0.2 38.4774 
-3.73333 -0.133333 37.991 
-3.73333 -0.0666667 37.4105 
-3.73333 -4.16334e-16 36.7522 
-3.73333 0.0666667 36.0601 
-3.73333 0.133333 35.4157 
-3.73333 0.2 34.9375 
-3.73333 0.266667 34.7668 
-3.73333 0.333333 35.0535 
-3.73333 0.4 35.9249 
-3.73333 0.466667 37.3191 
-3.73333 0.533333 38.712 
-3.73333 0.6 39.142 
-3.73333 0.666667 37.9489 
-3.73333 0.733333 36.0549 
-3.73333 0.8 35.8274 
-3.73333 0.866667 37.8357 
-3.73333 0.933333 38.1355 
-3.73333 1 36.0647 
-3.73333 1.06667 37.718 
-3.73333 1.13333 36.9347 
-3.73333 1.2 37.4352 
-3.73333 1.26667 36.5557 
-3.73333 1.33333 37.6513 
-3.73333 1.4 37.6937 
-3.73333 1.46667 37.5604 
-3.73333 1.53333 37.623 
-3.73333 1.6 36.9817 
-3.73333 1.66667 37.4054 
-3.73333 1.73333 36.7993 
-3.73333 1.8 36.8278 
-3.73333 1.86667 37.7757 
-3.73333 1.93333 36.6213 
-3.73333 2 38.8359 
-3.66667 -2 40.1488 
-3.66667 -1.93333 40.1486 
-3.66667 -1.86667 40.1483 
-3.66667 -1.8 40.148 
-3.66667 -1.73333 40.1474 
-3.66667 -1.66667 40.1467 
-3.66667 -1.6 40.1458 
-3.66667 -1.53333 40.1445 
-3.66667 -1.46667 40.1428 
-3.66667 -1.4 40.1404 
-3.66667 -1.33333 40.1371 
-3.66667 -1.26667 40.1327 
-3.66667 -1.2 40.1268 
-3.66667 -1.13333 40.1187 
-3.66667 -1.06667 40.1077 
-3.66667 -1 40.0927 
-3.66667 -0.933333 40.0725 
-3.66667 -0.866667 40.045 
-3.66667 -0.8 40.0079 
-3.66667 -0.733333 39.9577 
-3.66667 -0.666667 39.89 
-3.66667 -0.6 39.7991 
-3.66667 -0.533333 39.6774 
-3.66667 -0.466667 39.5154 
-3.66667 -0.4 39.3012 
-3.66667 -0.333333 39.021 
-3.66667 -0.266667 38.6592 
-3.66667 -0.2 38.2007 
-3.66667 -0.133333 37.6342 
-3.66667 -0.0666667 36.9587 
-3.66667 -4.16334e-16 36.1937 
-3.66667 0.0666667 35.3918 
-3.66667 0.133333 34.6493 
-3.66667 0.2 34.1041 
-3.66667 0.266667 33.916 
-3.66667 0.333333 34.2506 
-3.66667 0.4 35.2529 
-3.66667 0.466667 36.8597 
-3.66667 0.533333 38.4741 
-3.66667 0.6 38.9765 
-3.66667 0.666667 37.586 
-3.66667 0.733333 35.3951 
-3.66667 0.8 35.138 
-3.66667 0.866667 37.4525 
-3.66667 0.933333 37.8036 
-3.66667 1 35.4068 
-3.66667 1.06667 37.3157 
-3.66667 1.13333 36.4084 
-3.66667 1.2 36.9874 
-3.66667 1.26667 35.9706 
-3.66667 1.33333 37.2392 
-3.66667 1.4 37.2882 
-3.66667 1.46667 37.1335 
-3.66667 1.53333 37.2066 
-3.66667 1.6 36.4606 
-3.66667 1.66667 36.9556 
-3.66667 1.73333 36.2501 
-3.66667 1.8 36.2832 
-3.66667 1.86667 37.3839 
-3.66667 1.93333 36.0459 
-3.66667 2 38.6187 
-3.6 -2 40.1487 
-3.6 -1.93333 40.1485 
-3.6 -1.86667 40.1482 
-3.6 -1.8 40.1477 
-3.6 -1.73333 40.1471 
-3.6 -1.66667 40.1463 
-3.6 -1.6 40.1452 
-3.6 -1.53333 40.1437 
-3.6 -1.46667 40.1417 
-3.6 -1.4 40.1389 
-3.6 -1.33333 40.1351 
-3.6 -1.26667 40.13 
-3.6 -1.2 40.123 
-3.6 -1.13333 40.1136 
-3.6 -1.06667 40.1007 
-3.6 -1 40.0833 
-3.6 -0.933333 40.0597 
-3.6 -0.866667 40.0277 
-3.6 -0.8 39.9844 
-3.6 -0.733333 39.9259 
-3.6 -0.666667 39.847 
-3.6 -0.6 39.7411 
-3.6 -0.533333 39.5992 
-3.6 -0.466667 39.4103 
-3.6 -0.4 39.1607 
-3.6 -0.333333 38.8341 
-3.6 -0.266667 38.4126 
-3.6 -0.2 37.8786 
-3.6 -0.133333 37.2192 
-3.6 -0.0666667 36.4339 
-3.6 -4.16334e-16 35.5464 
-3.6 0.0666667 34.6199 
-3.6 0.133333 33.7679 
-3.6 0.2 33.1505 
-3.6 0.266667 32.9464 
-3.6 0.333333 33.3359 
-3.6 0.4 34.4836 
-3.6 0.466667 36.3289 
-3.6 0.533333 38.197 
-3.6 0.6 38.784 
-3.6 0.666667 37.1643 
-3.6 0.733333 34.6366 
-3.6 0.8 34.3481 
-3.6 0.866667 37.0066 
-3.6 0.933333 37.418 
-3.6 1 34.6504 
-3.6 1.06667 36.8478 
-3.6 1.13333 35.7992 
-3.6 1.2 36.4674 
-3.6 1.26667 35.295 
-3.6 1.33333 36.7605 
-3.6 1.4 36.817 
-3.6 1.46667 36.6377 
-3.6 1.53333 36.7231 
-3.6 1.6 35.8564 
-3.6 1.66667 36.4343 
-3.6 1.73333 35.6143 
-3.6 1.8 35.6528 
-3.6 1.86667 36.9287 
-3.6 1.93333 35.3812 
-3.6 2 38.3659 
-3.53333 -2 40.1486 
-3.53333 -1.93333 40.1483 
-3.53333 -1.86667 40.148 
-3.53333 -1.8 40.1474 
-3.53333 -1.73333 40.1467 
-3.53333 -1.66667 40.1458 
-3.53333 -1.6 40.1445 
-3.53333 -1.53333 40.1428 
-3.53333 -1.46667 40.1404 
-3.53333 -1.4 40.1371 
-3.53333 -1.33333 40.1327 
-3.53333 -1.26667 40.1268 
-3.53333 -1.2 40.1186 
-3.53333 -1.13333 40.1076 
-3.53333 -1.06667 40.0927 
-3.53333 -1 40.0723 
-3.53333 -0.933333 40.0448 
-3.53333 -0.866667 40.0075 
-3.53333 -0.8 39.957 
-3.53333 -0.733333 39.8888 
-3.53333 -0.666667 39.7969 
-3.53333 -0.6 39.6733 
-3.53333 -0.533333 39.508 
-3.53333 -0.466667 39.2878 
-3.53333 -0.4 38.9969 
-3.53333 -0.333333 38.6164 
-3.53333 -0.266667 38.1255 
-3.53333 -0.2 37.5039 
-3.53333 -0.133333 36.737 
-3.53333 -0.0666667 35.8254 
-3.53333 -4.16334e-16 34.7983 
-3.53333 0.0666667 33.7315 
-3.53333 0.133333 32.7593 
-3.53333 0.2 32.0661 
-3.53333 0.266667 31.8491 
-3.53333 0.333333 32.3009 
-3.53333 0.4 33.6076 
-3.53333 0.466667 35.7176 
-3.53333 0.533333 37.8745 
-3.53333 0.6 38.5606 
-3.53333 0.666667 36.675 
-3.53333 0.733333 33.7686 
-3.53333 0.8 33.4475 
-3.53333 0.866667 36.4884 
-3.53333 0.933333 36.9706 
-3.53333 1 33.7844 
-3.53333 1.06667 36.3045 
-3.53333 1.13333 35.096 
-3.53333 1.2 35.8646 
-3.53333 1.26667 34.5173 
-3.53333 1.33333 36.2053 
-3.53333 1.4 36.2703 
-3.53333 1.46667 36.0629 
-3.53333 1.53333 36.1625 
-3.53333 1.6 35.1574 
-3.53333 1.66667 35.8315 
-3.53333 1.73333 34.8801 
-3.53333 1.8 34.9248 
-3.53333 1.86667 36.4005 
-3.53333 1.93333 34.6157 
-3.53333 2 38.0717 
-3.46667 -2 40.1485 
-3.46667 -1.93333 40.1482 
-3.46667 -1.86667 40.1477 
-3.46667 -1.8 40.1471 
-3.46667 -1.73333 40.1463 
-3.46667 -1.66667 40.1452 
-3.46667 -1.6 40.1437 
-3.46667 -1.53333 40.1417 
-3.46667 -1.46667 40.1389 
-3.46667 -1.4 40.1351 
-3.46667 -1.33333 40.13 
-3.46667 -1.26667 40.123 
-3.46667 -1.2 40.1135 
-3.46667 -1.13333 40.1007 
-3.46667 -1.06667 40.0832 
-3.46667 -1 40.0596 
-3.46667 -0.933333 40.0275 
-3.46667 -0.866667 39.984 
-3.46667 -0.8 39.9251 
-3.46667 -0.733333 39.8456 
-3.46667 -0.666667 39.7384 
-3.46667 -0.6 39.5944 
-3.46667 -0.533333 39.4017 
-3.46667 -0.466667 39.1451 
-3.46667 -0.4 38.8062 
-3.46667 -0.333333 38.363 
-3.46667 -0.266667 37.7914 
-3.46667 -0.2 37.0683 
-3.46667 -0.133333 36.1777 
-3.46667 -0.0666667 35.1215 
-3.46667 -4.16334e-16 33.9366 
-3.46667 0.0666667 32.7141 
-3.46667 0.133333 31.6126 
-3.46667 0.2 30.8426 
-3.46667 0.266667 30.6182 
-3.46667 0.333333 31.1398 
-3.46667 0.4 32.6167 
-3.46667 0.466667 35.0157 
-3.46667 0.533333 37.4995 
-3.46667 0.6 38.3014 
-3.46667 0.666667 36.1085 
-3.46667 0.733333 32.7809 
-3.46667 0.8 32.4272 
-3.46667 0.866667 35.887 
-3.46667 0.933333 36.4523 
-3.46667 1 32.7984 
-3.46667 1.06667 35.6746 
-3.46667 1.13333 34.2869 
-3.46667 1.2 35.1673 
-3.46667 1.26667 33.6259 
-3.46667 1.33333 35.5628 
-3.46667 1.4 35.6372 
-3.46667 1.46667 35.398 
-3.46667 1.53333 35.5142 
-3.46667 1.6 34.3514 
-3.46667 1.66667 35.1365 
-3.46667 1.73333 34.0353 
-3.46667 1.8 34.0871 
-3.46667 1.86667 35.7886 
-3.46667 1.93333 33.7376 
-3.46667 2 37.7298 
-3.4 -2 40.1483 
-3.4 -1.93333 40.148 
-3.4 -1.86667 40.1474 
-3.4 -1.8 40.1467 
-3.4 -1.73333 40.1458 
-3.4 -1.66667 40.1445 
-3.4 -1.6 40.1428 
-3.4 -1.53333 40.1404 
-3.4 -1.46667 40.1371 
-3.4 -1.4 40.1327 
-3.4 -1.33333 40.1268 
-3.4 -1.26667 40.1186 
-3.4 -1.2 40.1076 
-3.4 -1.13333 40.0926 
-3.4 -1.06667 40.0723 
-3.4 -1 40.0447 
-3.4 -0.933333 40.0072 
-3.4 -0.866667 39.9565 
-3.4 -0.8 39.8879 
-3.4 -0.733333 39.7952 
-3.4 -0.666667 39.6703 
-3.4 -0.6 39.5024 
-3.4 -0.533333 39.2778 
-3.4 -0.466667 38.9788 
-3.4 -0.4 38.584 
-3.4 -0.333333 38.0679 
-3.4 -0.266667 37.4029 
-3.4 -0.2 36.5627 
-3.4 -0.133333 35.53 
-3.4 -0.0666667 34.3097 
-3.4 -4.16334e-16 32.9483 
-3.4 0.0666667 31.5562 
-3.4 0.133333 30.3194 
-3.4 0.2 29.476 
-3.4 0.266667 29.2525 
-3.4 0.333333 29.8507 
-3.4 0.4 31.5049 
-3.4 0.466667 34.2136 
-3.4 0.533333 37.0638 
-3.4 0.6 38.0011 
-3.4 0.666667 35.454 
-3.4 0.733333 31.6655 
-3.4 0.8 31.2804 
-3.4 0.866667 35.1905 
-3.4 0.933333 35.8533 
-3.4 1 31.6836 
-3.4 1.06667 34.9462 
-3.4 1.13333 33.3604 
-3.4 1.2 34.3633 
-3.4 1.26667 32.6098 
-3.4 1.33333 34.8213 
-3.4 1.4 34.9061 
-3.4 1.46667 34.6311 
-3.4 1.53333 34.7665 
-3.4 1.6 33.4255 
-3.4 1.66667 34.338 
-3.4 1.73333 33.0675 
-3.4 1.8 33.1276 
-3.4 1.86667 35.0815 
-3.4 1.93333 32.736 
-3.4 2 37.3328 
-3.33333 -2 40.1482 
-3.33333 -1.93333 40.1477 
-3.33333 -1.86667 40.1471 
-3.33333 -1.8 40.1463 
-3.33333 -1.73333 40.1452 
-3.33333 -1.66667 40.1437 
-3.33333 -1.6 40.1417 
-3.33333 -1.53333 40.1389 
-3.33333 -1.46667 40.1351 
-3.33333 -1.4 40.13 
-3.33333 -1.33333 40.123 
-3.33333 -1.26667 40.1135 
-3.33333 -1.2 40.1007 
-3.33333 -1.13333 40.0832 
-3.33333 -1.06667 40.0595 
-3.33333 -1 40.0273 
-3.33333 -0.933333 39.9837 
-3.33333 -0.866667 39.9245 
-3.33333 -0.8 39.8446 
-3.33333 -0.733333 39.7365 
-3.33333 -0.666667 39.5909 
-3.33333 -0.6 39.3952 
-3.33333 -0.533333 39.1334 
-3.33333 -0.466667 38.7851 
-3.33333 -0.4 38.3253 
-3.33333 -0.333333 37.7247 
-3.33333 -0.266667 36.9517 
-3.33333 -0.2 35.9768 
-3.33333 -0.133333 34.7821 
-3.33333 -0.0666667 33.3771 
-3.33333 -4.16334e-16 31.8216 
-3.33333 0.0666667 30.2491 
-3.33333 0.133333 28.8765 
-3.33333 0.2 27.9686 
-3.33333 0.266667 27.7578 
-3.33333 0.333333 28.438 
-3.33333 0.4 30.2701 
-3.33333 0.466667 33.3018 
-3.33333 0.533333 36.5582 
-3.33333 0.6 37.6536 
-3.33333 0.666667 34.7006 
-3.33333 0.733333 30.4176 
-3.33333 0.8 30.0035 
-3.33333 0.866667 34.3862 
-3.33333 0.933333 35.1631 
-3.33333 1 30.4341 
-3.33333 1.06667 34.1066 
-3.33333 1.13333 32.3056 
-3.33333 1.2 33.44 
-3.33333 1.26667 31.4594 
-3.33333 1.33333 33.9689 
-3.33333 1.4 34.0648 
-3.33333 1.46667 33.7503 
-3.33333 1.53333 33.9075 
-3.33333 1.6 32.3676 
-3.33333 1.66667 33.4251 
-3.33333 1.73333 31.9654 
-3.33333 1.8 32.035 
-3.33333 1.86667 34.2672 
-3.33333 1.93333 31.6012 
-3.33333 2 36.8725 
-3.26667 -2 40.148 
-3.26667 -1.93333 40.1474 
-3.26667 -1.86667 40.1467 
-3.26667 -1.8 40.1458 
-3.26667 -1.73333 40.1445 
-3.26667 -1.66667 40.1428 
-3.26667 -1.6 40.1404 
-3.26667 -1.53333 40.1371 
-3.26667 -1.46667 40.1327 
-3.26667 -1.4 40.1268 
-3.26667 -1.33333 40.1186 
-3.26667 -1.26667 40.1076 
-3.26667 -1.2 40.0926 
-3.26667 -1.13333 40.0722 
-3.26667 -1.06667 40.0446 
-3.26667 -1 40.007 
-3.26667 -0.933333 39.9562 
-3.26667 -0.866667 39.8873 
-3.26667 -0.8 39.794 
-3.26667 -0.733333 39.6681 
-3.26667 -0.666667 39.4983 
-3.26667 -0.6 39.2703 
-3.26667 -0.533333 38.9653 
-3.26667 -0.466667 38.5596 
-3.26667 -0.4 38.0243 
-3.26667 -0.333333 37.3259 
-3.26667 -0.266667 36.4282 
-3.26667 -0.2 35.2991 
-3.26667 -0.133333 33.9212 
-3.26667 -0.0666667 32.3114 
-3.26667 -4.16334e-16 30.5468 
-3.26667 0.0666667 28.789 
-3.26667 0.133333 27.2876 
-3.26667 0.2 26.3312 
-3.26667 0.266667 26.1489 
-3.26667 0.333333 26.9141 
-3.26667 0.4 28.9157 
-3.26667 0.466667 32.2726 
-3.26667 0.533333 35.9725 
-3.26667 0.6 37.2524 
-3.26667 0.666667 33.8371 
-3.26667 0.733333 29.0374 
-3.26667 0.8 28.5987 
-3.26667 0.866667 33.4606 
-3.26667 0.933333 34.3711 
-3.26667 1 29.0486 
-3.26667 1.06667 33.1428 
-3.26667 1.13333 31.1137 
-3.26667 1.2 32.3853 
-3.26667 1.26667 30.1684 
-3.26667 1.33333 32.9938 
-3.26667 1.4 33.1013 
-3.26667 1.46667 32.7436 
-3.26667 1.53333 32.9258 
-3.26667 1.6 31.1671 
-3.26667 1.66667 32.3876 
-3.26667 1.73333 30.7198 
-3.26667 1.8 30.8006 
-3.26667 1.86667 33.3332 
-3.26667 1.93333 30.3268 
-3.26667 2 36.3397 
-3.2 -2 40.1477 
-3.2 -1.93333 40.1471 
-3.2 -1.86667 40.1463 
-3.2 -1.8 40.1452 
-3.2 -1.73333 40.1437 
-3.2 -1.66667 40.1417 
-3.2 -1.6 40.1389 
-3.2 -1.53333 40.1351 
-3.2 -1.46667 40.13 
-3.2 -1.4 40.123 
-3.2 -1.33333 40.1135 
-3.2 -1.26667 40.1006 
-3.2 -1.2 40.0832 
-3.2 -1.13333 40.0594 
-3.2 -1.06667 40.0272 
-3.2 -1 39.9834 
-3.2 -0.933333 39.9241 
-3.2 -0.866667 39.8438 
-3.2 -0.8 39.7351 
-3.2 -0.733333 39.5883 
-3.2 -0.666667 39.3905 
-3.2 -0.6 39.1247 
-3.2 -0.533333 38.7694 
-3.2 -0.466667 38.297 
-3.2 -0.4 37.6743 
-3.2 -0.333333 36.8627 
-3.2 -0.266667 35.8221 
-3.2 -0.2 34.5176 
-3.2 -0.133333 32.9348 
-3.2 -0.0666667 31.1017 
-3.2 -4.16334e-16 29.1184 
-3.2 0.0666667 27.179 
-3.2 0.133333 25.5663 
-3.2 0.2 24.5863 
-3.2 0.266667 24.4513 
-3.2 0.333333 25.301 
-3.2 0.4 27.4522 
-3.2 0.466667 31.1205 
-3.2 0.533333 35.2954 
-3.2 0.6 36.7904 
-3.2 0.666667 32.8532 
-3.2 0.733333 27.5328 
-3.2 0.8 27.0746 
-3.2 0.866667 32.4007 
-3.2 0.933333 33.4668 
-3.2 1 27.5322 
-3.2 1.06667 32.0428 
-3.2 1.13333 29.7796 
-3.2 1.2 31.1888 
-3.2 1.26667 28.7351 
-3.2 1.33333 31.8854 
-3.2 1.4 32.0045 
-3.2 1.46667 31.6009 
-3.2 1.53333 31.8111 
-3.2 1.6 29.8166 
-3.2 1.66667 31.2178 
-3.2 1.73333 29.3252 
-3.2 1.8 29.4191 
-3.2 1.86667 32.2679 
-3.2 1.93333 28.9111 
-3.2 2 35.7246 
-3.13333 -2 40.1474 
-3.13333 -1.93333 40.1467 
-3.13333 -1.86667 40.1458 
-3.13333 -1.8 40.1445 
-3.13333 -1.73333 40.1428 
-3.13333 -1.66667 40.1404 
-3.13333 -1.6 40.1371 
-3.13333 -1.53333 40.1327 
-3.13333 -1.46667 40.1267 
-3.13333 -1.4 40.1186 
-3.13333 -1.33333 40.1076 
-3.13333 -1.26667 40.0926 
-3.13333 -1.2 40.0722 
-3.13333 -1.13333 40.0445 
-3.13333 -1.06667 40.0069 
-3.13333 -1 39.9559 
-3.13333 -0.933333 39.8868 
-3.13333 -0.866667 39.7931 
-3.13333 -0.8 39.6664 
-3.13333 -0.733333 39.4953 
-3.13333 -0.666667 39.2647 
-3.13333 -0.6 38.9552 
-3.13333 -0.533333 38.5413 
-3.13333 -0.466667 37.9915 
-3.13333 -0.4 37.2676 
-3.13333 -0.333333 36.3258 
-3.13333 -0.266667 35.1217 
-3.13333 -0.2 33.6197 
-3.13333 -0.133333 31.811 
-3.13333 -0.0666667 29.7406 
-3.13333 -4.16334e-16 27.5374 
-3.13333 0.0666667 25.4325 
-3.13333 0.133333 23.7388 
-3.13333 0.2 22.7689 
-3.13333 0.266667 22.7034 
-3.13333 0.333333 23.6319 
-3.13333 0.4 25.8987 
-3.13333 0.466667 29.8444 
-3.13333 0.533333 34.515 
-3.13333 0.6 36.2598 
-3.13333 0.666667 31.7406 
-3.13333 0.733333 25.921 
-3.13333 0.8 25.4487 
-3.13333 0.866667 31.1946 
-3.13333 0.933333 32.4415 
-3.13333 1 25.8986 
-3.13333 1.06667 30.7965 
-3.13333 1.13333 28.304 
-3.13333 1.2 29.8433 
-3.13333 1.26667 27.1648 
-3.13333 1.33333 30.636 
-3.13333 1.4 30.7661 
-3.13333 1.46667 30.3149 
-3.13333 1.53333 30.5563 
-3.13333 1.6 28.3142 
-3.13333 1.66667 29.9114 
-3.13333 1.73333 27.7823 
-3.13333 1.8 27.8918 
-3.13333 1.86667 31.0612 
-3.13333 1.93333 27.3597 
-3.13333 2 35.0168 
-3.06667 -2 40.1471 
-3.06667 -1.93333 40.1463 
-3.06667 -1.86667 40.1452 
-3.06667 -1.8 40.1437 
-3.06667 -1.73333 40.1417 
-3.06667 -1.66667 40.1389 
-3.06667 -1.6 40.1351 
-3.06667 -1.53333 40.13 
-3.06667 -1.46667 40.123 
-3.06667 -1.4 40.1135 
-3.06667 -1.33333 40.1006 
-3.06667 -1.26667 40.0831 
-3.06667 -1.2 40.0594 
-3.06667 -1.13333 40.0271 
-3.06667 -1.06667 39.9833 
-3.06667 -1 39.9238 
-3.06667 -0.933333 39.8432 
-3.06667 -0.866667 39.734 
-3.06667 -0.8 39.5863 
-3.06667 -0.733333 39.3869 
-3.06667 -0.666667 39.1183 
-3.06667 -0.6 38.7577 
-3.06667 -0.533333 38.2759 
-3.06667 -0.466667 37.6364 
-3.06667 -0.4 36.7956 
-3.06667 -0.333333 35.7045 
-3.06667 -0.266667 34.3151 
-3.06667 -0.2 32.5932 
-3.06667 -0.133333 30.5405 
-3.06667 -0.0666667 28.2258 
-3.06667 -4.16334e-16 25.8144 
-3.06667 0.0666667 23.5755 
-3.06667 0.133333 21.8452 
-3.06667 0.2 20.9282 
-3.06667 0.266667 20.9557 
-3.06667 0.333333 21.9515 
-3.06667 0.4 24.2847 
-3.06667 0.466667 28.4483 
-3.06667 0.533333 33.6187 
-3.06667 0.6 35.6531 
-3.06667 0.666667 30.4948 
-3.06667 0.733333 24.2303 
-3.06667 0.8 23.7488 
-3.06667 0.866667 29.833 
-3.06667 0.933333 31.2889 
-3.06667 1 24.1718 
-3.06667 1.06667 29.3976 
-3.06667 1.13333 26.6955 
-3.06667 1.2 28.347 
-3.06667 1.26667 25.472 
-3.06667 1.33333 29.2424 
-3.06667 1.4 29.3818 
-3.06667 1.46667 28.8834 
-3.06667 1.53333 29.1588 
-3.06667 1.6 26.6654 
-3.06667 1.66667 28.4701 
-3.06667 1.73333 26.1001 
-3.06667 1.8 26.2283 
-3.06667 1.86667 29.7064 
-3.06667 1.93333 25.6873 
-3.06667 2 34.2058 
-3 -2 40.1467 
-3 -1.93333 40.1458 
-3 -1.86667 40.1445 
-3 -1.8 40.1428 
-3 -1.73333 40.1404 
-3 -1.66667 40.1371 
-3 -1.6 40.1327 
-3 -1.53333 40.1267 
-3 -1.46667 40.1186 
-3 -1.4 40.1076 
-3 -1.33333 40.0925 
-3 -1.26667 40.0721 
-3 -1.2 40.0444 
-3 -1.13333 40.0068 
-3 -1.06667 39.9557 
-3 -1 39.8864 
-3 -0.933333 39.7924 
-3 -0.866667 39.6652 
-3 -0.8 39.493 
-3 -0.733333 39.2606 
-3 -0.666667 38.9477 
-3 -0.6 38.5277 
-3 -0.533333 37.9671 
-3 -0.466667 37.2238 
-3 -0.4 36.2486 
-3 -0.333333 34.9872 
-3 -0.266667 33.3897 
-3 -0.2 31.4268 
-3 -0.133333 29.1176 
-3 -0.0666667 26.5633 
-3 -4.16334e-16 23.9717 
-3 0.0666667 21.6487 
-3 0.133333 19.9409 
-3 0.2 19.1266 
-3 0.266667 19.2704 
-3 0.333333 20.3156 
-3 0.4 22.6503 
-3 0.466667 26.9435 
-3 0.533333 32.5943 
-3 0.6 34.9628 
-3 0.666667 29.1172 
-3 0.733333 22.5017 
-3 0.8 22.0133 
-3 0.866667 28.3116 
-3 0.933333 30.0076 
-3 1 22.3875 
-3 1.06667 27.846 
-3 1.13333 24.9731 
-3 1.2 26.7057 
-3 1.26667 23.6823 
-3 1.33333 27.7085 
-3 1.4 27.854 
-3 1.46667 27.3113 
-3 1.53333 27.6231 
-3 1.6 24.8864 
-3 1.66667 26.9033 
-3 1.73333 24.2982 
-3 1.8 24.4495 
-3 1.86667 28.2022 
-3 1.93333 23.9203 
-3 2 33.2819 
-2.93333 -2 40.1463 
-2.93333 -1.93333 40.1452 
-2.93333 -1.86667 40.1437 
-2.93333 -1.8 40.1417 
-2.93333 -1.73333 40.1389 
-2.93333 -1.66667 40.1351 
-2.93333 -1.6 40.13 
-2.93333 -1.53333 40.123 
-2.93333 -1.46667 40.1135 
-2.93333 -1.4 40.1006 
-2.93333 -1.33333 40.0831 
-2.93333 -1.26667 40.0593 
-2.93333 -1.2 40.027 
-2.93333 -1.13333 39.9831 
-2.93333 -1.06667 39.9236 
-2.93333 -1 39.8428 
-2.93333 -0.933333 39.7333 
-2.93333 -0.866667 39.5849 
-2.93333 -0.8 39.3843 
-2.93333 -0.733333 39.1135 
-2.93333 -0.666667 38.749 
-2.93333 -0.6 38.2601 
-2.93333 -0.533333 37.6081 
-2.93333 -0.466667 36.7452 
-2.93333 -0.4 35.6159 
-2.93333 -0.333333 34.1618 
-2.93333 -0.266667 32.3335 
-2.93333 -0.2 30.1123 
-2.93333 -0.133333 27.5433 
-2.93333 -0.0666667 24.7698 
-2.93333 -4.16334e-16 22.0465 
-2.93333 0.0666667 19.7085 
-2.93333 0.133333 18.0947 
-2.93333 0.2 17.4366 
-2.93333 0.266667 17.7176 
-2.93333 0.333333 18.7878 
-2.93333 0.4 21.0454 
-2.93333 0.466667 25.3501 
-2.93333 0.533333 31.4306 
-2.93333 0.6 34.1824 
-2.93333 0.666667 27.6177 
-2.93333 0.733333 20.7883 
-2.93333 0.8 20.2915 
-2.93333 0.866667 26.633 
-2.93333 0.933333 28.6031 
-2.93333 1 20.5932 
-2.93333 1.06667 26.1501 
-2.93333 1.13333 23.1683 
-2.93333 1.2 24.9359 
-2.93333 1.26667 21.8339 
-2.93333 1.33333 26.0478 
-2.93333 1.4 26.1946 
-2.93333 1.46667 25.6136 
-2.93333 1.53333 25.9633 
-2.93333 1.6 23.0062 
-2.93333 1.66667 25.2303 
-2.93333 1.73333 22.4094 
-2.93333 1.8 22.5891 
-2.93333 1.86667 26.5548 
-2.93333 1.93333 22.098 
-2.93333 2 32.237 
-2.86667 -2 40.1458 
-2.86667 -1.93333 40.1445 
-2.86667 -1.86667 40.1428 
-2.86667 -1.8 40.1404 
-2.86667 -1.73333 40.1371 
-2.86667 -1.66667 40.1327 
-2.86667 -1.6 40.1267 
-2.86667 -1.53333 40.1186 
-2.86667 -1.46667 40.1076 
-2.86667 -1.4 40.0925 
-2.86667 -1.33333 40.0721 
-2.86667 -1.26667 40.0444 
-2.86667 -1.2 40.0067 
-2.86667 -1.13333 39.9556 
-2.86667 -1.06667 39.8861 
-2.86667 -1 39.7919 
-2.86667 -0.933333 39.6643 
-2.86667 -0.866667 39.4914 
-2.86667 -0.8 39.2576 
-2.86667 -0.733333 38.9421 
-2.86667 -0.666667 38.5176 
-2.86667 -0.6 37.9488 
-2.86667 -0.533333 37.1912 
-2.86667 -0.466667 36.1907 
-2.86667 -0.4 34.886 
-2.86667 -0.333333 33.2161 
-2.86667 -0.266667 31.1361 
-2.86667 -0.2 28.6459 
-2.86667 -0.133333 25.8276 
-2.86667 -0.0666667 22.8756 
-2.86667 -4.16334e-16 20.0913 
-2.86667 0.0666667 17.8252 
-2.86667 0.133333 16.3852 
-2.86667 0.2 15.9364 
-2.86667 0.266667 16.3705 
-2.86667 0.333333 17.4366 
-2.86667 0.4 19.5286 
-2.86667 0.466667 23.6977 
-2.86667 0.533333 30.1187 
-2.86667 0.6 33.3075 
-2.86667 0.666667 26.0175 
-2.86667 0.733333 19.1536 
-2.86667 0.8 18.642 
-2.86667 0.866667 24.8101 
-2.86667 0.933333 27.0901 
-2.86667 1 18.8476 
-2.86667 1.06667 24.3302 
-2.86667 1.13333 21.326 
-2.86667 1.2 23.0665 
-2.86667 1.26667 19.9778 
-2.86667 1.33333 24.2859 
-2.86667 1.4 24.4271 
-2.86667 1.46667 23.8177 
-2.86667 1.53333 24.2056 
-2.86667 1.6 21.0684 
-2.86667 1.66667 23.4823 
-2.86667 1.73333 20.4801 
-2.86667 1.8 20.6953 
-2.86667 1.86667 24.7806 
-2.86667 1.93333 20.2727 
-2.86667 2 31.0662 
-2.8 -2 40.1452 
-2.8 -1.93333 40.1437 
-2.8 -1.86667 40.1417 
-2.8 -1.8 40.1389 
-2.8 -1.73333 40.1351 
-2.8 -1.66667 40.13 
-2.8 -1.6 40.123 
-2.8 -1.53333 40.1135 
-2.8 -1.46667 40.1006 
-2.8 -1.4 40.0831 
-2.8 -1.33333 40.0593 
-2.8 -1.26667 40.027 
-2.8 -1.2 39.983 
-2.8 -1.13333 39.9234 
-2.8 -1.06667 39.8425 
-2.8 -1 39.7327 
-2.8 -0.933333 39.5839 
-2.8 -0.866667 39.3824 
-2.8 -0.8 39.11 
-2.8 -0.733333 38.7425 
-2.8 -0.666667 38.2484 
-2.8 -0.6 37.5871 
-2.8 -0.533333 36.7076 
-2.8 -0.466667 35.5496 
-2.8 -0.4 34.0469 
-2.8 -0.333333 32.1382 
-2.8 -0.266667 29.79 
-2.8 -0.2 27.0311 
-2.8 -0.133333 23.9924 
-2.8 -0.0666667 20.9264 
-2.8 -4.16334e-16 18.1741 
-2.8 0.0666667 16.0793 
-2.8 0.133333 14.8944 
-2.8 0.2 14.702 
-2.8 0.266667 15.2987 
-2.8 0.333333 16.3292 
-2.8 0.4 18.1635 
-2.8 0.466667 22.0261 
-2.8 0.533333 28.6538 
-2.8 0.6 32.3366 
-2.8 0.666667 24.3513 
-2.8 0.733333 17.6684 
-2.8 0.8 17.1303 
-2.8 0.866667 22.8683 
-2.8 0.933333 25.4957 
-2.8 1 17.2177 
-2.8 1.06667 22.4204 
-2.8 1.13333 19.5043 
-2.8 1.2 21.1411 
-2.8 1.26667 18.1768 
-2.8 1.33333 22.4626 
-2.8 1.4 22.5893 
-2.8 1.46667 21.9648 
-2.8 1.53333 22.3895 
-2.8 1.6 19.1312 
-2.8 1.66667 21.7029 
-2.8 1.73333 18.5709 
-2.8 1.8 18.8296 
-2.8 1.86667 22.9084 
-2.8 1.93333 18.5089 
-2.8 2 29.7703 
-2.73333 -2 40.1445 
-2.73333 -1.93333 40.1428 
-2.73333 -1.86667 40.1404 
-2.73333 -1.8 40.1371 
-2.73333 -1.73333 40.1327 
-2.73333 -1.66667 40.1267 
-2.73333 -1.6 40.1186 
-2.73333 -1.53333 40.1075 
-2.73333 -1.46667 40.0925 
-2.73333 -1.4 40.0721 
-2.73333 -1.33333 40.0444 
-2.73333 -1.26667 40.0067 
-2.73333 -1.2 39.9555 
-2.73333 -1.13333 39.8859 
-2.73333 -1.06667 39.7916 
-2.73333 -1 39.6636 
-2.73333 -0.933333 39.4901 
-2.73333 -0.866667 39.2553 
-2.73333 -0.8 38.938 
-2.73333 -0.733333 38.5102 
-2.73333 -0.666667 37.9353 
-2.73333 -0.6 37.1669 
-2.73333 -0.533333 36.1476 
-2.73333 -0.466667 34.8105 
-2.73333 -0.4 33.0861 
-2.73333 -0.333333 30.9182 
-2.73333 -0.266667 28.293 
-2.73333 -0.2 25.2811 
-2.73333 -0.133333 22.0741 
-2.73333 -0.0666667 18.9837 
-2.73333 -4.16334e-16 16.3743 
-2.73333 0.0666667 14.5554 
-2.73333 0.133333 13.6999 
-2.73333 0.2 13.7993 
-2.73333 0.266667 14.56 
-2.73333 0.333333 15.5247 
-2.73333 0.4 17.0145 
-2.73333 0.466667 20.3848 
-2.73333 0.533333 27.0374 
-2.73333 0.6 31.2732 
-2.73333 0.666667 22.6687 
-2.73333 0.733333 16.4044 
-2.73333 0.8 15.8238 
-2.73333 0.866667 20.848 
-2.73333 0.933333 23.86 
-2.73333 1 15.7752 
-2.73333 1.06667 20.4698 
-2.73333 1.13333 17.7724 
-2.73333 1.2 19.2178 
-2.73333 1.26667 16.5025 
-2.73333 1.33333 20.632 
-2.73333 1.4 20.7334 
-2.73333 1.46667 20.1104 
-2.73333 1.53333 20.5689 
-2.73333 1.6 17.2659 
-2.73333 1.66667 19.9478 
-2.73333 1.73333 16.7535 
-2.73333 1.8 17.065 
-2.73333 1.86667 20.981 
-2.73333 1.93333 16.8792 
-2.73333 2 28.3574 
-2.66667 -2 40.1437 
-2.66667 -1.93333 40.1417 
-2.66667 -1.86667 40.1389 
-2.66667 -1.8 40.1351 
-2.66667 -1.73333 40.13 
-2.66667 -1.66667 40.123 
-2.66667 -1.6 40.1135 
-2.66667 -1.53333 40.1006 
-2.66667 -1.46667 40.0831 
-2.66667 -1.4 40.0593 
-2.66667 -1.33333 40.0269 
-2.66667 -1.26667 39.983 
-2.66667 -1.2 39.9233 
-2.66667 -1.13333 39.8422 
-2.66667 -1.06667 39.7323 
-2.66667 -1 39.5831 
-2.66667 -0.933333 39.3809 
-2.66667 -0.866667 39.1073 
-2.66667 -0.8 38.7378 
-2.66667 -0.733333 38.2398 
-2.66667 -0.666667 37.5714 
-2.66667 -0.6 36.6797 
-2.66667 -0.533333 35.5003 
-2.66667 -0.466667 33.9611 
-2.66667 -0.4 31.9923 
-2.66667 -0.333333 29.5495 
-2.66667 -0.266667 26.6505 
-2.66667 -0.2 23.422 
-2.66667 -0.133333 20.1251 
-2.66667 -0.0666667 17.1227 
-2.66667 -4.16334e-16 14.777 
-2.66667 0.0666667 13.3328 
-2.66667 0.133333 12.865 
-2.66667 0.2 13.2749 
-2.66667 0.266667 14.1925 
-2.66667 0.333333 15.0669 
-2.66667 0.4 16.141 
-2.66667 0.466667 18.8312 
-2.66667 0.533333 25.2796 
-2.66667 0.6 30.1276 
-2.66667 0.666667 21.0331 
-2.66667 0.733333 15.4285 
-2.66667 0.8 14.787 
-2.66667 0.866667 18.8049 
-2.66667 0.933333 22.2377 
-2.66667 1 14.5899 
-2.66667 1.06667 18.5428 
-2.66667 1.13333 16.2063 
-2.66667 1.2 17.3672 
-2.66667 1.26667 15.0304 
-2.66667 1.33333 18.8617 
-2.66667 1.4 18.9254 
-2.66667 1.46667 18.3227 
-2.66667 1.53333 18.81 
-2.66667 1.6 15.5527 
-2.66667 1.66667 18.2829 
-2.66667 1.73333 15.1068 
-2.66667 1.8 15.4806 
-2.66667 1.86667 19.0555 
-2.66667 1.93333 15.4598 
-2.66667 2 26.8463 
-2.6 -2 40.1428 
-2.6 -1.93333 40.1404 
-2.6 -1.86667 40.1371 
-2.6 -1.8 40.1327 
-2.6 -1.73333 40.1267 
-2.6 -1.66667 40.1186 
-2.6 -1.6 40.1075 
-2.6 -1.53333 40.0925 
-2.6 -1.46667 40.0721 
-2.6 -1.4 40.0443 
-2.6 -1.33333 40.0066 
-2.6 -1.26667 39.9554 
-2.6 -1.2 39.8858 
-2.6 -1.13333 39.7913 
-2.6 -1.06667 39.6631 
-2.6 -1 39.4892 
-2.6 -0.933333 39.2537 
-2.6 -0.866667 38.935 
-2.6 -0.8 38.5046 
-2.6 -0.733333 37.9253 
-2.6 -0.666667 37.1489 
-2.6 -0.6 36.1155 
-2.6 -0.533333 34.7542 
-2.6 -0.466667 32.9893 
-2.6 -0.4 30.7559 
-2.6 -0.333333 28.0309 
-2.6 -0.266667 24.8785 
-2.6 -0.2 21.495 
-2.6 -0.133333 18.2128 
-2.6 -0.0666667 15.4274 
-2.6 -4.16334e-16 13.465 
-2.6 0.0666667 12.4762 
-2.6 0.133333 12.4296 
-2.6 0.2 13.1485 
-2.6 0.266667 14.2081 
-2.6 0.333333 14.9773 
-2.6 0.4 15.5905 
-2.6 0.466667 17.428 
-2.6 0.533333 23.4017 
-2.6 0.6 28.9185 
-2.6 0.666667 19.519 
-2.6 0.733333 14.7936 
-2.6 0.8 14.0739 
-2.6 0.866667 16.8097 
-2.6 0.933333 20.6954 
-2.6 1 13.7228 
-2.6 1.06667 16.7159 
-2.6 1.13333 14.8826 
-2.6 1.2 15.6689 
-2.6 1.26667 13.8331 
-2.6 1.33333 17.229 
-2.6 1.4 17.2418 
-2.6 1.46667 16.6786 
-2.6 1.53333 17.1881 
-2.6 1.6 14.0742 
-2.6 1.66667 16.7803 
-2.6 1.73333 13.7101 
-2.6 1.8 14.1547 
-2.6 1.86667 17.2015 
-2.6 1.93333 14.3228 
-2.6 2 25.2687 
-2.53333 -2 40.1417 
-2.53333 -1.93333 40.1389 
-2.53333 -1.86667 40.1351 
-2.53333 -1.8 40.13 
-2.53333 -1.73333 40.123 
-2.53333 -1.66667 40.1135 
-2.53333 -1.6 40.1006 
-2.53333 -1.53333 40.0831 
-2.53333 -1.46667 40.0593 
-2.53333 -1.4 40.0269 
-2.53333 -1.33333 39.9829 
-2.53333 -1.26667 39.9232 
-2.53333 -1.2 39.8421 
-2.53333 -1.13333 39.7319 
-2.53333 -1.06667 39.5825 
-2.53333 -1 39.3799 
-2.53333 -0.933333 39.1054 
-2.53333 -0.866667 38.7342 
-2.53333 -0.8 38.2334 
-2.53333 -0.733333 37.5599 
-2.53333 -0.666667 36.659 
-2.53333 -0.6 35.4637 
-2.53333 -0.533333 33.8973 
-2.53333 -0.466667 31.8839 
-2.53333 -0.4 29.3709 
-2.53333 -0.333333 26.3694 
-2.53333 -0.266667 23.0061 
-2.53333 -0.2 19.5569 
-2.53333 -0.133333 16.4169 
-2.53333 -0.0666667 13.9832 
-2.53333 -4.16334e-16 12.5081 
-2.53333 0.0666667 12.0259 
-2.53333 0.133333 12.4033 
-2.53333 0.2 13.4087 
-2.53333 0.266667 14.5888 
-2.53333 0.333333 15.2503 
-2.53333 0.4 15.3921 
-2.53333 0.466667 16.2387 
-2.53333 0.533333 21.4386 
-2.53333 0.6 27.6754 
-2.53333 0.666667 18.2058 
-2.53333 0.733333 14.5318 
-2.53333 0.8 13.721 
-2.53333 0.866667 14.9439 
-2.53333 0.933333 19.3083 
-2.53333 1 13.2185 
-2.53333 1.06667 15.0722 
-2.53333 1.13333 13.8705 
-2.53333 1.2 14.2043 
-2.53333 1.26667 12.9723 
-2.53333 1.33333 15.8142 
-2.53333 1.4 15.7635 
-2.53333 1.46667 15.2577 
-2.53333 1.53333 15.7815 
-2.53333 1.6 12.9066 
-2.53333 1.66667 15.5127 
-2.53333 1.73333 12.6349 
-2.53333 1.8 13.1567 
-2.53333 1.86667 15.4974 
-2.53333 1.93333 13.5282 
-2.53333 2 23.6706 
-2.46667 -2 40.1404 
-2.46667 -1.93333 40.1371 
-2.46667 -1.86667 40.1327 
-2.46667 -1.8 40.1267 
-2.46667 -1.73333 40.1186 
-2.46667 -1.66667 40.1075 
-2.46667 -1.6 40.0925 
-2.46667 -1.53333 40.0721 
-2.46667 -1.46667 40.0443 
-2.46667 -1.4 40.0066 
-2.46667 -1.33333 39.9553 
-2.46667 -1.26667 39.8857 
-2.46667 -1.2 39.7911 
-2.46667 -1.13333 39.6627 
-2.46667 -1.06667 39.4886 
-2.46667 -1 39.2525 
-2.46667 -0.933333 38.9327 
-2.46667 -0.866667 38.5006 
-2.46667 -0.8 37.9179 
-2.46667 -0.733333 37.1356 
-2.46667 -0.666667 36.0918 
-2.46667 -0.6 34.7125 
-2.46667 -0.533333 32.9174 
-2.46667 -0.466667 30.6355 
-2.46667 -0.4 27.8369 
-2.46667 -0.333333 24.583 
-2.46667 -0.266667 21.0779 
-2.46667 -0.2 17.6794 
-2.46667 -0.133333 14.8231 
-2.46667 -0.0666667 12.8672 
-2.46667 -4.16334e-16 11.9537 
-2.46667 0.0666667 11.9911 
-2.46667 0.133333 12.7627 
-2.46667 0.2 14.013 
-2.46667 0.266667 15.2879 
-2.46667 0.333333 15.8519 
-2.46667 0.4 15.5511 
-2.46667 0.466667 15.3225 
-2.46667 0.533333 19.4399 
-2.46667 0.6 26.4389 
-2.46667 0.666667 17.1693 
-2.46667 0.733333 14.6481 
-2.46667 0.8 13.7408 
-2.46667 0.866667 13.2936 
-2.46667 0.933333 18.1528 
-2.46667 1 13.0975 
-2.46667 1.06667 13.6945 
-2.46667 1.13333 13.2231 
-2.46667 1.2 13.049 
-2.46667 1.26667 12.4906 
-2.46667 1.33333 14.6929 
-2.46667 1.4 14.568 
-2.46667 1.46667 14.1344 
-2.46667 1.53333 14.6638 
-2.46667 1.6 12.1104 
-2.46667 1.66667 14.5459 
-2.46667 1.73333 11.9357 
-2.46667 1.8 12.5374 
-2.46667 1.86667 14.0241 
-2.46667 1.93333 13.1152 
-2.46667 2 22.1122 
-2.4 -2 40.1389 
-2.4 -1.93333 40.1351 
-2.4 -1.86667 40.13 
-2.4 -1.8 40.123 
-2.4 -1.73333 40.1135 
-2.4 -1.66667 40.1006 
-2.4 -1.6 40.0831 
-2.4 -1.53333 40.0593 
-2.4 -1.46667 40.0269 
-2.4 -1.4 39.9829 
-2.4 -1.33333 39.9231 
-2.4 -1.26667 39.842 
-2.4 -1.2 39.7317 
-2.4 -1.13333 39.5821 
-2.4 -1.06667 39.3791 
-2.4 -1 39.104 
-2.4 -0.933333 38.7316 
-2.4 -0.866667 38.2287 
-2.4 -0.8 37.5514 
-2.4 -0.733333 36.6437 
-2.4 -0.666667 35.4366 
-2.4 -0.6 33.8501 
-2.4 -0.533333 31.8035 
-2.4 -0.466667 29.2387 
-2.4 -0.4 26.1623 
-2.4 -0.333333 22.7033 
-2.4 -0.266667 19.1542 
-2.4 -0.2 15.9448 
-2.4 -0.133333 13.5148 
-2.4 -0.0666667 12.1378 
-2.4 -4.16334e-16 11.8185 
-2.4 0.0666667 12.3467 
-2.4 0.133333 13.4542 
-2.4 0.2 14.8941 
-2.4 0.266667 16.2363 
-2.4 0.333333 16.7237 
-2.4 0.4 16.0458 
-2.4 0.466667 14.7279 
-2.4 0.533333 17.4699 
-2.4 0.6 25.2608 
-2.4 0.666667 16.4722 
-2.4 0.733333 15.1175 
-2.4 0.8 14.118 
-2.4 0.866667 11.9414 
-2.4 0.933333 17.2982 
-2.4 1 13.3518 
-2.4 1.06667 12.6552 
-2.4 1.13333 12.9693 
-2.4 1.2 12.2626 
-2.4 1.26667 12.4042 
-2.4 1.33333 13.9264 
-2.4 1.4 13.72 
-2.4 1.46667 13.3682 
-2.4 1.53333 13.8953 
-2.4 1.6 11.7213 
-2.4 1.66667 13.931 
-2.4 1.73333 11.6417 
-2.4 1.8 12.3216 
-2.4 1.86667 12.857 
-2.4 1.93333 13.0961 
-2.4 2 20.6652 
-2.33333 -2 40.1371 
-2.33333 -1.93333 40.1327 
-2.33333 -1.86667 40.1267 
-2.33333 -1.8 40.1186 
-2.33333 -1.73333 40.1075 
-2.33333 -1.66667 40.0925 
-2.33333 -1.6 40.0721 
-2.33333 -1.53333 40.0443 
-2.33333 -1.46667 40.0066 
-2.33333 -1.4 39.9553 
-2.33333 -1.33333 39.8856 
-2.33333 -1.26667 39.791 
-2.33333 -1.2 39.6625 
-2.33333 -1.13333 39.4881 
-2.33333 -1.06667 39.2516 
-2.33333 -1 38.9311 
-2.33333 -0.933333 38.4976 
-2.33333 -0.866667 37.9125 
-2.33333 -0.8 37.1258 
-2.33333 -0.733333 36.0743 
-2.33333 -0.666667 34.6817 
-2.33333 -0.6 32.8642 
-2.33333 -0.533333 30.5464 
-2.33333 -0.466667 27.6938 
-2.33333 -0.4 24.3665 
-2.33333 -0.333333 20.7773 
-2.33333 -0.266667 17.3094 
-2.33333 -0.2 14.4391 
-2.33333 -0.133333 12.5626 
-2.33333 -0.0666667 11.8256 
-2.33333 -4.16334e-16 12.085 
-2.33333 0.0666667 13.0374 
-2.33333 0.133333 14.4021 
-2.33333 0.2 15.9705 
-2.33333 0.266667 17.3537 
-2.33333 0.333333 17.7909 
-2.33333 0.4 16.829 
-2.33333 0.466667 14.4856 
-2.33333 0.533333 15.6049 
-2.33333 0.6 24.2018 
-2.33333 0.666667 16.1542 
-2.33333 0.733333 15.888 
-2.33333 0.8 14.8096 
-2.33333 0.866667 10.9561 
-2.33333 0.933333 16.7969 
-2.33333 1 13.9442 
-2.33333 1.06667 12.0068 
-2.33333 1.13333 13.1078 
-2.33333 1.2 11.8805 
-2.33333 1.26667 12.6989 
-2.33333 1.33333 13.5528 
-2.33333 1.4 13.2623 
-2.33333 1.46667 12.9958 
-2.33333 1.53333 13.5139 
-2.33333 1.6 11.7438 
-2.33333 1.66667 13.697 
-2.33333 1.73333 11.751 
-2.33333 1.8 12.5025 
-2.33333 1.86667 12.0566 
-2.33333 1.93333 13.4518 
-2.33333 2 19.4075 
-2.26667 -2 40.1351 
-2.26667 -1.93333 40.13 
-2.26667 -1.86667 40.123 
-2.26667 -1.8 40.1135 
-2.26667 -1.73333 40.1006 
-2.26667 -1.66667 40.0831 
-2.26667 -1.6 40.0592 
-2.26667 -1.53333 40.0269 
-2.26667 -1.46667 39.9829 
-2.26667 -1.4 39.9231 
-2.26667 -1.33333 39.8419 
-2.26667 -1.26667 39.7315 
-2.26667 -1.2 39.5818 
-2.26667 -1.13333 39.3785 
-2.26667 -1.06667 39.103 
-2.26667 -1 38.7297 
-2.26667 -0.933333 38.2252 
-2.26667 -0.866667 37.5451 
-2.26667 -0.8 36.6324 
-2.26667 -0.733333 35.4165 
-2.26667 -0.666667 33.8151 
-2.26667 -0.6 31.744 
-2.26667 -0.533333 29.141 
-2.26667 -0.466667 26.01 
-2.26667 -0.4 22.4828 
-2.26667 -0.333333 18.8678 
-2.26667 -0.266667 15.6274 
-2.26667 -0.2 13.2429 
-2.26667 -0.133333 12.0141 
-2.26667 -0.0666667 11.9275 
-2.26667 -4.16334e-16 12.7034 
-2.26667 0.0666667 13.9858 
-2.26667 0.133333 15.5209 
-2.26667 0.2 17.1587 
-2.26667 0.266667 18.5596 
-2.26667 0.333333 18.9738 
-2.26667 0.4 17.8335 
-2.26667 0.466667 14.6032 
-2.26667 0.533333 13.9288 
-2.26667 0.6 23.3263 
-2.26667 0.666667 16.2248 
-2.26667 0.733333 16.8872 
-2.26667 0.8 15.7502 
-2.26667 0.866667 10.3832 
-2.26667 0.933333 16.6757 
-2.26667 1 14.8126 
-2.26667 1.06667 11.7737 
-2.26667 1.13333 13.6065 
-2.26667 1.2 11.9073 
-2.26667 1.26667 13.3306 
-2.26667 1.33333 13.5798 
-2.26667 1.4 13.2085 
-2.26667 1.46667 13.0241 
-2.26667 1.53333 13.5289 
-2.26667 1.6 12.1491 
-2.26667 1.66667 13.8446 
-2.26667 1.73333 12.2298 
-2.26667 1.8 13.0418 
-2.26667 1.86667 11.6594 
-2.26667 1.93333 14.1341 
-2.26667 2 18.4149 
-2.2 -2 40.1327 
-2.2 -1.93333 40.1267 
-2.2 -1.86667 40.1186 
-2.2 -1.8 40.1075 
-2.2 -1.73333 40.0925 
-2.2 -1.66667 40.0721 
-2.2 -1.6 40.0443 
-2.2 -1.53333 40.0065 
-2.2 -1.46667 39.9552 
-2.2 -1.4 39.8855 
-2.2 -1.33333 39.7909 
-2.2 -1.26667 39.6623 
-2.2 -1.2 39.4877 
-2.2 -1.13333 39.2509 
-2.2 -1.06667 38.9299 
-2.2 -1 38.4953 
-2.2 -0.933333 37.9084 
-2.2 -0.866667 37.1185 
-2.2 -0.8 36.0613 
-2.2 -0.733333 34.6589 
-2.2 -0.666667 32.8249 
-2.2 -0.6 30.4806 
-2.2 -0.533333 27.5883 
-2.2 -0.466667 24.2078 
-2.2 -0.4 20.5601 
-2.2 -0.333333 17.051 
-2.2 -0.266667 14.1936 
-2.2 -0.2 12.4205 
-2.2 -0.133333 11.8857 
-2.2 -0.0666667 12.4065 
-2.2 -4.16334e-16 13.5996 
-2.2 0.0666667 15.1054 
-2.2 0.133333 16.7277 
-2.2 0.2 18.3841 
-2.2 0.266667 19.7841 
-2.2 0.333333 20.1987 
-2.2 0.4 18.9823 
-2.2 0.466667 15.0617 
-2.2 0.533333 12.5247 
-2.2 0.6 22.6961 
-2.2 0.666667 16.6609 
-2.2 0.733333 18.0342 
-2.2 0.8 16.8618 
-2.2 0.866667 10.2372 
-2.2 0.933333 16.9301 
-2.2 1 15.8791 
-2.2 1.06667 11.947 
-2.2 1.13333 14.4055 
-2.2 1.2 12.3148 
-2.2 1.26667 14.2315 
-2.2 1.33333 13.9828 
-2.2 1.4 13.5396 
-2.2 1.46667 13.4278 
-2.2 1.53333 13.9177 
-2.2 1.6 12.8789 
-2.2 1.66667 14.3446 
-2.2 1.73333 13.0162 
-2.2 1.8 13.8746 
-2.2 1.86667 11.6714 
-2.2 1.93333 15.0724 
-2.2 2 17.7507 
-2.13333 -2 40.13 
-2.13333 -1.93333 40.123 
-2.13333 -1.86667 40.1135 
-2.13333 -1.8 40.1006 
-2.13333 -1.73333 40.0831 
-2.13333 -1.66667 40.0592 
-2.13333 -1.6 40.0269 
-2.13333 -1.53333 39.9828 
-2.13333 -1.46667 39.923 
-2.13333 -1.4 39.8418 
-2.13333 -1.33333 39.7314 
-2.13333 -1.26667 39.5815 
-2.13333 -1.2 39.3781 
-2.13333 -1.13333 39.1022 
-2.13333 -1.06667 38.7283 
-2.13333 -1 38.2226 
-2.13333 -0.933333 37.5404 
-2.13333 -0.866667 36.6241 
-2.13333 -0.8 35.4017 
-2.13333 -0.733333 33.7893 
-2.13333 -0.666667 31.7001 
-2.13333 -0.6 29.0689 
-2.13333 -0.533333 25.898 
-2.13333 -0.466667 22.322 
-2.13333 -0.4 18.6631 
-2.13333 -0.333333 15.4117 
-2.13333 -0.266667 13.0859 
-2.13333 -0.2 12.0103 
-2.13333 -0.133333 12.1593 
-2.13333 -0.0666667 13.1968 
-2.13333 -4.16334e-16 14.6875 
-2.13333 0.0666667 16.3126 
-2.13333 0.133333 17.952 
-2.13333 0.2 19.5879 
-2.13333 0.266667 20.9732 
-2.13333 0.333333 21.4056 
-2.13333 0.4 20.1992 
-2.13333 0.466667 15.8159 
-2.13333 0.533333 11.4659 
-2.13333 0.6 22.3621 
-2.13333 0.666667 17.4091 
-2.13333 0.733333 19.2508 
-2.13333 0.8 18.0652 
-2.13333 0.866667 10.4983 
-2.13333 0.933333 17.5241 
-2.13333 1 17.0621 
-2.13333 1.06667 12.4852 
-2.13333 1.13333 15.4271 
-2.13333 1.2 13.0455 
-2.13333 1.26667 15.3201 
-2.13333 1.33333 14.7073 
-2.13333 1.4 14.2059 
-2.13333 1.46667 14.1526 
-2.13333 1.53333 14.6286 
-2.13333 1.6 13.8546 
-2.13333 1.66667 15.141 
-2.13333 1.73333 14.0305 
-2.13333 1.8 14.9199 
-2.13333 1.86667 12.0657 
-2.13333 1.93333 16.1842 
-2.13333 2 17.4565 
-2.06667 -2 40.1267 
-2.06667 -1.93333 40.1186 
-2.06667 -1.86667 40.1075 
-2.06667 -1.8 40.0925 
-2.06667 -1.73333 40.0721 
-2.06667 -1.66667 40.0443 
-2.06667 -1.6 40.0065 
-2.06667 -1.53333 39.9552 
-2.06667 -1.46667 39.8855 
-2.06667 -1.4 39.7908 
-2.06667 -1.33333 39.6621 
-2.06667 -1.26667 39.4875 
-2.06667 -1.2 39.2504 
-2.06667 -1.13333 38.929 
-2.06667 -1.06667 38.4937 
-2.06667 -1 37.9055 
-2.06667 -0.933333 37.1132 
-2.06667 -0.866667 36.0518 
-2.06667 -0.8 34.642 
-2.06667 -0.733333 32.7959 
-2.06667 -0.666667 30.432 
-2.06667 -0.6 27.5105 
-2.06667 -0.533333 24.0915 
-2.06667 -0.466667 20.4028 
-2.06667 -0.4 16.8691 
-2.06667 -0.333333 14.0346 
-2.06667 -0.266667 12.3633 
-2.06667 -0.2 12.0179 
-2.06667 -0.133333 12.7843 
-2.06667 -0.0666667 14.2156 
-2.06667 -4.16334e-16 15.8814 
-2.06667 0.0666667 17.5367 
-2.06667 0.133333 19.1402 
-2.06667 0.2 20.7288 
-2.06667 0.266667 22.0905 
-2.06667 0.333333 22.5518 
-2.06667 0.4 21.4189 
-2.06667 0.466667 16.7999 
-2.06667 0.533333 10.8053 
-2.06667 0.6 22.3551 
-2.06667 0.666667 18.3951 
-2.06667 0.733333 20.4708 
-2.06667 0.8 19.2901 
-2.06667 0.866667 11.1145 
-2.06667 0.933333 18.3948 
-2.06667 1 18.287 
-2.06667 1.06667 13.3202 
-2.06667 1.13333 16.5874 
-2.06667 1.2 14.0214 
-2.06667 1.26667 16.5138 
-2.06667 1.33333 15.6777 
-2.06667 1.4 15.1345 
-2.06667 1.46667 15.123 
-2.06667 1.53333 15.5883 
-2.06667 1.6 14.99 
-2.06667 1.66667 16.1591 
-2.06667 1.73333 15.1873 
-2.06667 1.8 16.0929 
-2.06667 1.86667 12.7858 
-2.06667 1.93333 17.3881 
-2.06667 2 17.5439 
-2 -2 40.123 
-2 -1.93333 40.1135 
-2 -1.86667 40.1006 
-2 -1.8 40.0831 
-2 -1.73333 40.0592 
-2 -1.66667 40.0268 
-2 -1.6 39.9828 
-2 -1.53333 39.923 
-2 -1.46667 39.8417 
-2 -1.4 39.7313 
-2 -1.33333 39.5814 
-2 -1.26667 39.3778 
-2 -1.2 39.1016 
-2 -1.13333 38.7273 
-2 -1.06667 38.2207 
-2 -1 37.537 
-2 -0.933333 36.6179 
-2 -0.866667 35.3908 
-2 -0.8 33.7703 
-2 -0.733333 31.6677 
-2 -0.666667 29.0158 
-2 -0.6 25.8156 
-2 -0.533333 22.2045 
-2 -0.466667 18.5159 
-2 -0.4 15.2633 
-2 -0.333333 12.9951 
-2 -0.266667 12.0569 
-2 -0.2 12.4139 
-2 -0.133333 13.6858 
-2 -0.0666667 15.3753 
-2 -4.16334e-16 17.1071 
-2 0.0666667 18.7245 
-2 0.133333 20.2565 
-2 0.2 21.7819 
-2 0.266667 23.115 
-2 0.333333 23.6105 
-2 0.4 22.5919 
-2 0.466667 17.9369 
-2 0.533333 10.5665 
-2 0.6 22.68 
-2 0.666667 19.5354 
-2 0.733333 21.6446 
-2 0.8 20.4819 
-2 0.866667 12.0103 
-2 0.933333 19.4636 
-2 1 19.4939 
-2 1.06667 14.3682 
-2 1.13333 17.8079 
-2 1.2 15.1567 
-2 1.26667 17.7395 
-2 1.33333 16.8094 
-2 1.4 16.2413 
-2 1.46667 16.2547 
-2 1.53333 16.7134 
-2 1.6 16.203 
-2 1.66667 17.3169 
-2 1.73333 16.4069 
-2 1.8 17.3164 
-2 1.86667 13.7542 
-2 1.93333 18.613 
-2 2 17.9912 
-1.93333 -2 40.1186 
-1.93333 -1.93333 40.1075 
-1.93333 -1.86667 40.0925 
-1.93333 -1.8 40.0721 
-1.93333 -1.73333 40.0443 
-1.93333 -1.66667 40.0065 
-1.93333 -1.6 39.9552 
-1.93333 -1.53333 39.8855 
-1.93333 -1.46667 39.7907 
-1.93333 -1.4 39.662 
-1.93333 -1.33333 39.4873 
-1.93333 -1.26667 39.25 
-1.93333 -1.2 38.9283 
-1.93333 -1.13333 38.4925 
-1.93333 -1.06667 37.9033 
-1.93333 -1 37.1093 
-1.93333 -0.933333 36.0447 
-1.93333 -0.866667 34.6296 
-1.93333 -0.8 32.7745 
-1.93333 -0.733333 30.3962 
-1.93333 -0.666667 27.4533 
-1.93333 -0.6 24.0062 
-1.93333 -0.533333 20.2884 
-1.93333 -0.466667 16.7399 
-1.93333 -0.4 13.93 
-1.93333 -0.333333 12.348 
-1.93333 -0.266667 12.1638 
-1.93333 -0.2 13.1389 
-1.93333 -0.133333 14.777 
-1.93333 -0.0666667 16.5958 
-1.93333 -4.16334e-16 18.3069 
-1.93333 0.0666667 19.8403 
-1.93333 0.133333 21.2805 
-1.93333 0.2 22.7353 
-1.93333 0.266667 24.0375 
-1.93333 0.333333 24.5689 
-1.93333 0.4 23.6853 
-1.93333 0.466667 19.1499 
-1.93333 0.533333 10.7395 
-1.93333 0.6 23.3122 
-1.93333 0.666667 20.75 
-1.93333 0.733333 22.7399 
-1.93333 0.8 21.603 
-1.93333 0.866667 13.0982 
-1.93333 0.933333 20.6479 
-1.93333 1 20.64 
-1.93333 1.06667 15.543 
-1.93333 1.13333 19.0242 
-1.93333 1.2 16.3696 
-1.93333 1.26667 18.9395 
-1.93333 1.33333 18.021 
-1.93333 1.4 17.4432 
-1.93333 1.46667 17.4663 
-1.93333 1.53333 17.9225 
-1.93333 1.6 17.4251 
-1.93333 1.66667 18.5367 
-1.93333 1.73333 17.6242 
-1.93333 1.8 18.528 
-1.93333 1.86667 14.8852 
-1.93333 1.93333 19.8043 
-1.93333 2 18.7468 
-1.86667 -2 40.1135 
-1.86667 -1.93333 40.1006 
-1.86667 -1.86667 40.0831 
-1.86667 -1.8 40.0592 
-1.86667 -1.73333 40.0268 
-1.86667 -1.66667 39.9828 
-1.86667 -1.6 39.923 
-1.86667 -1.53333 39.8417 
-1.86667 -1.46667 39.7313 
-1.86667 -1.4 39.5813 
-1.86667 -1.33333 39.3776 
-1.86667 -1.26667 39.1012 
-1.86667 -1.2 38.7265 
-1.86667 -1.13333 38.2193 
-1.86667 -1.06667 37.5345 
-1.86667 -1 36.6134 
-1.86667 -0.933333 35.3828 
-1.86667 -0.866667 33.7562 
-1.86667 -0.8 31.6439 
-1.86667 -0.733333 28.9767 
-1.86667 -0.666667 25.7551 
-1.86667 -0.6 22.1186 
-1.86667 -0.533333 18.4097 
-1.86667 -0.466667 15.16 
-1.86667 -0.4 12.9423 
-1.86667 -0.333333 12.1186 
-1.86667 -0.266667 12.647 
-1.86667 -0.2 14.1125 
-1.86667 -0.133333 15.9725 
-1.86667 -0.0666667 17.8122 
-1.86667 -4.16334e-16 19.4416 
-1.86667 0.0666667 20.8639 
-1.86667 0.133333 22.2034 
-1.86667 0.2 23.586 
-1.86667 0.266667 24.8572 
-1.86667 0.333333 25.4235 
-1.86667 0.4 24.6814 
-1.86667 0.466667 20.372 
-1.86667 0.533333 11.2805 
-1.86667 0.6 24.2008 
-1.86667 0.666667 21.9713 
-1.86667 0.733333 23.7389 
-1.86667 0.8 22.6315 
-1.86667 0.866667 14.2923 
-1.86667 0.933333 21.873 
-1.86667 1 21.6992 
-1.86667 1.06667 16.7667 
-1.86667 1.13333 20.1893 
-1.86667 1.2 17.5917 
-1.86667 1.26667 20.0741 
-1.86667 1.33333 19.2437 
-1.86667 1.4 18.6684 
-1.86667 1.46667 18.689 
-1.86667 1.53333 19.1461 
-1.86667 1.6 18.6052 
-1.86667 1.66667 19.7538 
-1.86667 1.73333 18.7917 
-1.86667 1.8 19.6833 
-1.86667 1.86667 16.0966 
-1.86667 1.93333 20.9252 
-1.86667 2 19.7374 
-1.8 -2 40.1075 
-1.8 -1.93333 40.0925 
-1.8 -1.86667 40.0721 
-1.8 -1.8 40.0443 
-1.8 -1.73333 40.0065 
-1.8 -1.66667 39.9552 
-1.8 -1.6 39.8854 
-1.8 -1.53333 39.7907 
-1.8 -1.46667 39.662 
-1.8 -1.4 39.4871 
-1.8 -1.33333 39.2498 
-1.8 -1.26667 38.9278 
-1.8 -1.2 38.4916 
-1.8 -1.13333 37.9017 
-1.8 -1.06667 37.1064 
-1.8 -1 36.0395 
-1.8 -0.933333 34.6205 
-1.8 -0.866667 32.7587 
-1.8 -0.8 30.3698 
-1.8 -0.733333 27.4112 
-1.8 -0.666667 23.9436 
-1.8 -0.6 20.205 
-1.8 -0.533333 16.6475 
-1.8 -0.466667 13.8599 
-1.8 -0.4 12.3515 
-1.8 -0.333333 12.2979 
-1.8 -0.266667 13.4408 
-1.8 -0.2 15.247 
-1.8 -0.133333 17.1981 
-1.8 -0.0666667 18.9776 
-1.8 -4.16334e-16 20.4875 
-1.8 0.0666667 21.7866 
-1.8 0.133333 23.0245 
-1.8 0.2 24.3372 
-1.8 0.266667 25.5787 
-1.8 0.333333 26.1773 
-1.8 0.4 25.5736 
-1.8 0.466667 21.5518 
-1.8 0.533333 12.1193 
-1.8 0.6 25.2766 
-1.8 0.666667 23.1489 
-1.8 0.733333 24.6349 
-1.8 0.8 23.5578 
-1.8 0.866667 15.5179 
-1.8 0.933333 23.0791 
-1.8 1 22.6585 
-1.8 1.06667 17.9775 
-1.8 1.13333 21.2732 
-1.8 1.2 18.772 
-1.8 1.26667 21.1193 
-1.8 1.33333 20.4258 
-1.8 1.4 19.8616 
-1.8 1.46667 19.8712 
-1.8 1.53333 20.3315 
-1.8 1.6 19.71 
-1.8 1.66667 20.9207 
-1.8 1.73333 19.879 
-1.8 1.8 20.7546 
-1.8 1.86667 17.3194 
-1.8 1.93333 21.9541 
-1.8 2 20.8801 
-1.73333 -2 40.1006 
-1.73333 -1.93333 40.0831 
-1.73333 -1.86667 40.0592 
-1.73333 -1.8 40.0268 
-1.73333 -1.73333 39.9828 
-1.73333 -1.66667 39.923 
-1.73333 -1.6 39.8417 
-1.73333 -1.53333 39.7312 
-1.73333 -1.46667 39.5812 
-1.73333 -1.4 39.3774 
-1.73333 -1.33333 39.1009 
-1.73333 -1.26667 38.726 
-1.73333 -1.2 38.2183 
-1.73333 -1.13333 37.5326 
-1.73333 -1.06667 36.6101 
-1.73333 -1 35.3768 
-1.73333 -0.933333 33.7459 
-1.73333 -0.866667 31.6263 
-1.73333 -0.8 28.9479 
-1.73333 -0.733333 25.7105 
-1.73333 -0.666667 22.0557 
-1.73333 -0.6 18.3326 
-1.73333 -0.533333 15.0873 
-1.73333 -0.466667 12.9111 
-1.73333 -0.4 12.179 
-1.73333 -0.333333 12.8432 
-1.73333 -0.266667 14.4618 
-1.73333 -0.2 16.4598 
-1.73333 -0.133333 18.3968 
-1.73333 -0.0666667 20.0625 
-1.73333 -4.16334e-16 21.4339 
-1.73333 0.0666667 22.6077 
-1.73333 0.133333 23.7481 
-1.73333 0.2 24.9954 
-1.73333 0.266667 26.2092 
-1.73333 0.333333 26.837 
-1.73333 0.4 26.3629 
-1.73333 0.466667 22.6549 
-1.73333 0.533333 13.1706 
-1.73333 0.6 26.463 
-1.73333 0.666667 24.2497 
-1.73333 0.733333 25.4289 
-1.73333 0.8 24.3808 
-1.73333 0.866667 16.7177 
-1.73333 0.933333 24.224 
-1.73333 1 23.5146 
-1.73333 1.06667 19.1314 
-1.73333 1.13333 22.26 
-1.73333 1.2 19.8767 
-1.73333 1.26667 22.0641 
-1.73333 1.33333 21.5332 
-1.73333 1.4 20.9856 
-1.73333 1.46667 20.9786 
-1.73333 1.53333 21.4437 
-1.73333 1.6 20.7207 
-1.73333 1.66667 22.0066 
-1.73333 1.73333 20.8699 
-1.73333 1.8 21.7277 
-1.73333 1.86667 18.5018 
-1.73333 1.93333 22.8815 
-1.73333 2 22.0954 
-1.66667 -2 40.0925 
-1.66667 -1.93333 40.0721 
-1.66667 -1.86667 40.0443 
-1.66667 -1.8 40.0065 
-1.66667 -1.73333 39.9552 
-1.66667 -1.66667 39.8854 
-1.66667 -1.6 39.7907 
-1.66667 -1.53333 39.6619 
-1.66667 -1.46667 39.487 
-1.66667 -1.4 39.2496 
-1.66667 -1.33333 38.9275 
-1.66667 -1.26667 38.491 
-1.66667 -1.2 37.9005 
-1.66667 -1.13333 37.1042 
-1.66667 -1.06667 36.0357 
-1.66667 -1 34.6138 
-1.66667 -0.933333 32.7471 
-1.66667 -0.866667 30.3504 
-1.66667 -0.8 27.3802 
-1.66667 -0.733333 23.8976 
-1.66667 -0.666667 20.1441 
-1.66667 -0.6 16.581 
-1.66667 -0.533333 13.8122 
-1.66667 -0.466667 12.3623 
-1.66667 -0.4 12.411 
-1.66667 -0.333333 13.6847 
-1.66667 -0.266667 15.6228 
-1.66667 -0.2 17.682 
-1.66667 -0.133333 19.5296 
-1.66667 -0.0666667 21.051 
-1.66667 -4.16334e-16 22.2783 
-1.66667 0.0666667 23.3315 
-1.66667 0.133333 24.3813 
-1.66667 0.2 25.569 
-1.66667 0.266667 26.7574 
-1.66667 0.333333 27.4111 
-1.66667 0.4 27.0549 
-1.66667 0.466667 23.6622 
-1.66667 0.533333 14.3473 
-1.66667 0.6 27.6883 
-1.66667 0.666667 25.2555 
-1.66667 0.733333 26.1261 
-1.66667 0.8 25.1049 
-1.66667 0.866667 17.8522 
-1.66667 0.933333 25.2818 
-1.66667 1 24.2704 
-1.66667 1.06667 20.2012 
-1.66667 1.13333 23.1442 
-1.66667 1.2 20.8875 
-1.66667 1.26667 22.9061 
-1.66667 1.33333 22.5467 
-1.66667 1.4 22.0184 
-1.66667 1.46667 21.9921 
-1.66667 1.53333 22.4624 
-1.66667 1.6 21.63 
-1.66667 1.66667 22.9953 
-1.66667 1.73333 21.7586 
-1.66667 1.8 22.5984 
-1.66667 1.86667 19.6098 
-1.66667 1.93333 23.7065 
-1.66667 2 23.3162 
-1.6 -2 40.0831 
-1.6 -1.93333 40.0592 
-1.6 -1.86667 40.0268 
-1.6 -1.8 39.9828 
-1.6 -1.73333 39.923 
-1.6 -1.66667 39.8417 
-1.6 -1.6 39.7312 
-1.6 -1.53333 39.5811 
-1.6 -1.46667 39.3773 
-1.6 -1.4 39.1007 
-1.6 -1.33333 38.7255 
-1.6 -1.26667 38.2176 
-1.6 -1.2 37.5312 
-1.6 -1.13333 36.6076 
-1.6 -1.06667 35.3725 
-1.6 -1 33.7383 
-1.6 -0.933333 31.6133 
-1.6 -0.866667 28.9267 
-1.6 -0.8 25.6778 
-1.6 -0.733333 22.0096 
-1.6 -0.666667 18.2766 
-1.6 -0.6 15.0357 
-1.6 -0.533333 12.8924 
-1.6 -0.466667 12.2317 
-1.6 -0.4 13.0008 
-1.6 -0.333333 14.7377 
-1.6 -0.266667 16.8436 
-1.6 -0.2 18.8625 
-1.6 -0.133333 20.5734 
-1.6 -0.0666667 21.9378 
-1.6 -4.16334e-16 23.0242 
-1.6 0.0666667 23.965 
-1.6 0.133333 24.9327 
-1.6 0.2 26.0668 
-1.6 0.266667 27.2324 
-1.6 0.333333 27.9086 
-1.6 0.4 27.6578 
-1.6 0.466667 24.5658 
-1.6 0.533333 15.5714 
-1.6 0.6 28.8933 
-1.6 0.666667 26.1591 
-1.6 0.733333 26.7345 
-1.6 0.8 25.7375 
-1.6 0.866667 18.8982 
-1.6 0.933333 26.2399 
-1.6 1 24.9325 
-1.6 1.06667 21.1729 
-1.6 1.13333 23.9274 
-1.6 1.2 21.7966 
-1.6 1.26667 23.649 
-1.6 1.33333 23.4585 
-1.6 1.4 22.9504 
-1.6 1.46667 22.9039 
-1.6 1.53333 23.3795 
-1.6 1.6 22.4379 
-1.6 1.66667 23.881 
-1.6 1.73333 22.5465 
-1.6 1.8 23.3689 
-1.6 1.86667 20.6241 
-1.6 1.93333 24.4333 
-1.6 2 24.4925 
-1.53333 -2 40.0721 
-1.53333 -1.93333 40.0443 
-1.53333 -1.86667 40.0065 
-1.53333 -1.8 39.9552 
-1.53333 -1.73333 39.8854 
-1.53333 -1.66667 39.7906 
-1.53333 -1.6 39.6619 
-1.53333 -1.53333 39.4869 
-1.53333 -1.46667 39.2494 
-1.53333 -1.4 38.9272 
-1.53333 -1.33333 38.4905 
-1.53333 -1.26667 37.8996 
-1.53333 -1.2 37.1026 
-1.53333 -1.13333 36.0329 
-1.53333 -1.06667 34.6088 
-1.53333 -1 32.7385 
-1.53333 -0.933333 30.3361 
-1.53333 -0.866667 27.3574 
-1.53333 -0.8 23.8638 
-1.53333 -0.733333 20.0996 
-1.53333 -0.666667 16.5329 
-1.53333 -0.6 13.7792 
-1.53333 -0.533333 12.3748 
-1.53333 -0.466667 12.5021 
-1.53333 -0.4 13.876 
-1.53333 -0.333333 15.915 
-1.53333 -0.266667 18.0596 
-1.53333 -0.2 19.9679 
-1.53333 -0.133333 21.5174 
-1.53333 -0.0666667 22.7241 
-1.53333 -4.16334e-16 23.6782 
-1.53333 0.0666667 24.5168 
-1.53333 0.133333 25.4109 
-1.53333 0.2 26.4975 
-1.53333 0.266667 27.6428 
-1.53333 0.333333 28.3385 
-1.53333 0.4 28.1806 
-1.53333 0.466667 25.3662 
-1.53333 0.533333 16.7813 
-1.53333 0.6 30.0355 
-1.53333 0.666667 26.961 
-1.53333 0.733333 27.2628 
-1.53333 0.8 26.2873 
-1.53333 0.866667 19.8447 
-1.53333 0.933333 27.095 
-1.53333 1 25.509 
-1.53333 1.06667 22.0426 
-1.53333 1.13333 24.6152 
-1.53333 1.2 22.6043 
-1.53333 1.26667 24.2994 
-1.53333 1.33333 24.2685 
-1.53333 1.4 23.7802 
-1.53333 1.46667 23.7138 
-1.53333 1.53333 24.1945 
-1.53333 1.6 23.1492 
-1.53333 1.66667 24.6651 
-1.53333 1.73333 23.2389 
-1.53333 1.8 24.0451 
-1.53333 1.86667 21.537 
-1.53333 1.93333 25.069 
-1.53333 2 25.5914 
-1.46667 -2 40.0592 
-1.46667 -1.93333 40.0268 
-1.46667 -1.86667 39.9828 
-1.46667 -1.8 39.923 
-1.46667 -1.73333 39.8416 
-1.46667 -1.66667 39.7312 
-1.46667 -1.6 39.581 
-1.46667 -1.53333 39.3772 
-1.46667 -1.46667 39.1005 
-1.46667 -1.4 38.7252 
-1.46667 -1.33333 38.217 
-1.46667 -1.26667 37.5302 
-1.46667 -1.2 36.6058 
-1.46667 -1.13333 35.3693 
-1.46667 -1.06667 33.7327 
-1.46667 -1 31.6038 
-1.46667 -0.933333 28.9111 
-1.46667 -0.866667 25.6537 
-1.46667 -0.8 21.9758 
-1.46667 -0.733333 18.2357 
-1.46667 -0.666667 14.9986 
-1.46667 -0.6 12.881 
-1.46667 -0.533333 12.2749 
-1.46667 -0.466667 13.1239 
-1.46667 -0.4 14.9506 
-1.46667 -0.333333 17.1393 
-1.46667 -0.266667 19.2241 
-1.46667 -0.2 20.9796 
-1.46667 -0.133333 22.3597 
-1.46667 -0.0666667 23.4156 
-1.46667 -4.16334e-16 24.2484 
-1.46667 0.0666667 24.9955 
-1.46667 0.133333 25.8245 
-1.46667 0.2 26.8693 
-1.46667 0.266667 27.9966 
-1.46667 0.333333 28.7092 
-1.46667 0.4 28.6325 
-1.46667 0.466667 26.0687 
-1.46667 0.533333 17.9336 
-1.46667 0.6 31.0888 
-1.46667 0.666667 27.6661 
-1.46667 0.733333 27.72 
-1.46667 0.8 26.7633 
-1.46667 0.866667 20.6894 
-1.46667 0.933333 27.85 
-1.46667 1 26.0091 
-1.46667 1.06667 22.8125 
-1.46667 1.13333 25.2154 
-1.46667 1.2 23.3153 
-1.46667 1.26667 24.8659 
-1.46667 1.33333 24.9815 
-1.46667 1.4 24.5119 
-1.46667 1.46667 24.4267 
-1.46667 1.53333 24.9119 
-1.46667 1.6 23.7712 
-1.46667 1.66667 25.3533 
-1.46667 1.73333 23.8436 
-1.46667 1.8 24.635 
-1.46667 1.86667 22.3483 
-1.46667 1.93333 25.6221 
-1.46667 2 26.595 
-1.4 -2 40.0443 
-1.4 -1.93333 40.0065 
-1.4 -1.86667 39.9552 
-1.4 -1.8 39.8854 
-1.4 -1.73333 39.7906 
-1.4 -1.66667 39.6618 
-1.4 -1.6 39.4869 
-1.4 -1.53333 39.2493 
-1.4 -1.46667 38.927 
-1.4 -1.4 38.4901 
-1.4 -1.33333 37.899 
-1.4 -1.26667 37.1015 
-1.4 -1.2 36.0308 
-1.4 -1.13333 34.6051 
-1.4 -1.06667 32.7322 
-1.4 -1 30.3255 
-1.4 -0.933333 27.3406 
-1.4 -0.866667 23.839 
-1.4 -0.8 20.0669 
-1.4 -0.733333 16.498 
-1.4 -0.666667 13.7561 
-1.4 -0.6 12.3864 
-1.4 -0.533333 12.5733 
-1.4 -0.466667 14.0229 
-1.4 -0.4 16.1384 
-1.4 -0.333333 18.3488 
-1.4 -0.266667 20.3078 
-1.4 -0.2 21.8901 
-1.4 -0.133333 23.1035 
-1.4 -0.0666667 24.0197 
-1.4 -4.16334e-16 24.7435 
-1.4 0.0666667 25.4097 
-1.4 0.133333 26.1816 
-1.4 0.2 27.1897 
-1.4 0.266667 28.3013 
-1.4 0.333333 29.0283 
-1.4 0.4 29.0222 
-1.4 0.466667 26.6812 
-1.4 0.533333 19.0015 
-1.4 0.6 32.0403 
-1.4 0.666667 28.282 
-1.4 0.733333 28.1148 
-1.4 0.8 27.1744 
-1.4 0.866667 21.4357 
-1.4 0.933333 28.5115 
-1.4 1 26.4416 
-1.4 1.06667 23.4884 
-1.4 1.13333 25.7369 
-1.4 1.2 23.937 
-1.4 1.26667 25.3572 
-1.4 1.33333 25.6049 
-1.4 1.4 25.1524 
-1.4 1.46667 25.05 
-1.4 1.53333 25.5392 
-1.4 1.6 24.3126 
-1.4 1.66667 25.9537 
-1.4 1.73333 24.3693 
-1.4 1.8 25.1475 
-1.4 1.86667 23.0627 
-1.4 1.93333 26.1016 
-1.4 2 27.4961 
-1.33333 -2 40.0268 
-1.33333 -1.93333 39.9828 
-1.33333 -1.86667 39.923 
-1.33333 -1.8 39.8416 
-1.33333 -1.73333 39.7311 
-1.33333 -1.66667 39.581 
-1.33333 -1.6 39.3771 
-1.33333 -1.53333 39.1004 
-1.33333 -1.46667 38.725 
-1.33333 -1.4 38.2166 
-1.33333 -1.33333 37.5295 
-1.33333 -1.26667 36.6045 
-1.33333 -1.2 35.3669 
-1.33333 -1.13333 33.7285 
-1.33333 -1.06667 31.5968 
-1.33333 -1 28.8996 
-1.33333 -0.933333 25.636 
-1.33333 -0.866667 21.9509 
-1.33333 -0.8 18.2058 
-1.33333 -0.733333 14.9719 
-1.33333 -0.666667 12.8738 
-1.33333 -0.6 12.3091 
-1.33333 -0.533333 13.2183 
-1.33333 -0.466667 15.1125 
-1.33333 -0.4 17.3639 
-1.33333 -0.333333 19.5005 
-1.33333 -0.266667 21.2951 
-1.33333 -0.2 22.6994 
-1.33333 -0.133333 23.7557 
-1.33333 -0.0666667 24.5452 
-1.33333 -4.16334e-16 25.1722 
-1.33333 0.0666667 25.7673 
-1.33333 0.133333 26.4893 
-1.33333 0.2 27.4656 
-1.33333 0.266667 28.5634 
-1.33333 0.333333 29.3028 
-1.33333 0.4 29.3577 
-1.33333 0.466667 27.2126 
-1.33333 0.533333 19.9714 
-1.33333 0.6 32.887 
-1.33333 0.666667 28.8174 
-1.33333 0.733333 28.455 
-1.33333 0.8 27.5288 
-1.33333 0.866667 22.0902 
-1.33333 0.933333 29.0877 
-1.33333 1 26.8147 
-1.33333 1.06667 24.0784 
-1.33333 1.13333 26.1884 
-1.33333 1.2 24.478 
-1.33333 1.26667 25.7822 
-1.33333 1.33333 26.1473 
-1.33333 1.4 25.7101 
-1.33333 1.46667 25.5922 
-1.33333 1.53333 26.0848 
-1.33333 1.6 24.7821 
-1.33333 1.66667 26.475 
-1.33333 1.73333 24.8248 
-1.33333 1.8 25.5912 
-1.33333 1.86667 23.6876 
-1.33333 1.93333 26.5162 
-1.33333 2 28.2953 
-1.26667 -2 40.0065 
-1.26667 -1.93333 39.9552 
-1.26667 -1.86667 39.8854 
-1.26667 -1.8 39.7906 
-1.26667 -1.73333 39.6618 
-1.26667 -1.66667 39.4868 
-1.26667 -1.6 39.2493 
-1.26667 -1.53333 38.9269 
-1.26667 -1.46667 38.4899 
-1.26667 -1.4 37.8985 
-1.26667 -1.33333 37.1006 
-1.26667 -1.26667 36.0293 
-1.26667 -1.2 34.6025 
-1.26667 -1.13333 32.7276 
-1.26667 -1.06667 30.3178 
-1.26667 -1 27.3283 
-1.26667 -0.933333 23.8207 
-1.26667 -0.866667 20.043 
-1.26667 -0.8 16.4725 
-1.26667 -0.733333 13.7397 
-1.26667 -0.666667 12.3962 
-1.26667 -0.6 12.6281 
-1.26667 -0.533333 14.1343 
-1.26667 -0.466667 16.3073 
-1.26667 -0.4 18.5678 
-1.26667 -0.333333 20.5675 
-1.26667 -0.266667 22.1806 
-1.26667 -0.2 23.4123 
-1.26667 -0.133333 24.3242 
-1.26667 -0.0666667 25.0008 
-1.26667 -4.16334e-16 25.5426 
-1.26667 0.0666667 26.0756 
-1.26667 0.133333 26.7543 
-1.26667 0.2 27.7028 
-1.26667 0.266667 28.7887 
-1.26667 0.333333 29.5387 
-1.26667 0.4 29.6462 
-1.26667 0.466667 27.6721 
-1.26667 0.533333 20.8395 
-1.26667 0.6 33.6323 
-1.26667 0.666667 29.2813 
-1.26667 0.733333 28.7479 
-1.26667 0.8 27.8338 
-1.26667 0.866667 22.661 
-1.26667 0.933333 29.5875 
-1.26667 1 27.1361 
-1.26667 1.06667 24.5911 
-1.26667 1.13333 26.5785 
-1.26667 1.2 24.9471 
-1.26667 1.26667 26.1489 
-1.26667 1.33333 26.6174 
-1.26667 1.4 26.1939 
-1.26667 1.46667 26.0621 
-1.26667 1.53333 26.5578 
-1.26667 1.6 25.1881 
-1.26667 1.66667 26.9261 
-1.26667 1.73333 25.2185 
-1.26667 1.8 25.9745 
-1.26667 1.86667 24.2315 
-1.26667 1.93333 26.8738 
-1.26667 2 28.9979 
-1.2 -2 39.9828 
-1.2 -1.93333 39.923 
-1.2 -1.86667 39.8416 
-1.2 -1.8 39.7311 
-1.2 -1.73333 39.581 
-1.2 -1.66667 39.3771 
-1.2 -1.6 39.1003 
-1.2 -1.53333 38.7248 
-1.2 -1.46667 38.2163 
-1.2 -1.4 37.529 
-1.2 -1.33333 36.6035 
-1.2 -1.26667 35.3652 
-1.2 -1.2 33.7255 
-1.2 -1.13333 31.5916 
-1.2 -1.06667 28.8912 
-1.2 -1 25.623 
-1.2 -0.933333 21.9327 
-1.2 -0.866667 18.1839 
-1.2 -0.8 14.9526 
-1.2 -0.733333 12.8693 
-1.2 -0.666667 12.3356 
-1.2 -0.6 13.2899 
-1.2 -0.533333 15.2345 
-1.2 -0.466667 17.5329 
-1.2 -0.4 19.7093 
-1.2 -0.333333 21.5364 
-1.2 -0.266667 22.9658 
-1.2 -0.2 24.036 
-1.2 -0.133333 24.818 
-1.2 -0.0666667 25.3946 
-1.2 -4.16334e-16 25.862 
-1.2 0.0666667 26.341 
-1.2 0.133333 26.9821 
-1.2 0.2 27.9068 
-1.2 0.266667 28.9822 
-1.2 0.333333 29.7412 
-1.2 0.4 29.8941 
-1.2 0.466667 28.0685 
-1.2 0.533333 21.608 
-1.2 0.6 34.2832 
-1.2 0.666667 29.682 
-1.2 0.733333 28.9997 
-1.2 0.8 28.096 
-1.2 0.866667 23.1568 
-1.2 0.933333 30.0198 
-1.2 1 27.4127 
-1.2 1.06667 25.0353 
-1.2 1.13333 26.9148 
-1.2 1.2 25.3528 
-1.2 1.26667 26.4649 
-1.2 1.33333 27.0238 
-1.2 1.4 26.6124 
-1.2 1.46667 26.4684 
-1.2 1.53333 26.9666 
-1.2 1.6 25.5385 
-1.2 1.66667 27.3156 
-1.2 1.73333 25.5581 
-1.2 1.8 26.305 
-1.2 1.86667 24.7031 
-1.2 1.93333 27.1819 
-1.2 2 29.6113 
-1.13333 -2 39.9552 
-1.13333 -1.93333 39.8854 
-1.13333 -1.86667 39.7906 
-1.13333 -1.8 39.6618 
-1.13333 -1.73333 39.4868 
-1.13333 -1.66667 39.2492 
-1.13333 -1.6 38.9268 
-1.13333 -1.53333 38.4897 
-1.13333 -1.46667 37.8982 
-1.13333 -1.4 37.1 
-1.13333 -1.33333 36.0282 
-1.13333 -1.26667 34.6005 
-1.13333 -1.2 32.7242 
-1.13333 -1.13333 30.3121 
-1.13333 -1.06667 27.3192 
-1.13333 -1 23.8073 
-1.13333 -0.933333 20.0254 
-1.13333 -0.866667 16.4539 
-1.13333 -0.8 13.728 
-1.13333 -0.733333 12.4042 
-1.13333 -0.666667 12.6696 
-1.13333 -0.6 14.2181 
-1.13333 -0.533333 16.4339 
-1.13333 -0.466667 18.7322 
-1.13333 -0.4 20.7636 
-1.13333 -0.333333 22.4034 
-1.13333 -0.266667 23.6561 
-1.13333 -0.2 24.579 
-1.13333 -0.133333 25.2455 
-1.13333 -0.0666667 25.7345 
-1.13333 -4.16334e-16 26.1371 
-1.13333 0.0666667 26.5693 
-1.13333 0.133333 27.178 
-1.13333 0.2 28.082 
-1.13333 0.266667 29.1484 
-1.13333 0.333333 29.9152 
-1.13333 0.4 30.1069 
-1.13333 0.466667 28.4098 
-1.13333 0.533333 22.2829 
-1.13333 0.6 34.8484 
-1.13333 0.666667 30.0276 
-1.13333 0.733333 29.2161 
-1.13333 0.8 28.3214 
-1.13333 0.866667 23.5861 
-1.13333 0.933333 30.3929 
-1.13333 1 27.6505 
-1.13333 1.06667 25.4191 
-1.13333 1.13333 27.2044 
-1.13333 1.2 25.7028 
-1.13333 1.26667 26.7369 
-1.13333 1.33333 27.3744 
-1.13333 1.4 26.9736 
-1.13333 1.46667 26.8189 
-1.13333 1.53333 27.3193 
-1.13333 1.6 25.8405 
-1.13333 1.66667 27.6513 
-1.13333 1.73333 25.8506 
-1.13333 1.8 26.5896 
-1.13333 1.86667 25.1109 
-1.13333 1.93333 27.447 
-1.13333 2 30.1444 
-1.06667 -2 39.9229 
-1.06667 -1.93333 39.8416 
-1.06667 -1.86667 39.7311 
-1.06667 -1.8 39.581 
-1.06667 -1.73333 39.377 
-1.06667 -1.66667 39.1002 
-1.06667 -1.6 38.7247 
-1.06667 -1.53333 38.2161 
-1.06667 -1.46667 37.5286 
-1.06667 -1.4 36.6028 
-1.06667 -1.33333 35.3639 
-1.06667 -1.26667 33.7233 
-1.06667 -1.2 31.5878 
-1.06667 -1.13333 28.885 
-1.06667 -1.06667 25.6134 
-1.06667 -1 21.9192 
-1.06667 -0.933333 18.1679 
-1.06667 -0.866667 14.9385 
-1.06667 -0.8 12.8663 
-1.06667 -0.733333 12.3558 
-1.06667 -0.666667 13.3436 
-1.06667 -0.6 15.3258 
-1.06667 -0.533333 17.6593 
-1.06667 -0.466667 19.8658 
-1.06667 -0.4 21.7189 
-1.06667 -0.333333 23.1708 
-1.06667 -0.266667 24.2592 
-1.06667 -0.2 25.0501 
-1.06667 -0.133333 25.6147 
-1.06667 -0.0666667 26.0274 
-1.06667 -4.16334e-16 26.3738 
-1.06667 0.0666667 26.7656 
-1.06667 0.133333 27.3463 
-1.06667 0.2 28.2324 
-1.06667 0.266667 29.2911 
-1.06667 0.333333 30.0644 
-1.06667 0.4 30.2896 
-1.06667 0.466667 28.7034 
-1.06667 0.533333 22.8721 
-1.06667 0.6 35.3373 
-1.06667 0.666667 30.3253 
-1.06667 0.733333 29.4019 
-1.06667 0.8 28.5149 
-1.06667 0.866667 23.9571 
-1.06667 0.933333 30.7143 
-1.06667 1 27.8549 
-1.06667 1.06667 25.7502 
-1.06667 1.13333 27.4536 
-1.06667 1.2 26.0045 
-1.06667 1.26667 26.9708 
-1.06667 1.33333 27.6766 
-1.06667 1.4 27.2849 
-1.06667 1.46667 27.1209 
-1.06667 1.53333 27.6232 
-1.06667 1.6 26.1005 
-1.06667 1.66667 27.9403 
-1.06667 1.73333 26.1024 
-1.06667 1.8 26.8345 
-1.06667 1.86667 25.4629 
-1.06667 1.93333 27.6749 
-1.06667 2 30.6061 
-1 -2 39.8854 
-1 -1.93333 39.7906 
-1 -1.86667 39.6618 
-1 -1.8 39.4868 
-1 -1.73333 39.2492 
-1 -1.66667 38.9267 
-1 -1.6 38.4895 
-1 -1.53333 37.8979 
-1 -1.46667 37.0995 
-1 -1.4 36.0273 
-1 -1.33333 34.599 
-1 -1.26667 32.7217 
-1 -1.2 30.3079 
-1 -1.13333 27.3125 
-1 -1.06667 23.7975 
-1 -1 20.0125 
-1 -0.933333 16.4403 
-1 -0.866667 13.7196 
-1 -0.8 12.4104 
-1 -0.733333 12.7008 
-1 -0.666667 14.2807 
-1 -0.6 16.5283 
-1 -0.533333 18.8548 
-1 -0.466667 20.9107 
-1 -0.4 22.5722 
-1 -0.333333 23.8447 
-1 -0.266667 24.7838 
-1 -0.2 25.4576 
-1 -0.133333 25.9332 
-1 -0.0666667 26.2796 
-1 -4.16334e-16 26.5773 
-1 0.0666667 26.9343 
-1 0.133333 27.4909 
-1 0.2 28.3616 
-1 0.266667 29.4135 
-1 0.333333 30.1925 
-1 0.4 30.4464 
-1 0.466667 28.9556 
-1 0.533333 23.3842 
-1 0.6 35.759 
-1 0.666667 30.5814 
-1 0.733333 29.5615 
-1 0.8 28.681 
-1 0.866667 24.2771 
-1 0.933333 30.9909 
-1 1 28.0303 
-1 1.06667 26.0355 
-1 1.13333 27.6678 
-1 1.2 26.2642 
-1 1.26667 27.1718 
-1 1.33333 27.9366 
-1 1.4 27.5529 
-1 1.46667 27.3808 
-1 1.53333 27.8846 
-1 1.6 26.3241 
-1 1.66667 28.1888 
-1 1.73333 26.3189 
-1 1.8 27.0451 
-1 1.86667 25.7662 
-1 1.93333 27.8708 
-1 2 31.0048 
-0.933333 -2 39.8416 
-0.933333 -1.93333 39.7311 
-0.933333 -1.86667 39.5809 
-0.933333 -1.8 39.377 
-0.933333 -1.73333 39.1002 
-0.933333 -1.66667 38.7246 
-0.933333 -1.6 38.2159 
-0.933333 -1.53333 37.5283 
-0.933333 -1.46667 36.6022 
-0.933333 -1.4 35.3629 
-0.933333 -1.33333 33.7216 
-0.933333 -1.26667 31.585 
-0.933333 -1.2 28.8804 
-0.933333 -1.13333 25.6064 
-0.933333 -1.06667 21.9094 
-0.933333 -1 18.1561 
-0.933333 -0.933333 14.9283 
-0.933333 -0.866667 12.8643 
-0.933333 -0.8 12.3711 
-0.933333 -0.733333 13.3838 
-0.933333 -0.666667 15.3937 
-0.933333 -0.6 17.7533 
-0.933333 -0.533333 19.9826 
-0.933333 -0.466667 21.8558 
-0.933333 -0.4 23.3266 
-0.933333 -0.333333 24.4329 
-0.933333 -0.266667 25.2385 
-0.933333 -0.2 25.8094 
-0.933333 -0.133333 26.2076 
-0.933333 -0.0666667 26.4964 
-0.933333 -4.16334e-16 26.7523 
-0.933333 0.0666667 27.0792 
-0.933333 0.133333 27.615 
-0.933333 0.2 28.4725 
-0.933333 0.266667 29.5186 
-0.933333 0.333333 30.3024 
-0.933333 0.4 30.5809 
-0.933333 0.466667 29.1723 
-0.933333 0.533333 23.828 
-0.933333 0.6 36.122 
-0.933333 0.666667 30.8015 
-0.933333 0.733333 29.6984 
-0.933333 0.8 28.8236 
-0.933333 0.866667 24.5527 
-0.933333 0.933333 31.2287 
-0.933333 1 28.181 
-0.933333 1.06667 26.281 
-0.933333 1.13333 27.8518 
-0.933333 1.2 26.4875 
-0.933333 1.26667 27.3445 
-0.933333 1.33333 28.1602 
-0.933333 1.4 27.7834 
-0.933333 1.46667 27.6043 
-0.933333 1.53333 28.1094 
-0.933333 1.6 26.5164 
-0.933333 1.66667 28.4023 
-0.933333 1.73333 26.5049 
-0.933333 1.8 27.226 
-0.933333 1.86667 26.0274 
-0.933333 1.93333 28.0391 
-0.933333 2 31.3486 
-0.866667 -2 39.7906 
-0.866667 -1.93333 39.6618 
-0.866667 -1.86667 39.4868 
-0.866667 -1.8 39.2491 
-0.866667 -1.73333 38.9266 
-0.866667 -1.66667 38.4894 
-0.866667 -1.6 37.8977 
-0.866667 -1.53333 37.0992 
-0.866667 -1.46667 36.0267 
-0.866667 -1.4 34.598 
-0.866667 -1.33333 32.7198 
-0.866667 -1.26667 30.3048 
-0.866667 -1.2 27.3076 
-0.866667 -1.13333 23.7902 
-0.866667 -1.06667 20.0031 
-0.866667 -1 16.4303 
-0.866667 -0.933333 13.7135 
-0.866667 -0.866667 12.4152 
-0.866667 -0.8 12.7241 
-0.866667 -0.733333 14.3273 
-0.866667 -0.666667 16.5984 
-0.866667 -0.6 18.946 
-0.866667 -0.533333 21.0204 
-0.866667 -0.466667 22.6991 
-0.866667 -0.4 23.9884 
-0.866667 -0.333333 24.9441 
-0.866667 -0.266667 25.6317 
-0.866667 -0.2 26.1127 
-0.866667 -0.133333 26.4436 
-0.866667 -0.0666667 26.6829 
-0.866667 -4.16334e-16 26.9026 
-0.866667 0.0666667 27.2037 
-0.866667 0.133333 27.7215 
-0.866667 0.2 28.5676 
-0.866667 0.266667 29.6087 
-0.866667 0.333333 30.3967 
-0.866667 0.4 30.6963 
-0.866667 0.466667 29.3583 
-0.866667 0.533333 24.2115 
-0.866667 0.6 36.434 
-0.866667 0.666667 30.9906 
-0.866667 0.733333 29.816 
-0.866667 0.8 28.946 
-0.866667 0.866667 24.79 
-0.866667 0.933333 31.433 
-0.866667 1 28.3103 
-0.866667 1.06667 26.4921 
-0.866667 1.13333 28.0098 
-0.866667 1.2 26.6795 
-0.866667 1.26667 27.4927 
-0.866667 1.33333 28.3523 
-0.866667 1.4 27.9815 
-0.866667 1.46667 27.7964 
-0.866667 1.53333 28.3026 
-0.866667 1.6 26.6815 
-0.866667 1.66667 28.5858 
-0.866667 1.73333 26.6648 
-0.866667 1.8 27.3814 
-0.866667 1.86667 26.252 
-0.866667 1.93333 28.1835 
-0.866667 2 31.6446 
-0.8 -2 39.7311 
-0.8 -1.93333 39.5809 
-0.8 -1.86667 39.377 
-0.8 -1.8 39.1001 
-0.8 -1.73333 38.7246 
-0.8 -1.66667 38.2158 
-0.8 -1.6 37.528 
-0.8 -1.53333 36.6018 
-0.8 -1.46667 35.3622 
-0.8 -1.4 33.7204 
-0.8 -1.33333 31.5829 
-0.8 -1.26667 28.877 
-0.8 -1.2 25.6012 
-0.8 -1.13333 21.9021 
-0.8 -1.06667 18.1474 
-0.8 -1 14.9208 
-0.8 -0.933333 12.863 
-0.8 -0.866667 12.3825 
-0.8 -0.8 13.4136 
-0.8 -0.733333 15.4442 
-0.8 -0.666667 17.8231 
-0.8 -0.6 20.0694 
-0.8 -0.533333 21.958 
-0.8 -0.466667 23.444 
-0.8 -0.4 24.5657 
-0.8 -0.333333 25.387 
-0.8 -0.266667 25.971 
-0.8 -0.2 26.3738 
-0.8 -0.133333 26.6466 
-0.8 -0.0666667 26.8431 
-0.8 -4.16334e-16 27.0316 
-0.8 0.0666667 27.3105 
-0.8 0.133333 27.813 
-0.8 0.2 28.6493 
-0.8 0.266667 29.6861 
-0.8 0.333333 30.4775 
-0.8 0.4 30.7953 
-0.8 0.466667 29.5179 
-0.8 0.533333 24.5425 
-0.8 0.6 36.702 
-0.8 0.666667 31.1531 
-0.8 0.733333 29.9168 
-0.8 0.8 29.051 
-0.8 0.866667 24.994 
-0.8 0.933333 31.6085 
-0.8 1 28.4213 
-0.8 1.06667 26.6735 
-0.8 1.13333 28.1455 
-0.8 1.2 26.8444 
-0.8 1.26667 27.62 
-0.8 1.33333 28.5174 
-0.8 1.4 28.1518 
-0.8 1.46667 27.9614 
-0.8 1.53333 28.4686 
-0.8 1.6 26.8234 
-0.8 1.66667 28.7433 
-0.8 1.73333 26.802 
-0.8 1.8 27.5148 
-0.8 1.86667 26.445 
-0.8 1.93333 28.3075 
-0.8 2 31.8992 
-0.733333 -2 39.6618 
-0.733333 -1.93333 39.4867 
-0.733333 -1.86667 39.2491 
-0.733333 -1.8 38.9266 
-0.733333 -1.73333 38.4894 
-0.733333 -1.66667 37.8976 
-0.733333 -1.6 37.0989 
-0.733333 -1.53333 36.0263 
-0.733333 -1.46667 34.5972 
-0.733333 -1.4 32.7185 
-0.733333 -1.33333 30.3025 
-0.733333 -1.26667 27.304 
-0.733333 -1.2 23.7849 
-0.733333 -1.13333 19.9961 
-0.733333 -1.06667 16.423 
-0.733333 -1 13.7091 
-0.733333 -0.933333 12.4189 
-0.733333 -0.866667 12.7414 
-0.733333 -0.8 14.3618 
-0.733333 -0.733333 16.6504 
-0.733333 -0.666667 19.0136 
-0.733333 -0.6 21.1019 
-0.733333 -0.533333 22.7939 
-0.733333 -0.466667 24.097 
-0.733333 -0.4 25.0672 
-0.733333 -0.333333 25.7697 
-0.733333 -0.266667 26.2633 
-0.733333 -0.2 26.5984 
-0.733333 -0.133333 26.8211 
-0.733333 -0.0666667 26.9807 
-0.733333 -4.16334e-16 27.1425 
-0.733333 0.0666667 27.4022 
-0.733333 0.133333 27.8915 
-0.733333 0.2 28.7193 
-0.733333 0.266667 29.7524 
-0.733333 0.333333 30.5469 
-0.733333 0.4 30.8801 
-0.733333 0.466667 29.6548 
-0.733333 0.533333 24.8276 
-0.733333 0.6 36.932 
-0.733333 0.666667 31.2925 
-0.733333 0.733333 30.0034 
-0.733333 0.8 29.141 
-0.733333 0.866667 25.1694 
-0.733333 0.933333 31.7592 
-0.733333 1 28.5165 
-0.733333 1.06667 26.8294 
-0.733333 1.13333 28.262 
-0.733333 1.2 26.9861 
-0.733333 1.26667 27.7292 
-0.733333 1.33333 28.6591 
-0.733333 1.4 28.2979 
-0.733333 1.46667 28.1031 
-0.733333 1.53333 28.6111 
-0.733333 1.6 26.9452 
-0.733333 1.66667 28.8785 
-0.733333 1.73333 26.9198 
-0.733333 1.8 27.6294 
-0.733333 1.86667 26.6109 
-0.733333 1.93333 28.414 
-0.733333 2 32.1181 
-0.666667 -2 39.5809 
-0.666667 -1.93333 39.377 
-0.666667 -1.86667 39.1001 
-0.666667 -1.8 38.7245 
-0.666667 -1.73333 38.2157 
-0.666667 -1.66667 37.5279 
-0.666667 -1.6 36.6016 
-0.666667 -1.53333 35.3617 
-0.666667 -1.46667 33.7195 
-0.666667 -1.4 31.5814 
-0.666667 -1.33333 28.8745 
-0.666667 -1.26667 25.5974 
-0.666667 -1.2 21.8968 
-0.666667 -1.13333 18.1411 
-0.666667 -1.06667 14.9153 
-0.666667 -1 12.8621 
-0.666667 -0.933333 12.391 
-0.666667 -0.866667 13.4358 
-0.666667 -0.8 15.4815 
-0.666667 -0.733333 17.8748 
-0.666667 -0.666667 20.1337 
-0.666667 -0.6 22.034 
-0.666667 -0.533333 23.5317 
-0.666667 -0.466667 24.6663 
-0.666667 -0.4 25.5015 
-0.666667 -0.333333 26.1 
-0.666667 -0.266667 26.515 
-0.666667 -0.2 26.7916 
-0.666667 -0.133333 26.9709 
-0.666667 -0.0666667 27.0988 
-0.666667 -4.16334e-16 27.2376 
-0.666667 0.0666667 27.4809 
-0.666667 0.133333 27.9588 
-0.666667 0.2 28.7794 
-0.666667 0.266667 29.8093 
-0.666667 0.333333 30.6064 
-0.666667 0.4 30.953 
-0.666667 0.466667 29.7723 
-0.666667 0.533333 25.0731 
-0.666667 0.6 37.1293 
-0.666667 0.666667 31.4122 
-0.666667 0.733333 30.0776 
-0.666667 0.8 29.2183 
-0.666667 0.866667 25.32 
-0.666667 0.933333 31.8885 
-0.666667 1 28.5982 
-0.666667 1.06667 26.9633 
-0.666667 1.13333 28.362 
-0.666667 1.2 27.1077 
-0.666667 1.26667 27.823 
-0.666667 1.33333 28.7808 
-0.666667 1.4 28.4234 
-0.666667 1.46667 28.2247 
-0.666667 1.53333 28.7334 
-0.666667 1.6 27.0497 
-0.666667 1.66667 28.9945 
-0.666667 1.73333 27.021 
-0.666667 1.8 27.7277 
-0.666667 1.86667 26.7533 
-0.666667 1.93333 28.5053 
-0.666667 2 32.3061 
-0.6 -2 39.4867 
-0.6 -1.93333 39.2491 
-0.6 -1.86667 38.9266 
-0.6 -1.8 38.4893 
-0.6 -1.73333 37.8975 
-0.6 -1.66667 37.0988 
-0.6 -1.6 36.026 
-0.6 -1.53333 34.5966 
-0.6 -1.46667 32.7175 
-0.6 -1.4 30.3009 
-0.6 -1.33333 27.3013 
-0.6 -1.26667 23.7809 
-0.6 -1.2 19.991 
-0.6 -1.13333 16.4176 
-0.6 -1.06667 13.7059 
-0.6 -1 12.4217 
-0.6 -0.933333 12.7543 
-0.6 -0.866667 14.3874 
-0.6 -0.8 16.6888 
-0.6 -0.733333 19.0637 
-0.6 -0.666667 21.1623 
-0.6 -0.6 22.8644 
-0.6 -0.533333 24.1783 
-0.6 -0.466667 25.1607 
-0.6 -0.4 25.8768 
-0.6 -0.333333 26.3845 
-0.6 -0.266667 26.7315 
-0.6 -0.2 26.9576 
-0.6 -0.133333 27.0997 
-0.6 -0.0666667 27.2003 
-0.6 -4.16334e-16 27.3192 
-0.6 0.0666667 27.5484 
-0.6 0.133333 28.0166 
-0.6 0.2 28.831 
-0.6 0.266667 29.8581 
-0.6 0.333333 30.6574 
-0.6 0.4 31.0154 
-0.6 0.466667 29.8731 
-0.6 0.533333 25.2842 
-0.6 0.6 37.2985 
-0.6 0.666667 31.5149 
-0.6 0.733333 30.1413 
-0.6 0.8 29.2846 
-0.6 0.866667 25.4494 
-0.6 0.933333 31.9995 
-0.6 1 28.6683 
-0.6 1.06667 27.0782 
-0.6 1.13333 28.4478 
-0.6 1.2 27.2121 
-0.6 1.26667 27.9034 
-0.6 1.33333 28.8853 
-0.6 1.4 28.5312 
-0.6 1.46667 28.3291 
-0.6 1.53333 28.8384 
-0.6 1.6 27.1395 
-0.6 1.66667 29.0941 
-0.6 1.73333 27.1078 
-0.6 1.8 27.8121 
-0.6 1.86667 26.8757 
-0.6 1.93333 28.5836 
-0.6 2 32.4675 
-0.533333 -2 39.377 
-0.533333 -1.93333 39.1001 
-0.533333 -1.86667 38.7245 
-0.533333 -1.8 38.2156 
-0.533333 -1.73333 37.5278 
-0.533333 -1.66667 36.6013 
-0.533333 -1.6 35.3614 
-0.533333 -1.53333 33.7189 
-0.533333 -1.46667 31.5803 
-0.533333 -1.4 28.8727 
-0.533333 -1.33333 25.5946 
-0.533333 -1.26667 21.8929 
-0.533333 -1.2 18.1364 
-0.533333 -1.13333 14.9113 
-0.533333 -1.06667 12.8614 
-0.533333 -1 12.3974 
-0.533333 -0.933333 13.4522 
-0.533333 -0.866667 15.5091 
-0.533333 -0.8 17.9129 
-0.533333 -0.733333 20.1812 
-0.533333 -0.666667 22.0903 
-0.533333 -0.6 23.5971 
-0.533333 -0.533333 24.7418 
-0.533333 -0.466667 25.5888 
-0.533333 -0.4 26.2005 
-0.533333 -0.333333 26.6294 
-0.533333 -0.266667 26.9176 
-0.533333 -0.2 27.1001 
-0.533333 -0.133333 27.2102 
-0.533333 -0.0666667 27.2873 
-0.533333 -4.16334e-16 27.3893 
-0.533333 0.0666667 27.6063 
-0.533333 0.133333 28.0661 
-0.533333 0.2 28.8752 
-0.533333 0.266667 29.9 
-0.533333 0.333333 30.7012 
-0.533333 0.4 31.0689 
-0.533333 0.466667 29.9595 
-0.533333 0.533333 25.4656 
-0.533333 0.6 37.4436 
-0.533333 0.666667 31.6031 
-0.533333 0.733333 30.1959 
-0.533333 0.8 29.3414 
-0.533333 0.866667 25.5606 
-0.533333 0.933333 32.0947 
-0.533333 1 28.7284 
-0.533333 1.06667 27.1769 
-0.533333 1.13333 28.5214 
-0.533333 1.2 27.3017 
-0.533333 1.26667 27.9724 
-0.533333 1.33333 28.9749 
-0.533333 1.4 28.6236 
-0.533333 1.46667 28.4187 
-0.533333 1.53333 28.9285 
-0.533333 1.6 27.2165 
-0.533333 1.66667 29.1795 
-0.533333 1.73333 27.1823 
-0.533333 1.8 27.8844 
-0.533333 1.86667 26.9807 
-0.533333 1.93333 28.6509 
-0.533333 2 32.606 
-0.466667 -2 39.2491 
-0.466667 -1.93333 38.9265 
-0.466667 -1.86667 38.4893 
-0.466667 -1.8 37.8974 
-0.466667 -1.73333 37.0986 
-0.466667 -1.66667 36.0257 
-0.466667 -1.6 34.5962 
-0.466667 -1.53333 32.7167 
-0.466667 -1.46667 30.2996 
-0.466667 -1.4 27.2994 
-0.466667 -1.33333 23.7781 
-0.466667 -1.26667 19.9872 
-0.466667 -1.2 16.4137 
-0.466667 -1.13333 13.7035 
-0.466667 -1.06667 12.4237 
-0.466667 -1 12.7638 
-0.466667 -0.933333 14.4063 
-0.466667 -0.866667 16.7172 
-0.466667 -0.8 19.1006 
-0.466667 -0.733333 21.207 
-0.466667 -0.666667 22.9168 
-0.466667 -0.6 24.239 
-0.466667 -0.533333 25.2311 
-0.466667 -0.466667 25.9585 
-0.466667 -0.4 26.4793 
-0.466667 -0.333333 26.84 
-0.466667 -0.266667 27.0775 
-0.466667 -0.2 27.2225 
-0.466667 -0.133333 27.305 
-0.466667 -0.0666667 27.362 
-0.466667 -4.16334e-16 27.4494 
-0.466667 0.0666667 27.656 
-0.466667 0.133333 28.1087 
-0.466667 0.2 28.9132 
-0.466667 0.266667 29.9359 
-0.466667 0.333333 30.7388 
-0.466667 0.4 31.1149 
-0.466667 0.466667 30.0337 
-0.466667 0.533333 25.6215 
-0.466667 0.6 37.5681 
-0.466667 0.666667 31.6787 
-0.466667 0.733333 30.2427 
-0.466667 0.8 29.3902 
-0.466667 0.866667 25.6559 
-0.466667 0.933333 32.1764 
-0.466667 1 28.78 
-0.466667 1.06667 27.2616 
-0.466667 1.13333 28.5845 
-0.466667 1.2 27.3786 
-0.466667 1.26667 28.0317 
-0.466667 1.33333 29.0518 
-0.466667 1.4 28.703 
-0.466667 1.46667 28.4956 
-0.466667 1.53333 29.0058 
-0.466667 1.6 27.2826 
-0.466667 1.66667 29.2528 
-0.466667 1.73333 27.2462 
-0.466667 1.8 27.9466 
-0.466667 1.86667 27.0708 
-0.466667 1.93333 28.7086 
-0.466667 2 32.725 
-0.4 -2 39.1001 
-0.4 -1.93333 38.7245 
-0.4 -1.86667 38.2156 
-0.4 -1.8 37.5277 
-0.4 -1.73333 36.6012 
-0.4 -1.66667 35.3611 
-0.4 -1.6 33.7184 
-0.4 -1.53333 31.5795 
-0.4 -1.46667 28.8714 
-0.4 -1.4 25.5925 
-0.4 -1.33333 21.89 
-0.4 -1.26667 18.133 
-0.4 -1.2 14.9083 
-0.4 -1.13333 12.8609 
-0.4 -1.06667 12.4021 
-0.4 -1 13.4643 
-0.4 -0.933333 15.5295 
-0.4 -0.866667 17.9411 
-0.4 -0.8 20.2164 
-0.4 -0.733333 22.132 
-0.4 -0.666667 23.6457 
-0.4 -0.6 24.7982 
-0.4 -0.533333 25.6545 
-0.4 -0.466667 26.2774 
-0.4 -0.4 26.7192 
-0.4 -0.333333 27.021 
-0.4 -0.266667 27.2148 
-0.4 -0.2 27.3276 
-0.4 -0.133333 27.3865 
-0.4 -0.0666667 27.4262 
-0.4 -4.16334e-16 27.501 
-0.4 0.0666667 27.6987 
-0.4 0.133333 28.1452 
-0.4 0.2 28.9457 
-0.4 0.266667 29.9668 
-0.4 0.333333 30.771 
-0.4 0.4 31.1543 
-0.4 0.466667 30.0972 
-0.4 0.533333 25.7554 
-0.4 0.6 37.6748 
-0.4 0.666667 31.7436 
-0.4 0.733333 30.2829 
-0.4 0.8 29.432 
-0.4 0.866667 25.7378 
-0.4 0.933333 32.2465 
-0.4 1 28.8242 
-0.4 1.06667 27.3342 
-0.4 1.13333 28.6387 
-0.4 1.2 27.4446 
-0.4 1.26667 28.0825 
-0.4 1.33333 29.1178 
-0.4 1.4 28.771 
-0.4 1.46667 28.5616 
-0.4 1.53333 29.0721 
-0.4 1.6 27.3393 
-0.4 1.66667 29.3157 
-0.4 1.73333 27.301 
-0.4 1.8 27.9999 
-0.4 1.86667 27.1481 
-0.4 1.93333 28.758 
-0.4 2 32.827 
-0.333333 -2 38.9265 
-0.333333 -1.93333 38.4892 
-0.333333 -1.86667 37.8974 
-0.333333 -1.8 37.0985 
-0.333333 -1.73333 36.0255 
-0.333333 -1.66667 34.5959 
-0.333333 -1.6 32.7162 
-0.333333 -1.53333 30.2987 
-0.333333 -1.46667 27.2979 
-0.333333 -1.4 23.7759 
-0.333333 -1.33333 19.9844 
-0.333333 -1.26667 16.4108 
-0.333333 -1.2 13.7018 
-0.333333 -1.13333 12.4252 
-0.333333 -1.06667 12.7709 
-0.333333 -1 14.4203 
-0.333333 -0.933333 16.7381 
-0.333333 -0.866667 19.1279 
-0.333333 -0.8 21.24 
-0.333333 -0.733333 22.9555 
-0.333333 -0.666667 24.284 
-0.333333 -0.6 25.2837 
-0.333333 -0.533333 26.0203 
-0.333333 -0.466667 26.5521 
-0.333333 -0.4 26.9256 
-0.333333 -0.333333 27.1765 
-0.333333 -0.266667 27.3327 
-0.333333 -0.2 27.4179 
-0.333333 -0.133333 27.4563 
-0.333333 -0.0666667 27.4812 
-0.333333 -4.16334e-16 27.5452 
-0.333333 0.0666667 27.7353 
-0.333333 0.133333 28.1765 
-0.333333 0.2 28.9737 
-0.333333 0.266667 29.9932 
-0.333333 0.333333 30.7986 
-0.333333 0.4 31.188 
-0.333333 0.466667 30.1518 
-0.333333 0.533333 25.8704 
-0.333333 0.6 37.7662 
-0.333333 0.666667 31.7993 
-0.333333 0.733333 30.3174 
-0.333333 0.8 29.4679 
-0.333333 0.866667 25.8081 
-0.333333 0.933333 32.3067 
-0.333333 1 28.8622 
-0.333333 1.06667 27.3966 
-0.333333 1.13333 28.6852 
-0.333333 1.2 27.5012 
-0.333333 1.26667 28.126 
-0.333333 1.33333 29.1745 
-0.333333 1.4 28.8295 
-0.333333 1.46667 28.6182 
-0.333333 1.53333 29.129 
-0.333333 1.6 27.388 
-0.333333 1.66667 29.3696 
-0.333333 1.73333 27.3481 
-0.333333 1.8 28.0456 
-0.333333 1.86667 27.2145 
-0.333333 1.93333 28.8005 
-0.333333 2 32.9146 
-0.266667 -2 38.7244 
-0.266667 -1.93333 38.2156 
-0.266667 -1.86667 37.5276 
-0.266667 -1.8 36.6011 
-0.266667 -1.73333 35.3609 
-0.266667 -1.66667 33.718 
-0.266667 -1.6 31.5789 
-0.266667 -1.53333 28.8704 
-0.266667 -1.46667 25.591 
-0.266667 -1.4 21.8879 
-0.266667 -1.33333 18.1305 
-0.266667 -1.26667 14.9061 
-0.266667 -1.2 12.8606 
-0.266667 -1.13333 12.4055 
-0.266667 -1.06667 13.4732 
-0.266667 -1 15.5445 
-0.266667 -0.933333 17.9619 
-0.266667 -0.866667 20.2423 
-0.266667 -0.8 22.1628 
-0.266667 -0.733333 23.6816 
-0.266667 -0.666667 24.8402 
-0.266667 -0.6 25.7038 
-0.266667 -0.533333 26.3357 
-0.266667 -0.466667 26.7885 
-0.266667 -0.4 27.1029 
-0.266667 -0.333333 27.3101 
-0.266667 -0.266667 27.434 
-0.266667 -0.2 27.4953 
-0.266667 -0.133333 27.5163 
-0.266667 -0.0666667 27.5284 
-0.266667 -4.16334e-16 27.5832 
-0.266667 0.0666667 27.7667 
-0.266667 0.133333 28.2033 
-0.266667 0.2 28.9976 
-0.266667 0.266667 30.0159 
-0.266667 0.333333 30.8223 
-0.266667 0.4 31.217 
-0.266667 0.466667 30.1985 
-0.266667 0.533333 25.9691 
-0.266667 0.6 37.8447 
-0.266667 0.666667 31.847 
-0.266667 0.733333 30.347 
-0.266667 0.8 29.4986 
-0.266667 0.866667 25.8684 
-0.266667 0.933333 32.3582 
-0.266667 1 28.8947 
-0.266667 1.06667 27.4501 
-0.266667 1.13333 28.725 
-0.266667 1.2 27.5498 
-0.266667 1.26667 28.1634 
-0.266667 1.33333 29.223 
-0.266667 1.4 28.8796 
-0.266667 1.46667 28.6667 
-0.266667 1.53333 29.1778 
-0.266667 1.6 27.4297 
-0.266667 1.66667 29.4159 
-0.266667 1.73333 27.3884 
-0.266667 1.8 28.0848 
-0.266667 1.86667 27.2714 
-0.266667 1.93333 28.8369 
-0.266667 2 32.9897 
-0.2 -2 38.4892 
-0.2 -1.93333 37.8973 
-0.2 -1.86667 37.0985 
-0.2 -1.8 36.0254 
-0.2 -1.73333 34.5956 
-0.2 -1.66667 32.7158 
-0.2 -1.6 30.2981 
-0.2 -1.53333 27.2969 
-0.2 -1.46667 23.7744 
-0.2 -1.4 19.9824 
-0.2 -1.33333 16.4086 
-0.2 -1.26667 13.7005 
-0.2 -1.2 12.4264 
-0.2 -1.13333 12.776 
-0.2 -1.06667 14.4305 
-0.2 -1 16.7536 
-0.2 -0.933333 19.1479 
-0.2 -0.866667 21.2643 
-0.2 -0.8 22.9841 
-0.2 -0.733333 24.3174 
-0.2 -0.666667 25.3228 
-0.2 -0.6 26.0666 
-0.2 -0.533333 26.6074 
-0.2 -0.466667 26.9917 
-0.2 -0.4 27.2553 
-0.2 -0.333333 27.4248 
-0.2 -0.266667 27.5209 
-0.2 -0.2 27.5617 
-0.2 -0.133333 27.5677 
-0.2 -0.0666667 27.5689 
-0.2 -4.16334e-16 27.6158 
-0.2 0.0666667 27.7936 
-0.2 0.133333 28.2263 
-0.2 0.2 29.0182 
-0.2 0.266667 30.0353 
-0.2 0.333333 30.8426 
-0.2 0.4 31.2419 
-0.2 0.466667 30.2386 
-0.2 0.533333 26.0539 
-0.2 0.6 37.9119 
-0.2 0.666667 31.888 
-0.2 0.733333 30.3723 
-0.2 0.8 29.525 
-0.2 0.866667 25.9201 
-0.2 0.933333 32.4025 
-0.2 1 28.9226 
-0.2 1.06667 27.496 
-0.2 1.13333 28.7592 
-0.2 1.2 27.5915 
-0.2 1.26667 28.1955 
-0.2 1.33333 29.2647 
-0.2 1.4 28.9226 
-0.2 1.46667 28.7084 
-0.2 1.53333 29.2197 
-0.2 1.6 27.4655 
-0.2 1.66667 29.4556 
-0.2 1.73333 27.4231 
-0.2 1.8 28.1185 
-0.2 1.86667 27.3202 
-0.2 1.93333 28.8681 
-0.2 2 33.0542 
-0.133333 -2 38.2155 
-0.133333 -1.93333 37.5276 
-0.133333 -1.86667 36.601 
-0.133333 -1.8 35.3607 
-0.133333 -1.73333 33.7178 
-0.133333 -1.66667 31.5784 
-0.133333 -1.6 28.8697 
-0.133333 -1.53333 25.5899 
-0.133333 -1.46667 21.8863 
-0.133333 -1.4 18.1286 
-0.133333 -1.33333 14.9046 
-0.133333 -1.26667 12.8604 
-0.133333 -1.2 12.4081 
-0.133333 -1.13333 13.4798 
-0.133333 -1.06667 15.5556 
-0.133333 -1 17.9772 
-0.133333 -0.933333 20.2614 
-0.133333 -0.866667 22.1855 
-0.133333 -0.8 23.7082 
-0.133333 -0.733333 24.8713 
-0.133333 -0.666667 25.7405 
-0.133333 -0.6 26.3795 
-0.133333 -0.533333 26.8411 
-0.133333 -0.466667 27.1664 
-0.133333 -0.4 27.3861 
-0.133333 -0.333333 27.5232 
-0.133333 -0.266667 27.5955 
-0.133333 -0.2 27.6187 
-0.133333 -0.133333 27.6119 
-0.133333 -0.0666667 27.6036 
-0.133333 -4.16334e-16 27.6437 
-0.133333 0.0666667 27.8167 
-0.133333 0.133333 28.2461 
-0.133333 0.2 29.0358 
-0.133333 0.266667 30.052 
-0.133333 0.333333 30.86 
-0.133333 0.4 31.2632 
-0.133333 0.466667 30.273 
-0.133333 0.533333 26.1266 
-0.133333 0.6 37.9696 
-0.133333 0.666667 31.9231 
-0.133333 0.733333 30.3941 
-0.133333 0.8 29.5477 
-0.133333 0.866667 25.9645 
-0.133333 0.933333 32.4404 
-0.133333 1 28.9466 
-0.133333 1.06667 27.5354 
-0.133333 1.13333 28.7886 
-0.133333 1.2 27.6272 
-0.133333 1.26667 28.223 
-0.133333 1.33333 29.3005 
-0.133333 1.4 28.9594 
-0.133333 1.46667 28.7441 
-0.133333 1.53333 29.2556 
-0.133333 1.6 27.4962 
-0.133333 1.66667 29.4896 
-0.133333 1.73333 27.4528 
-0.133333 1.8 28.1473 
-0.133333 1.86667 27.3622 
-0.133333 1.93333 28.8949 
-0.133333 2 33.1095 
-0.0666667 -2 37.8973 
-0.0666667 -1.93333 37.0984 
-0.0666667 -1.86667 36.0253 
-0.0666667 -1.8 34.5955 
-0.0666667 -1.73333 32.7155 
-0.0666667 -1.66667 30.2976 
-0.0666667 -1.6 27.2961 
-0.0666667 -1.53333 23.7732 
-0.0666667 -1.46667 19.9809 
-0.0666667 -1.4 16.4071 
-0.0666667 -1.33333 13.6996 
-0.0666667 -1.26667 12.4272 
-0.0666667 -1.2 12.7799 
-0.0666667 -1.13333 14.4381 
-0.0666667 -1.06667 16.7649 
-0.0666667 -1 19.1628 
-0.0666667 -0.933333 21.2823 
-0.0666667 -0.866667 23.0052 
-0.0666667 -0.8 24.3421 
-0.0666667 -0.733333 25.3519 
-0.0666667 -0.666667 26.1012 
-0.0666667 -0.6 26.6489 
-0.0666667 -0.533333 27.0421 
-0.0666667 -0.466667 27.3164 
-0.0666667 -0.4 27.4984 
-0.0666667 -0.333333 27.6077 
-0.0666667 -0.266667 27.6594 
-0.0666667 -0.2 27.6677 
-0.0666667 -0.133333 27.6497 
-0.0666667 -0.0666667 27.6334 
-0.0666667 -4.16334e-16 27.6677 
-0.0666667 0.0666667 27.8365 
-0.0666667 0.133333 28.263 
-0.0666667 0.2 29.0509 
-0.0666667 0.266667 30.0663 
-0.0666667 0.333333 30.8749 
-0.0666667 0.4 31.2815 
-0.0666667 0.466667 30.3026 
-0.0666667 0.533333 26.189 
-0.0666667 0.6 38.019 
-0.0666667 0.666667 31.9533 
-0.0666667 0.733333 30.4127 
-0.0666667 0.8 29.5671 
-0.0666667 0.866667 26.0026 
-0.0666667 0.933333 32.473 
-0.0666667 1 28.9671 
-0.0666667 1.06667 27.5692 
-0.0666667 1.13333 28.8137 
-0.0666667 1.2 27.6579 
-0.0666667 1.26667 28.2466 
-0.0666667 1.33333 29.3311 
-0.0666667 1.4 28.9911 
-0.0666667 1.46667 28.7747 
-0.0666667 1.53333 29.2864 
-0.0666667 1.6 27.5226 
-0.0666667 1.66667 29.5188 
-0.0666667 1.73333 27.4782 
-0.0666667 1.8 28.1721 
-0.0666667 1.86667 27.3981 
-0.0666667 1.93333 28.9179 
-0.0666667 2 33.1569 
