1.0606978403536116	0.	0.	0.	0.000027211385999920928	0.	0.
1.0677587811771319	0.	0.	0.	0.000028865956642559364	0.	0.
1.074706756471867	0.	0.	0.	0.000030496784115337914	0.	0.
1.0815453239855046	0.	0.	0.	0.00003210509188681837	0.	0.
1.0882778759959348	0.	0.	0.	0.00003369202814440571	0.	0.
1.0949076494160608	0.	0.	0.	0.00003525867149677849	0.	0.
1.1014377351388491	0.	0.	0.	0.000036806036165714486	0.	0.
1.1078710866901618	0.	0.	0.	0.000038335076719867755	0.	0.
1.114210528249993	0.	0.	0.	0.00003984669239696012	0.	0.
1.1204587620966446	0.	0.	0.	0.00004134173105554155	0.	0.
1.1266183755229513	0.	0.	0.	0.000042820992792836154	0.	0.
1.1326918472688579	0.	0.	0.	0.00004428523326113434	0.	0.
1.1386815535103736	0.	0.	0.	0.00004573516671163464	0.	0.
1.1445897734411228	0.	0.	0.	0.000047171468791513935	0.	0.
1.150418694479298	0.	0.	0.	0.00004859477911725587	0.	0.
1.156170417129787	0.	0.	0.	0.000050005703644843163	0.	0.
1.1618469595285188	0.	0.	0.	0.000051404816855278274	0.	0.
1.1674502616936315	0.	0.	0.	0.00005279266377200481	0.	0.
1.1729821895058687	0.	0.	0.	0.00005416976182512207	0.	0.
1.1784445384386433	0.	0.	0.	0.00005553660257579754	0.	0.
1.1838390370564211	0.	0.	0.	0.00005689365331295767	0.	0.
1.1891673502984879	0.	0.	0.	0.000058241358533159054	0.	0.
1.1944310825637017	0.	0.	0.	0.000059580141313491	0.	0.
1.1996317806105352	0.	0.	0.	0.00006091040458642312	0.	0.
1.2047709362855197	0.	0.	0.	0.00006223253232467205	0.	0.
1.2098499890921364	0.	0.	0.	0.0000635468906434106	0.	0.
1.2148703286112195	0.	0.	0.	0.00006485382882646967	0.	0.
1.2198332967830539	0.	0.	0.	0.00006615368028257784	0.	0.
1.224740190060544	0.	0.	0.	0.00006744676343714142	0.	0.
1.2295922614420964	0.	0.	0.	0.00006873338256457765	0.	0.
1.2343907223921922	0.	0.	0.	0.00007001382856577358	0.	0.
1.2391367446570118	0.	0.	0.	0.00007128837969484542	0.	0.
1.2438314619819215	0.	0.	0.	0.00007255730223901446	0.	0.
1.2484759717371163	0.	0.	0.	0.00007382085115508997	0.	0.
1.2530713364572552	0.	0.	0.	0.00007507927066575682	0.	0.
1.2576185853004858	0.	0.	0.	0.00007633279481859809	0.	0.
1.2621187154318774	0.	0.	0.	0.0000775816480105419	0.	0.
1.2665726933359078	0.	0.	0.	0.00007882604548020166	0.	0.
1.2709814560623318	0.	0.	0.	0.00008006619377038016	0.	0.
1.2753459124094402	0.	0.	0.	0.00008130229116282543	0.	0.
1.2796669440484554	0.	0.	0.	0.00008253452808716164	0.	0.
1.28394540659254	0.	0.	0.	0.00008376308750576719	0.	0.
1.2881821306136576	0.	0.	0.	0.00008498814527623423	0.	0.
1.292377922610312	0.	0.	0.	0.00008620987049291884	0.	0.
1.2965335659289874	0.	0.	0.	0.00008742842580897561	0.	0.
1.3006498216419144	0.	0.	0.	0.00008864396774016487	0.	0.
1.304727429383633	0.	0.	0.	0.00008985664695162557	0.	0.
1.3087671081486434	0.	0.	0.	0.00009106660852871762	0.	0.
1.3127695570522997	0.	0.	0.	0.00009227399223295608	0.	0.
1.316735456056963	0.	0.	0.	0.00009347893274398669	0.	0.
1.3206654666652975	0.	0.	0.	0.00009468155988848266	0.	0.
1.3245602325824746	0.	0.	0.	0.00009588199885677966	0.	0.
1.3284203803489505	0.	0.	0.	0.000097080370408009	0.	0.
1.3322465199453684	0.	0.	0.	0.00009827679106443543	0.	0.
1.3360392453710435	0.	0.	0.	0.00009947137329565559	0.	0.
1.339799135197411	0.	0.	0.	0.00010066422569327033	0.	0.
1.3435267530977173	0.	0.	0.	0.00010185545313659957	0.	0.
1.3472226483541736	0.	0.	0.	0.00010304515694997179	0.	0.
1.3508873563437127	0.	0.	0.	0.00010423343505208342	0.	0.
1.3545213990034188	0.	0.	0.	0.00010542038209789081	0.	0.
1.3581252852766486	0.	0.	0.	0.00010660608961346658	0.	0.
1.3616995115407908	0.	0.	0.	0.00010779064612422418	0.	0.
1.3652445620175708	0.	0.	0.	0.00010897413727688817	0.	0.
1.3687609091667394	0.	0.	0.	0.0001101566459555628	0.	0.
1.3722490140639556	0.	0.	0.	0.00011133825239222977	0.	0.
1.3757093267636118	0.	0.	0.	0.00011251903427198454	0.	0.
1.3791422866473206	0.	0.	0.	0.00011369906683330146	0.	0.
1.382548322758734	0.	0.	0.	0.00011487842296359842	0.	0.
1.3859278541253364	0.	0.	0.	0.00011605717329035788	0.	0.
1.3892812900678135	0.	0.	0.	0.00011723538626804213	0.	0.
1.392609030497567	0.	0.	0.	0.00011841312826102754	0.	0.
1.3959114662029186	0.	0.	0.	0.00011959046362277022	0.	0.
1.3991889791245147	0.	0.	0.	0.00012076745477139974	0.	0.
1.4024419426204147	0.	0.	0.	0.00012194416226192858	0.	0.
1.405670721721326	0.	0.	0.	0.00012312064485525229	0.	0.
1.4088756733764225	0.	0.	0.	0.00012429695958410603	0.	0.
1.412057146690156	0.	0.	0.	0.00012547316181613219	0.	0.
1.4152154831504589	0.	0.	0.	0.00012664930531420664	0.	0.
1.4183510168487086	0.	0.	0.	0.00012782544229416058	0.	0.
1.421464074691807	0.	0.	0.	0.0001290016234800292	0.	0.
1.4245549766067132	0.	0.	0.	0.00013017789815694908	0.	0.
1.42762403573775	0.	0.	0.	0.00013135431422182098	0.	0.
1.4306715586369878	0.	0.	0.	0.00013253091823184674	0.	0.
1.4336978454479923	0.	0.	0.	0.000133707755451044	0.	0.
1.436703190083218	0.	0.	0.	0.00013488486989483644	0.	0.
1.4396878803953037	0.	0.	0.	0.00013606230437281143	0.	0.
1.442652198342523	0.	0.	0.	0.00013724010052973258	0.	0.
1.4455964201486249	0.	0.	0.	0.00013841829888489	0.	0.
1.4485208164572947	0.	0.	0.	0.00013959693886986564	0.	0.
1.4514256524814484	0.	0.	0.	0.0001407760588647883	0.	0.
1.4543111881475663	0.	0.	0.	0.00014195569623314837	0.	0.
1.4571776782352646	0.	0.	0.	0.00014313588735523784	0.	0.
1.4600253725122905	0.	0.	0.	0.00014431666766027949	0.	0.
1.4628545158651198	0.	0.	0.	0.000145498071657304	0.	0.
1.4656653484253301	0.	0.	0.	0.00014668013296483226	0.	0.
1.4684581056919066	0.	0.	0.	0.00014786288433941568	0.	0.
1.4712330186496452	0.	0.	0.	0.0001490463577030862	0.	0.
1.4739903138837942	0.	0.	0.	0.00015023058416976378	0.	0.
1.4767302136910792	0.	0.	0.	0.00015141559407066732	0.	0.
1.4794529361872504	0.	0.	0.	0.00015260141697877303	0.	0.
1.4821586954112764	0.	0.	0.	0.00015378808173236114	0.	0.
1.484847701426314	0.	0.	0.	0.00015497561645769044	0.	0.
1.4875201604175723	0.	0.	0.	0.0001561640485908386	0.	0.
1.4901762747871814	0.	0.	0.	0.00015735340489874308	0.	0.
1.4928162432461805	0.	0.	0.	0.00015854371149947712	0.	0.
1.4954402609037238	0.	0.	0.	0.00015973499388179308	0.	0.
1.4980485193536122	0.	0.	0.	0.00016092727692396333	0.	0.
1.500641206758236	0.	0.	0.	0.00016212058491194836	0.	0.
1.503218507930033	0.	0.	0.	0.00016331494155692028	0.	0.
1.5057806044105397	0.	0.	0.	0.0001645103700121673	0.	0.
1.5083276745471244	0.	0.	0.	0.00016570689288940532	0.	0.
1.5108598935674866	0.	0.	0.	0.00016690453227452098	0.	0.
1.513377433651993	0.	0.	0.	0.00016819391207462619	0.	0.
1.5158804640039314	0.	0.	0.	0.0001695061923506807	0.	0.
1.5183691509177522	0.	0.	0.	0.0001708177803684999	0.	0.
1.520843657845362	0.	0.	0.	0.00017212850032618748	0.	0.
1.5233041454605438	0.	0.	0.	0.0001734381803945929	0.	0.
1.5257507717215608	0.	0.	0.	0.00017474665260572202	0.	0.
1.528183691932005	0.	0.	0.	0.00017605375274488855	0.	0.
1.530603058799954	0.	0.	0.	0.00017735932024646052	0.	0.
1.5330090224954853	0.	0.	0.	0.0001786631980930612	0.	0.
1.5354017307066112	0.	0.	0.	0.0001799652327180946	0.	0.
1.5377813286936768	0.	0.	0.	0.0001812652739114658	0.	0.
1.540147959342278	0.	0.	0.	0.00018256317472837533	0.	0.
1.5425017632147444	0.	0.	0.	0.00018385879140107178	0.	0.
1.5448428786002366	0.	0.	0.	0.0001851519832534515	0.	0.
1.5471714415634972	0.	0.	0.	0.00018644261261839697	0.	0.
1.5494875859923052	0.	0.	0.	0.00018773054475775423	0.	0.
1.5517914436436695	0.	0.	0.	0.00018901564778485083	0.	0.
1.5540831441888032	0.	0.	0.	0.00019029779258945915	0.	0.
1.5563628152569198	0.	0.	0.	0.00019157685276511815	0.	0.
1.5586305824778854	0.	0.	0.	0.0001928527045387258	0.	0.
1.5608865695237601	0.	0.	0.	0.0001941252267023196	0.	0.
1.563130898149269	0.	0.	0.	0.000195394300546968	0.	0.
1.5653636882312343	0.	0.	0.	0.00019665980979869508	0.	0.
1.5675850578069925	0.	0.	0.	0.00019792164055636692	0.	0.
1.5697951231118423	0.	0.	0.	0.00019917968123146922	0.	0.
1.5719939986155385	0.	0.	0.	0.00020043382248971105	0.	0.
1.5741817970578684	0.	0.	0.	0.0002016839571943874	0.	0.
1.5763586294833385	0.	0.	0.	0.00020292998035144216	0.	0.
1.578524605274993	0.	0.	0.	0.0002041717890561706	0.	0.
1.5806798321873952	0.	0.	0.	0.00020540928244150452	0.	0.
1.5828244163787937	0.	0.	0.	0.00020664236162782625	0.	0.
1.5849584624425004	0.	0.	0.	0.00020787092967425866	0.	0.
1.5870820734374973	0.	0.	0.	0.00020909489153138032	0.	0.
1.5891953509183026	0.	0.	0.	0.00021031415399531844	0.	0.
1.591298394964111	0.	0.	0.	0.00021152862566317212	0.	0.
1.5933913042072334	0.	0.	0.	0.0002127382168897211	0.	0.
1.5954741758608542	0.	0.	0.	0.00021394283974537784	0.	0.
1.5975471057461257	0.	0.	0.	0.00021514240797534086	0.	0.
1.599610188318619	0.	0.	0.	0.00021633683695990876	0.	0.
1.6016635166941506	0.	0.	0.	0.0002175260436759187	0.	0.
1.6037071826740004	0.	0.	0.	0.00021870994665926976	0.	0.
1.6057412767695385	0.	0.	0.	0.000219888465968498	0.	0.
1.60776588822628	0.	0.	0.	0.00022106152314936748	0.	0.
1.6097811050473798	0.	0.	0.	0.00022222904120044497	0.	0.
1.6117870140165853	0.	0.	0.	0.0002233909445396263	0.	0.
1.6137837007206624	0.	0.	0.	0.0002245471589715845	0.	0.
1.6157712495713072	0.	0.	0.	0.00022569761165610908	0.	0.
1.617749743826559	0.	0.	0.	0.00022684223107730895	0.	0.
1.619719265611727	0.	0.	0.	0.00022798094701365195	0.	0.
1.621679895939847	0.	0.	0.	0.00022911369050881327	0.	0.
1.6236317147316754	0.	0.	0.	0.0002302403938433086	0.	0.
1.6255748008352382	0.	0.	0.	0.0002313609905068873	0.	0.
1.6275092320449425	0.	0.	0.	0.0002324754151716615	0.	0.
1.6294350851202668	0.	0.	0.	0.00023351860426179164	0.	0.
1.6313524358040368	0.	0.	0.	0.00023451783680682135	0.	0.
1.6332613588403004	0.	0.	0.	0.0002355117877886981	0.	0.
1.6351619279918101	0.	0.	0.	0.00023650058971862121	0.	0.
1.6370542160571278	0.	0.	0.	0.00023748437280332748	0.	0.
1.6389382948873548	0.	0.	0.	0.00023846326499496896	0.	0.
1.640814235402503	0.	0.	0.	0.00023943739203970187	0.	0.
1.6426821076075133	0.	0.	0.	0.00024040687752502378	0.	0.
1.64454198060793	0.	0.	0.	0.00024137184292589764	0.	0.
1.6463939226252426	0.	0.	0.	0.00024233240764969693	0.	0.
1.6482380010119022	0.	0.	0.	0.00024328868908001	0.	0.
1.650074282266017	0.	0.	0.	0.00024424080261933396	0.	0.
1.651902832045743	0.	0.	0.	0.00024518886173069307	0.	0.
1.65372371518337	0.	0.	0.	0.0002461329779782119	0.	0.
1.6555369956991144	0.	0.	0.	0.00024707326106667484	0.	0.
1.6573427368146258	0.	0.	0.	0.0002480098188800999	0.	0.
1.6591410009662129	0.	0.	0.	0.00024894275751935686	0.	0.
1.6609318498177967	0.	0.	0.	0.0002498721813388564	0.	0.
1.6627153442736002	0.	0.	0.	0.0002507981929823368	0.	0.
1.6644915444905746	0.	0.	0.	0.0002517208934177748	0.	0.
1.6662605098905752	0.	0.	0.	0.00025264038197144443	0.	0.
1.6680222991722906	0.	0.	0.	0.0002535567563611489	0.	0.
1.6697769703229284	0.	0.	0.	0.0002544701127286483	0.	0.
1.6715245806296684	0.	0.	0.	0.0002553805456713064	0.	0.
1.6732651866908848	0.	0.	0.	0.0002562881482729769	0.	0.
1.6749988444271444	0.	0.	0.	0.00025719301213415296	0.	0.
1.6767256090919882	0.	0.	0.	0.00025809522740139726	0.	0.
1.6784455352824952	0.	0.	0.	0.00025899488279607536	0.	0.
1.6801586769496433	0.	0.	0.	0.0002598920656424096	0.	0.
1.681865087408462	0.	0.	0.	0.00026078686189487344	0.	0.
1.683564819347989	0.	0.	0.	0.00026167935616494347	0.	0.
1.6852579248410318	0.	0.	0.	0.0002625696317472268	0.	0.
1.6869444553537405	0.	0.	0.	0.0002634577706449812	0.	0.
1.6886244617549941	0.	0.	0.	0.00026434385359504366	0.	0.
1.6902979943256073	0.	0.	0.	0.0002652279600921842	0.	0.
1.6919651027673601	0.	0.	0.	0.0002661101684128992	0.	0.
1.6936258362118546	0.	0.	0.	0.00026699055563866024	0.	0.
1.6952802432292022	0.	0.	0.	0.00026786919767863275	0.	0.
1.6969283718365498	0.	0.	0.	0.000268746169291878	0.	0.
1.6985702695064384	0.	0.	0.	0.0002696215441090522	0.	0.
1.7002059831750105	0.	0.	0.	0.00027049539465361696	0.	0.
1.7018355592500598	0.	0.	0.	0.0002713677923625727	0.	0.
1.703459043618932	0.	0.	0.	0.00027223880760672705	0.	0.
1.7050764816562773	0.	0.	0.	0.0002731085097105131	0.	0.
1.7066879182316614	0.	0.	0.	0.0002739769669713651	0.	0.
1.708293397717032	0.	0.	0.	0.00027484424667866713	0.	0.
1.7098929639940519	0.	0.	0.	0.0002757104151322821	0.	0.
1.7114866604612948	0.	0.	0.	0.0002765755376606748	0.	0.
1.7130745300413102	0.	0.	0.	0.00027743967863863757	0.	0.
1.7146566151875606	0.	0.	0.	0.00027830290150462905	0.	0.
1.716232957891232	0.	0.	0.	0.0002791652687777367	0.	0.
1.7178035996879202	0.	0.	0.	0.00028002684207427105	0.	0.
1.7193685816641984	0.	0.	0.	0.00028088768212400215	0.	0.
1.7209279444640673	0.	0.	0.	0.00028174784878604774	0.	0.
1.7224817282952867	0.	0.	0.	0.00028260740106441913	0.	0.
1.7240299729355977	0.	0.	0.	0.0002834721281317724	0.	0.
1.725572717738832	0.	0.	0.	0.0002843676719420355	0.	0.
1.7271100016409153	0.	0.	0.	0.0002852623668740363	0.	0.
1.7286418631657623	0.	0.	0.	0.0002861561979649403	0.	0.
1.7301683404310697	0.	0.	0.	0.00028704915046191164	0.	0.
1.7316894711540078	0.	0.	0.	0.0002879412098184419	0.	0.
1.7332052926568122	0.	0.	0.	0.0002888323616907563	0.	0.
1.7347158418722775	0.	0.	0.	0.0002897225919342931	0.	0.
1.7362211553491587	0.	0.	0.	0.0002906118866002582	0.	0.
1.7377212692574744	0.	0.	0.	0.000291500231932249	0.	0.
1.7392162193937253	0.	0.	0.	0.0002923876143629493	0.	0.
1.7407060411860165	0.	0.	0.	0.00029327402051089143	0.	0.
1.7421907696990964	0.	0.	0.	0.000294159437177285	0.	0.
1.7436704396393092	0.	0.	0.	0.00029504385134291	0.	0.
1.7451450853594612	0.	0.	0.	0.0002959272501650738	0.	0.
1.7466147408636086	0.	0.	0.	0.0002968096209746284	0.	0.
1.7480794398117596	0.	0.	0.	0.00029769095127305016	0.	0.
1.7495392155245026	0.	0.	0.	0.00029857122872957583	0.	0.
1.7509941009875525	0.	0.	0.	0.00029945044117839816	0.	0.
1.7524441288562254	0.	0.	0.	0.0003003285766159161	0.	0.
1.7538893314598332	0.	0.	0.	0.00030120562319804094	0.	0.
1.7553297408060118	0.	0.	0.	0.00030208156923755504	0.	0.
1.7567653885849723	0.	0.	0.	0.0003029564032015234	0.	0.
1.7581963061736852	0.	0.	0.	0.0003038301137087562	0.	0.
1.7596225246399968	0.	0.	0.	0.0003047026895273214	0.	0.
1.7610440747466731	0.	0.	0.	0.0003055741195721054	0.	0.
1.7624609869553842	0.	0.	0.	0.0003064443929024227	0.	0.
1.763873291430619	0.	0.	0.	0.0003073134987196708	0.	0.
1.7652810180435405	0.	0.	0.	0.0003081814263650311	0.	0.
1.7666841963757742	0.	0.	0.	0.0003090481653172152	0.	0.
1.7680828557231396	0.	0.	0.	0.0003099137051902527	0.	0.
1.769477025099319	0.	0.	0.	0.00031077803573132344	0.	0.
1.770866733239471	0.	0.	0.	0.0003116411468186305	0.	0.
1.772252008603781	0.	0.	0.	0.00031250302845931374	0.	0.
1.7736328793809613	0.	0.	0.	0.0003133636707874032	0.	0.
1.7750093734916905	0.	0.	0.	0.00031422306406181166	0.	0.
1.7763815185920024	0.	0.	0.	0.00031508119866436435	0.	0.
1.7777493420766206	0.	0.	0.	0.0003159380650978672	0.	0.
1.7791128710822381	0.	0.	0.	0.0003167936539842101	0.	0.
1.7804721324907486	0.	0.	0.	0.0003176479560625064	0.	0.
1.7818271529324274	0.	0.	0.	0.00031850096218726697	0.	0.
1.7831779587890613	0.	0.	0.	0.00031935266332660866	0.	0.
1.7845245761970292	0.	0.	0.	0.0003202030505604951	0.	0.
1.7858670310503388	0.	0.	0.	0.0003210521150790116	0.	0.
1.7872053490036122	0.	0.	0.	0.0003218998481806703	0.	0.
1.7885395554750294	0.	0.	0.	0.0003227462412707472	0.	0.
1.7898696756492223	0.	0.	0.	0.00032359128585965065	0.	0.
1.7911957344801308	0.	0.	0.	0.00032443497356131746	0.	0.
1.7925177566938086	0.	0.	0.	0.00032527729609164053	0.	0.
1.7938357667911902	0.	0.	0.	0.0003261182452669234	0.	0.
1.7951497890508172	0.	0.	0.	0.0003269578130023644	0.	0.
1.7964598475315199	0.	0.	0.	0.0003277959913105664	0.	0.
1.7977659660750605	0.	0.	0.	0.0003286327723000747	0.	0.
1.7990681683087384	0.	0.	0.	0.000329468148173941	0.	0.
1.8003664776479522	0.	0.	0.	0.000330355212790402	0.	0.
1.8016609172987275	0.	0.	0.	0.0003312411403377852	0.	0.
1.8029515102602052	0.	0.	0.	0.00033212509744365434	0.	0.
1.8042382793270944	0.	0.	0.	0.00033300696823736816	0.	0.
1.805521247092086	0.	0.	0.	0.0003338866382154592	0.	0.
1.806800435948236	0.	0.	0.	0.00033476399422152777	0.	0.
1.808075868091307	0.	0.	0.	0.00033563892442649095	0.	0.
1.8093475655220814	0.	0.	0.	0.000336511318309178	0.	0.
1.8106155500486385	0.	0.	0.	0.0003373810666372647	0.	0.
1.811879843288597	0.	0.	0.	0.000338248061448541	0.	0.
1.8131404666713282	0.	0.	0.	0.0003391121960325037	0.	0.
1.814397441440134	0.	0.	0.	0.0003399733649122687	0.	0.
1.8156507886543953	0.	0.	0.	0.00034083146382679554	0.	0.
1.8169005291916893	0.	0.	0.	0.0003416863897134196	0.	0.
1.8181466837498752	0.	0.	0.	0.00034253804069068295	0.	0.
1.819389272849153	0.	0.	0.	0.000343386316041461	0.	0.
1.8206283168340884	0.	0.	0.	0.0003442311161963763	0.	0.
1.8218638358756136	0.	0.	0.	0.00034507234271749645	0.	0.
1.8230958499729963	0.	0.	0.	0.0003459098982823074	0.	0.
1.8243243789557828	0.	0.	0.	0.00034674368666796023	0.	0.
1.8255494424857122	0.	0.	0.	0.0003475736127357825	0.	0.
1.8267710600586058	0.	0.	0.	0.00034839958241605207	0.	0.
1.827989251006227	0.	0.	0.	0.0003492215026930254	0.	0.
1.8292040344981186	0.	0.	0.	0.0003500392815902183	0.	0.
1.8304154295434116	0.	0.	0.	0.0003508528281559312	0.	0.
1.8316234549926107	0.	0.	0.	0.0003516620524490167	0.	0.
1.8328281295393531	0.	0.	0.	0.00035246686552488333	0.	0.
1.8340294717221466	0.	0.	0.	0.00035326717942173115	0.	0.
1.8352274999260783	0.	0.	0.	0.0003540629071470148	0.	0.
1.8364222323845047	0.	0.	0.	0.0003548539626641305	0.	0.
1.8376136871807176	0.	0.	0.	0.0003556402608793205	0.	0.
1.838801882249584	0.	0.	0.	0.00035642171762879303	0.	0.
1.839986835379167	0.	0.	0.	0.0003571982496660535	0.	0.
1.8411685642123254	0.	0.	0.	0.0003579697746494406	0.	0.
1.8423470862482858	0.	0.	0.	0.00035873621112986626	0.	0.
1.8435224188442025	0.	0.	0.	0.0003594974785387546	0.	0.
1.8446945792166871	0.	0.	0.	0.00036025349717617436	0.	0.
1.8458635844433229	0.	0.	0.	0.00036100418819916497	0.	0.
1.8470294514641596	0.	0.	0.	0.00036174947361024854	0.	0.
1.8481921970831847	0.	0.	0.	0.0003624892762461269	0.	0.
1.8493518379697758	0.	0.	0.	0.00036322351976655995	0.	0.
1.8505083906601363	0.	0.	0.	0.0003639521286434204	0.	0.
1.8516618715587092	0.	0.	0.	0.00036467502814992343	0.	0.
1.8528122969395742	0.	0.	0.	0.0003653921443500274	0.	0.
1.8539596829478233	0.	0.	0.	0.0003661034040880016	0.	0.
1.8551040456009231	0.	0.	0.	0.00036680873497816	0.	0.
1.856245400790054	0.	0.	0.	0.0003675080653947548	0.	0.
1.8573837642814364	0.	0.	0.	0.00036820132446203094	0.	0.
1.8585191517176354	0.	0.	0.	0.0003688884420444344	0.	0.
1.8596515786188514	0.	0.	0.	0.00036956934873697494	0.	0.
1.8607810603841939	0.	0.	0.	0.000370243975855738	0.	0.
1.8619076122929368	0.	0.	0.	0.000370912255428545	0.	0.
1.863031249505759	0.	0.	0.	0.00037157412018575745	0.	0.
1.8641519870659689	0.	0.	0.	0.00037213974425592974	0.	0.
1.865269839900711	0.	0.	0.	0.000372679766064161	0.	0.
1.866384822822163	0.	0.	0.	0.00037321415428546507	0.	0.
1.8674969505287078	0.	0.	0.	0.000373743067580793	0.	0.
1.8686062376061008	0.	0.	0.	0.00037426666299214	0.	0.
1.8697126985286159	0.	0.	0.	0.0003747850959631411	0.	0.
1.870816347660178	0.	0.	0.	0.00037529852035935585	0.	0.
1.8719171992554835	0.	0.	0.	0.0003758070884882426	0.	0.
1.873015267461103	0.	0.	0.	0.0003763109511188314	0.	0.
1.8741105663165738	0.	0.	0.	0.00037681025750109954	0.	0.
1.8752031097554767	0.	0.	0.	0.0003773051553850544	0.	0.
1.8762929116064986	0.	0.	0.	0.00037779579103952994	0.	0.
1.8773799855944833	0.	0.	0.	0.00037828230927070065	0.	0.
1.8784643453414689	0.	0.	0.	0.00037876485344031925	0.	0.
1.8795460043677112	0.	0.	0.	0.00037924356548368156	0.	0.
1.8806249760926967	0.	0.	0.	0.00037971858592732415	0.	0.
1.8817012738361394	0.	0.	0.	0.0003801900539064592	0.	0.
1.8827749108189693	0.	0.	0.	0.0003806581071821507	0.	0.
1.8838459001643053	0.	0.	0.	0.0003811228821582378	0.	0.
1.8849142548984197	0.	0.	0.	0.00038158451389800724	0.	0.
1.8859799879516856	0.	0.	0.	0.00038204313614062193	0.	0.
1.8870431121595204	0.	0.	0.	0.00038249888131730754	0.	0.
1.8881036402633085	0.	0.	0.	0.00038295188056730313	0.	0.
1.8891615849113204	0.	0.	0.	0.0003834022637535779	0.	0.
1.8902169586596185	0.	0.	0.	0.0003838501594783202	0.	0.
1.891269773972948	0.	0.	0.	0.00038429569509820013	0.	0.
1.8923200432256237	0.	0.	0.	0.00038473899673941266	0.	0.
1.893367778702401	0.	0.	0.	0.00038518018931250165	0.	0.
1.8944129925993374	0.	0.	0.	0.0003856193965269713	0.	0.
1.895455697024646	0.	0.	0.	0.000386056740905686	0.	0.
1.8964959039995355	0.	0.	0.	0.00038649234379906544	0.	0.
1.8975336254590436	0.	0.	0.	0.00038692632539907444	0.	0.
1.8985688732528563	0.	0.	0.	0.0003873588047530141	0.	0.
1.8996016591461222	0.	0.	0.	0.00038778989977711646	0.	0.
1.9006319948202528	0.	0.	0.	0.0003882197272699448	0.	0.
1.9016598918737164	0.	0.	0.	0.0003886484029256054	0.	0.
1.902685361822821	0.	0.	0.	0.0003890760413467709	0.	0.
1.9037084161024895	0.	0.	0.	0.0003895027560575211	0.	0.
1.9047290660670226	0.	0.	0.	0.0003899286595160015	0.	0.
1.9057473229908573	0.	0.	0.	0.0003903538631269056	0.	0.
1.9067631980693118	0.	0.	0.	0.0003907784772537803	0.	0.
1.907776702419327	0.	0.	0.	0.0003912026112311614	0.	0.
1.9087878470801933	0.	0.	0.	0.00039162637337653787	0.	0.
1.9097966430142743	0.	0.	0.	0.00039204987100215045	0.	0.
1.910803101107719	0.	0.	0.	0.00039247321042662644	0.	0.
1.9118072321711668	0.	0.	0.	0.0003928964969864528	0.	0.
1.9128090469404435	0.	0.	0.	0.00039331983504729134	0.	0.
1.9138085560772524	0.	0.	0.	0.00039374332801513697	0.	0.
1.9148057701698518	0.	0.	0.	0.0003941670783473232	0.	0.
1.9158006997337305	0.	0.	0.	0.0003945911875633761	0.	0.
1.916793355212272	0.	0.	0.	0.00039501575625571915	0.	0.
1.9177837469774124	0.	0.	0.	0.0003954408841002336	0.	0.
1.9187718853302913	0.	0.	0.	0.000395866669866672	0.	0.
1.919757780501894	0.	0.	0.	0.00039634041948205924	0.	0.
1.9207414426536866	0.	0.	0.	0.00039683979312875935	0.	0.
1.9217228818782452	0.	0.	0.	0.0003973395377599982	0.	0.
1.922702108199878	0.	0.	0.	0.00039783959996296726	0.	0.
1.923679131575237	0.	0.	0.	0.0003983399268049649	0.	0.
1.924653961893929	0.	0.	0.	0.00039884046582801345	0.	0.
1.9256266089791128	0.	0.	0.	0.0003993411650435495	0.	0.
1.9265970825880956	0.	0.	0.	0.00039984197292718533	0.	0.
1.927565392412919	0.	0.	0.	0.0004003428384135394	0.	0.
1.9285315480809402	0.	0.	0.	0.00040084371089113644	0.	0.
1.929495559155406	0.	0.	0.	0.000401344540197376	0.	0.
1.9304574351360217	0.	0.	0.	0.0004018452766135665	0.	0.
1.931417185459512	0.	0.	0.	0.00040234587086002545	0.	0.
1.9323748195001762	0.	0.	0.	0.00040284627409124536	0.	0.
1.933330346570438	0.	0.	0.	0.0004033464378911221	0.	0.
1.9342837759213896	0.	0.	0.	0.00040384631426824687	0.	0.
1.9352351167433275	0.	0.	0.	0.00040434585565125955	0.	0.
1.9361843781662855	0.	0.	0.	0.0004048450148842635	0.	0.
1.937131569260559	0.	0.	0.	0.00040534374522229925	0.	0.
1.9380766990372278	0.	0.	0.	0.0004058420003268781	0.	0.
1.9390197764486663	0.	0.	0.	0.00040633973426157426	0.	0.
1.9399608103890555	0.	0.	0.	0.00040683690148767264	0.	0.
1.9408998096948857	0.	0.	0.	0.0004073334568598745	0.	0.
1.9418367831454535	0.	0.	0.	0.0004078293556220579	0.	0.
1.9427717394633541	0.	0.	0.	0.0004083245534030937	0.	0.
1.943704687314971	0.	0.	0.	0.0004088190062127137	0.	0.
1.9446356353109546	0.	0.	0.	0.0004093126704374339	0.	0.
1.9455645920067013	0.	0.	0.	0.00040980550283652894	0.	0.
1.9464915659028246	0.	0.	0.	0.00041029746053805773	0.	0.
1.9474165654456213	0.	0.	0.	0.0004107885010349406	0.	0.
1.9483395990275347	0.	0.	0.	0.0004112785821810863	0.	0.
1.9492606749876096	0.	0.	0.	0.00041176766218756775	0.	0.
1.9501798016119467	0.	0.	0.	0.0004122556996188467	0.	0.
1.9510969871341461	0.	0.	0.	0.0004127426533890455	0.	0.
1.9520122397357544	0.	0.	0.	0.000413228482758268	0.	0.
1.9529255675466999	0.	0.	0.	0.0004137131473289637	0.	0.
1.9538369786457257	0.	0.	0.	0.0004141966070423401	0.	0.
1.9547464810608197	0.	0.	0.	0.0004146788221748193	0.	0.
1.955654082769638	0.	0.	0.	0.0004151597533345385	0.	0.
1.9565597916999256	0.	0.	0.	0.00041563936145789534	0.	0.
1.9574636157299312	0.	0.	0.	0.00041611760780613515	0.	0.
1.9583655626888181	0.	0.	0.	0.0004165944539619813	0.	0.
1.9592656403570725	0.	0.	0.	0.0004170698618263075	0.	0.
1.960163856466905	0.	0.	0.	0.00041754379361485123	0.	0.
1.9610602187026487	0.	0.	0.	0.0004180162118549674	0.	0.
1.9619547347011552	0.	0.	0.	0.0004184870793824229	0.	0.
1.9628474120521844	0.	0.	0.	0.00041895635933822997	0.	0.
1.9637382582987895	0.	0.	0.	0.00041942401516551864	0.	0.
1.964627280937702	0.	0.	0.	0.000419890010606448	0.	0.
1.965514487419708	0.	0.	0.	0.0004203543096991544	0.	0.
1.9663998851500237	0.	0.	0.	0.00042081687677473806	0.	0.
1.967283481488667	0.	0.	0.	0.00042127767645428545	0.	0.
1.968165283750823	0.	0.	0.	0.0004217366736459285	0.	0.
1.969045299207209	0.	0.	0.	0.0004221832472319127	0.	0.
1.9699235350844329	0.	0.	0.	0.00042261704953119894	0.	0.
1.9707999985653495	0.	0.	0.	0.0004230491003130484	0.	0.
1.9716746967894148	0.	0.	0.	0.00042347941019507413	0.	0.
1.9725476368530317	0.	0.	0.	0.0004239079897096084	0.	0.
1.973418825809898	0.	0.	0.	0.0004243348493045575	0.	0.
1.9742882706713478	0.	0.	0.	0.0004247599993442456	0.	0.
1.9751559784066892	0.	0.	0.	0.0004251834501102492	0.	0.
1.9760219559435404	0.	0.	0.	0.00042560521180222145	0.	0.
1.9768862101681621	0.	0.	0.	0.00042602529453870567	0.	0.
1.9777487479257831	0.	0.	0.	0.00042644370835794075	0.	0.
1.9786095760209301	0.	0.	0.	0.00042686046321865635	0.	0.
1.9794687012177465	0.	0.	0.	0.00042727556900085784	0.	0.
1.980326130240312	0.	0.	0.	0.0004276890355066032	0.	0.
1.9811818697729588	0.	0.	0.	0.00042810087246077024	0.	0.
1.982035926460584	0.	0.	0.	0.0004285110895118142	0.	0.
1.9828883069089593	0.	0.	0.	0.00042891969623251754	0.	0.
1.9837390176850382	0.	0.	0.	0.0004293267021207302	0.	0.
1.984588065317258	0.	0.	0.	0.0004297321166001013	0.	0.
1.9854354562958414	0.	0.	0.	0.00043013594902080243	0.	0.
1.9862811970730945	0.	0.	0.	0.000430538208660242	0.	0.
1.9871252940637012	0.	0.	0.	0.00043093890472377226	0.	0.
1.987967753645014	0.	0.	0.	0.0004313380463453873	0.	0.
1.9888085821573458	0.	0.	0.	0.0004317356425884131	0.	0.
1.9896477859042536	0.	0.	0.	0.00043213170244618926	0.	0.
1.9904853711528232	0.	0.	0.	0.0004325262348427441	0.	0.
1.9913213441339501	0.	0.	0.	0.0004329192486334603	0.	0.
1.9921557110426165	0.	0.	0.	0.00043331075260573415	0.	0.
1.992988478038169	0.	0.	0.	0.0004337007554796266	0.	0.
1.9938196512445887	0.	0.	0.	0.00043408926590850693	0.	0.
1.994649236750764	0.	0.	0.	0.00043447629247968906	0.	0.
1.9954772406107555	0.	0.	0.	0.00043486184371506107	0.	0.
1.996303668844064	0.	0.	0.	0.0004352459280717064	0.	0.
1.9971285274358908	0.	0.	0.	0.0004356285539425194	0.	0.
1.9979518223373984	0.	0.	0.	0.00043600972965681257	0.	0.
1.9987735594659695	0.	0.	0.	0.00043638946348091806	0.	0.
1.9995937447054597	0.	0.	0.	0.0004367677636187812	0.	0.
2.0004123839064523	0.	0.	0.	0.0004371446382125487	0.	0.
2.0012294828865076	0.	0.	0.	0.0004375200953431489	0.	0.
2.0020450474304123	0.	0.	0.	0.0004378941430308658	0.	0.
2.002859083290424	0.	0.	0.	0.0004382667892359079	0.	0.
2.0036715961865124	0.	0.	0.	0.00043863804185896826	0.	0.
2.004482591806607	0.	0.	0.	0.00043900790874178125	0.	0.
2.00529207580683	0.	0.	0.	0.0004393763976676701	0.	0.
2.0061000538117346	0.	0.	0.	0.00043974351636209044	0.	0.
2.00690653141454	0.	0.	0.	0.00044010927249316697	0.	0.
2.0077115141773647	0.	0.	0.	0.00044047367367222454	0.	0.
2.0085150076314546	0.	0.	0.	0.00044083672745431256	0.	0.
2.0093170172774117	0.	0.	0.	0.0004411984413387245	0.	0.
2.0101175485854217	0.	0.	0.	0.0004415588227695114	0.	0.
2.010916606995475	0.	0.	0.	0.0004419178791359892	0.	0.
2.0117141979175903	0.	0.	0.	0.00044227561777324126	0.	0.
2.012510326732035	0.	0.	0.	0.0004426320459626149	0.	0.
2.0133049987895415	0.	0.	0.	0.00044298717719911556	0.	0.
2.014098219411523	0.	0.	0.	0.0004433410254283543	0.	0.
2.014889993890288	0.	0.	0.	0.0004436935846116898	0.	0.
2.0156803274892527	0.	0.	0.	0.00044404486178018	0.	0.
2.0164692254431507	0.	0.	0.	0.00044439486391384094	0.	0.
2.0172566929582376	0.	0.	0.	0.0004447435979421102	0.	0.
2.018042735212503	0.	0.	0.	0.0004450910707443031	0.	0.
2.0188273573558715	0.	0.	0.	0.0004454372891500655	0.	0.
2.0196105645104048	0.	0.	0.	0.0004457822599398215	0.	0.
2.020392361770503	0.	0.	0.	0.0004461259898452158	0.	0.
2.021172754203104	0.	0.	0.	0.0004464684855495517	0.	0.
2.0219517468478796	0.	0.	0.	0.00044680975368822397	0.	0.
2.022729344717432	0.	0.	0.	0.00044714980084914805	0.	0.
2.0235055527974857	0.	0.	0.	0.00044748863357318286	0.	0.
2.0242803760470798	0.	0.	0.	0.0004478262583545514	0.	0.
2.0250538193987597	0.	0.	0.	0.00044816268164125494	0.	0.
2.025825887758763	0.	0.	0.	0.0004484979098354835	0.	0.
2.026596586007209	0.	0.	0.	0.0004488319492940223	0.	0.
2.0273659189982807	0.	0.	0.	0.0004491648063286534	0.	0.
2.028133891560411	0.	0.	0.	0.00044949648720655317	0.	0.
2.028900508496461	0.	0.	0.	0.0004498269981506857	0.	0.
2.0296657745839064	0.	0.	0.	0.0004501563453401923	0.	0.
2.0304296945750084	0.	0.	0.	0.0004504845349107757	0.	0.
2.0311922731969974	0.	0.	0.	0.0004508115729550824	0.	0.
2.031953515152245	0.	0.	0.	0.0004511374655230783	0.	0.
2.0327134251184376	0.	0.	0.	0.0004514622186224228	0.	0.
2.0334720077487516	0.	0.	0.	0.0004517858382188375	0.	0.
2.0342292676720217	0.	0.	0.	0.0004521083302364716	0.	0.
2.0349852094929126	0.	0.	0.	0.00045242970055826343	0.	0.
2.0357398377920846	0.	0.	0.	0.00045274995502629813	0.	0.
2.036493157126362	0.	0.	0.	0.0004530690994421617	0.	0.
2.0372451720288973	0.	0.	0.	0.0004533871395672912	0.	0.
2.0379958870093358	0.	0.	0.	0.00045370408112332174	0.	0.
2.0387453065539765	0.	0.	0.	0.0004540199297924293	0.	0.
2.0394934351259333	0.	0.	0.	0.0004543346912176703	0.	0.
2.0402402771652968	0.	0.	0.	0.00045464837100331806	0.	0.
2.0409858370892886	0.	0.	0.	0.0004549609747151951	0.	0.
2.0417301192924207	0.	0.	0.	0.0004552725078810022	0.	0.
2.042473128146649	0.	0.	0.	0.0004555829759906445	0.	0.
2.0432148680015314	0.	0.	0.	0.0004558923844965542	0.	0.
2.043955343184374	0.	0.	0.	0.0004562007388140087	0.	0.
2.0446945580003897	0.	0.	0.	0.00045650804432144815	0.	0.
2.0454325167328418	0.	0.	0.	0.0004568143063607867	0.	0.
2.046169223643199	0.	0.	0.	0.0004571195302377228	0.	0.
2.0469046829712783	0.	0.	0.	0.00045742372122204545	0.	0.
2.047638898935394	0.	0.	0.	0.00045772688454793727	0.	0.
2.0483718757325016	0.	0.	0.	0.00045802902541427516	0.	0.
2.049103617538343	0.	0.	0.	0.00045833014898492716	0.	0.
2.0498341285075874	0.	0.	0.	0.00045863026038904644	0.	0.
2.0505634127739745	0.	0.	0.	0.0004589293647213629	0.	0.
2.051291474450455	0.	0.	0.	0.00045922746704247174	0.	0.
2.0520183176293285	0.	0.	0.	0.0004595245723791179	0.	0.
2.0527439463823813	0.	0.	0.	0.00045982068572447937	0.	0.
2.0534683647610255	0.	0.	0.	0.00046011857713694075	0.	0.
2.0541915767964314	0.	0.	0.	0.00046043034638268193	0.	0.
2.054913586499666	0.	0.	0.	0.00046074103663552667	0.	0.
2.055634397861824	0.	0.	0.	0.00046105061594686183	0.	0.
2.0563540148541586	0.	0.	0.	0.0004613590525796517	0.	0.
2.0570724414282164	0.	0.	0.	0.00046166631500668947	0.	0.
2.0577896815159673	0.	0.	0.	0.0004619723719088662	0.	0.
2.0585057390299295	0.	0.	0.	0.00046227719217345627	0.	0.
2.0592206178633026	0.	0.	0.	0.0004625807448924203	0.	0.
2.0599343218900903	0.	0.	0.	0.00046288299936072467	0.	0.
2.060646854965231	0.	0.	0.	0.00046318392507467803	0.	0.
2.061358220924717	0.	0.	0.	0.0004634834917302828	0.	0.
2.0620684235857247	0.	0.	0.	0.0004637816692216043	0.	0.
2.0627774667467325	0.	0.	0.	0.00046407842763915525	0.	0.
2.063485354187645	0.	0.	0.	0.0004643737372682959	0.	0.
2.0641920896699126	0.	0.	0.	0.0004646675685876499	0.	0.
2.064897676936655	0.	0.	0.	0.00046495989226753544	0.	0.
2.0656021197127736	0.	0.	0.	0.00046525067916841243	0.	0.
2.0663054217050765	0.	0.	0.	0.0004655399003393437	0.	0.
2.0670075866023905	0.	0.	0.	0.00046582752701647157	0.	0.
2.06770861807568	0.	0.	0.	0.0004661135306215093	0.	0.
2.068408519778161	0.	0.	0.	0.00046639788276024675	0.	0.
2.069107295345416	0.	0.	0.	0.0004666805552210713	0.	0.
2.0698049483955048	0.	0.	0.	0.00046696151997350154	0.	0.
2.070501482529081	0.	0.	0.	0.0004672407491667366	0.	0.
2.071196901329501	0.	0.	0.	0.00046751821512821824	0.	0.
2.0718912083629344	0.	0.	0.	0.00046779389036220767	0.	0.
2.0725844071784754	0.	0.	0.	0.0004680677475483751	0.	0.
2.0732765013082495	0.	0.	0.	0.00046833975954040357	0.	0.
2.0739674942675235	0.	0.	0.	0.00046860989936460524	0.	0.
2.0746573895548113	0.	0.	0.	0.00046887814021855193	0.	0.
2.0753461906519806	0.	0.	0.	0.00046914445546971756	0.	0.
2.0760339010243585	0.	0.	0.	0.0004694088186541342	0.	0.
2.0767205241208364	0.	0.	0.	0.0004696712034750609	0.	0.
2.0774060633739717	0.	0.	0.	0.00046993158380166455	0.	0.
2.0780905222000947	0.	0.	0.	0.0004701899336677136	0.	0.
2.078773903999407	0.	0.	0.	0.00047044622727028393	0.	0.
2.079456212156084	0.	0.	0.	0.0004707004389684776	0.	0.
2.0801374500383765	0.	0.	0.	0.0004709525432821524	0.	0.
2.0808176209987104	0.	0.	0.	0.0004712025148906641	0.	0.
2.0814967283737835	0.	0.	0.	0.0004714503286316209	0.	0.
2.082174775484666	0.	0.	0.	0.0004716959594996482	0.	0.
2.0828517656368977	0.	0.	0.	0.00047193938264516674	0.	0.
2.083527702120582	0.	0.	0.	0.00047218057337317993	0.	0.
2.084202588210487	0.	0.	0.	0.0004724195071420751	0.	0.
2.084876427166135	0.	0.	0.	0.0004726561595624331	0.	0.
2.0855492222319016	0.	0.	0.	0.00047289050639585137	0.	0.
2.0862209766371067	0.	0.	0.	0.0004731225235537763	0.	0.
2.0868916935961077	0.	0.	0.	0.00047335218709634755	0.	0.
2.087561376308394	0.	0.	0.	0.00047357947323125194	0.	0.
2.0882300279586747	0.	0.	0.	0.00047380435831258867	0.	0.
2.0888976517169735	0.	0.	0.	0.0004740268188397452	0.	0.
2.0895642507387158	0.	0.	0.	0.0004742468314562823	0.	0.
2.0902298281648215	0.	0.	0.	0.0004744643729488311	0.	0.
2.0908943871217884	0.	0.	0.	0.00047463132835633706	0.	0.
2.0915579307217875	0.	0.	0.	0.0004747955005101591	0.	0.
2.092220462062744	0.	0.	0.	0.00047495748507948117	0.	0.
2.092881984228427	0.	0.	0.	0.00047511736055231245	0.	0.
2.093542500288536	0.	0.	0.	0.00047527520493953755	0.	0.
2.094202013298786	0.	0.	0.	0.0004754310957785358	0.	0.
2.0948605263009914	0.	0.	0.	0.0004755851101367685	0.	0.
2.0955180423231505	0.	0.	0.	0.0004757373246153344	0.	0.
2.09617456437953	0.	0.	0.	0.0004758878153524904	0.	0.
2.096830095470747	0.	0.	0.	0.00047603665802714346	0.	0.
2.0974846385838513	0.	0.	0.	0.0004761839278623089	0.	0.
2.0981381966924078	0.	0.	0.	0.0004763296996285382	0.	0.
2.0987907727565767	0.	0.	0.	0.00047647404764731557	0.	0.
2.099442369723194	0.	0.	0.	0.0004766170457944248	0.	0.
2.1000929905258525	0.	0.	0.	0.0004767587675032849	0.	0.
2.10074263808498	0.	0.	0.	0.00047689928576825626	0.	0.
2.1013913153079162	0.	0.	0.	0.0004770386731479172	0.	0.
2.1020390250889958	0.	0.	0.	0.00047717700176831104	0.	0.
2.102685770309621	0.	0.	0.	0.0004773143433261651	0.	0.
2.103331553838341	0.	0.	0.	0.0004774507690920789	0.	0.
2.103976378530927	0.	0.	0.	0.0004775863499136865	0.	0.
2.1046202472304487	0.	0.	0.	0.000477721156218789	0.	0.
2.1052631627673506	0.	0.	0.	0.00047785525801845975	0.	0.
2.105905127959524	0.	0.	0.	0.0004779887249101221	0.	0.
2.1065461456123833	0.	0.	0.	0.0004781216260806003	0.	0.
2.107186218518938	0.	0.	0.	0.00047825403030914225	0.	0.
2.1078253494598687	0.	0.	0.	0.0004783860059704171	0.	0.
2.108463541203595	0.	0.	0.	0.0004785176210374852	0.	0.
2.109100796506351	0.	0.	0.	0.00047864894308474254	0.	0.
2.1097371181122564	0.	0.	0.	0.00047878003929083946	0.	0.
2.1103725087533842	0.	0.	0.	0.00047891097644157287	0.	0.
2.1110069711498367	0.	0.	0.	0.0004790418209327546	0.	0.
2.1116405080098097	0.	0.	0.	0.0004791726387730531	0.	0.
2.112273122029665	0.	0.	0.	0.0004793034955868113	0.	0.
2.112904815893999	0.	0.	0.	0.00047943445661684	0.	0.
2.1135355922757104	0.	0.	0.	0.00047956558672718576	0.	0.
2.1141654538360686	0.	0.	0.	0.0004796969504058764	0.	0.
2.1147944032247796	0.	0.	0.	0.00047982861176764133	0.	0.
2.115422443080056	0.	0.	0.	0.0004799606345566086	0.	0.
2.1160495760286797	0.	0.	0.	0.00048009308214897947	0.	0.
2.11667580468607	0.	0.	0.	0.0004802260175556782	0.	0.
2.1173011316563493	0.	0.	0.	0.0004803595034249809	0.	0.
2.1179255595324067	0.	0.	0.	0.0004804936020451196	0.	0.
2.1185490908959634	0.	0.	0.	0.00048062837534686614	0.	0.
2.119171728317637	0.	0.	0.	0.0004807638849060924	0.	0.
2.1197934743570035	0.	0.	0.	0.00048090019194630833	0.	0.
2.1204143315626625	0.	0.	0.	0.00048103735734117946	0.	0.
2.121034302472299	0.	0.	0.	0.0004811754416170219	0.	0.
2.121653389612745	0.	0.	0.	0.0004813145049552764	0.	0.
2.1222715955000417	0.	0.	0.	0.00048145460719496133	0.	0.
2.1228889226395027	0.	0.	0.	0.00048159580783510407	0.	0.
2.123505373525771	0.	0.	0.	0.00048173816603715316	0.	0.
2.1241209506428826	0.	0.	0.	0.0004818817406273682	0.	0.
2.1247356564643267	0.	0.	0.	0.0004820762212057401	0.	0.
2.1253494934531028	0.	0.	0.	0.0004822821172053039	0.	0.
2.1259624640617822	0.	0.	0.	0.0004824890038040379	0.	0.
2.1265745707325667	0.	0.	0.	0.00048269681340353714	0.	0.
2.1271858158973442	0.	0.	0.	0.0004829054787856928	0.	0.
2.127796201977751	0.	0.	0.	0.00048311493311002185	0.	0.
2.1284057313852256	0.	0.	0.	0.00048332510991101876	0.	0.
2.1290144065210685	0.	0.	0.	0.0004835359430955294	0.	0.
2.1296222297764977	0.	0.	0.	0.00048374736694014757	0.	0.
2.1302292035327044	0.	0.	0.	0.000483959316088633	0.	0.
2.1308353301609113	0.	0.	0.	0.00048417172554935045	0.	0.
2.1314406120224243	0.	0.	0.	0.00048438453069273143	0.	0.
2.132045051468693	0.	0.	0.	0.0004845976672487558	0.	0.
2.13264865084136	0.	0.	0.	0.00048481107130445494	0.	0.
2.13325141247232	0.	0.	0.	0.0004850246793014366	0.	0.
2.1338533386837697	0.	0.	0.	0.0004852384280334278	0.	0.
2.134454431788266	0.	0.	0.	0.0004854522546438412	0.	0.
2.1350546940887747	0.	0.	0.	0.0004856660966233597	0.	0.
2.135654127878727	0.	0.	0.	0.0004858798918075409	0.	0.
2.1362527354420697	0.	0.	0.	0.00048609357837444295	0.	0.
2.136850519053319	0.	0.	0.	0.00048630709484226805	0.	0.
2.1374474809776114	0.	0.	0.	0.00048652038006702743	0.	0.
2.1380436234707565	0.	0.	0.	0.0004867333732402231	0.	0.
2.138638948779285	0.	0.	0.	0.00048694601388655096	0.	0.
2.139233459140505	0.	0.	0.	0.00048715824186162194	0.	0.
2.1398271567825455	0.	0.	0.	0.0004873699973497004	0.	0.
2.140420043924413	0.	0.	0.	0.000487581220861464	0.	0.
2.1410121227760373	0.	0.	0.	0.0004877918532317789	0.	0.
2.141603395538321	0.	0.	0.	0.00048800183561749507	0.	0.
2.142193864403192	0.	0.	0.	0.0004882111094952587	0.	0.
2.1427835315536474	0.	0.	0.	0.0004884196166593428	0.	0.
2.1433723991638063	0.	0.	0.	0.0004886272992194947	0.	0.
2.1439604693989547	0.	0.	0.	0.000488834099598803	0.	0.
2.1445477444155956	0.	0.	0.	0.0004890399605315785	0.	0.
2.145134226361494	0.	0.	0.	0.0004892448250612559	0.	0.
2.145719917375728	0.	0.	0.	0.0004894486365383098	0.	0.
2.1463048195887295	0.	0.	0.	0.0004896513386181888	0.	0.
2.1468889351223375	0.	0.	0.	0.0004898528752592663	0.	0.
2.147472266089839	0.	0.	0.	0.0004900531907208064	0.	0.
2.148054814596018	0.	0.	0.	0.0004902522295609485	0.	0.
2.1486365827371996	0.	0.	0.	0.0004904499366347062	0.	0.
2.149217572601295	0.	0.	0.	0.000490646257091983	0.	0.
2.149797786267848	0.	0.	0.	0.0004908411363756035	0.	0.
2.150377225808079	0.	0.	0.	0.0004910345202193606	0.	0.
2.1509558932849275	0.	0.	0.	0.0004912263546460794	0.	0.
2.1515337907531	0.	0.	0.	0.0004914165859656936	0.	0.
2.15211092025911	0.	0.	0.	0.0004916051607733406	0.	0.
2.152687283841324	0.	0.	0.	0.0004917920259474697	0.	0.
2.153262883530002	0.	0.	0.	0.0004919771286479659	0.	0.
2.1538377213473447	0.	0.	0.	0.0004921604163142882	0.	0.
2.1544117993075313	0.	0.	0.	0.0004923418366636242	0.	0.
2.154985119416766	0.	0.	0.	0.0004925213376890567	0.	0.
2.1555576836733166	0.	0.	0.	0.000492698867657747	0.	0.
2.156129494067559	0.	0.	0.	0.0004928502090505221	0.	0.
2.1567005525820173	0.	0.	0.	0.0004929871836838965	0.	0.
2.1572708611914044	0.	0.	0.	0.0004931222580194245	0.	0.
2.1578404218626654	0.	0.	0.	0.0004932554578900403	0.	0.
2.1584092365550163	0.	0.	0.	0.0004933868089934287	0.	0.
2.1589773072199847	0.	0.	0.	0.0004935163368929092	0.	0.
2.15954463580145	0.	0.	0.	0.0004936440670183122	0.	0.
2.160111224235684	0.	0.	0.	0.0004937700246668504	0.	0.
2.16067707445139	0.	0.	0.	0.000493894235003981	0.	0.
2.161242188369742	0.	0.	0.	0.0004940167230642635	0.	0.
2.161806567904425	0.	0.	0.	0.0004941375137522083	0.	0.
2.162370214961672	0.	0.	0.	0.0004942566318431213	0.	0.
2.162933131440304	0.	0.	0.	0.0004943741019839406	0.	0.
2.163495319231768	0.	0.	0.	0.0004944899486940658	0.	0.
2.1640567802201742	0.	0.	0.	0.000494604196366183	0.	0.
2.164617516282337	0.	0.	0.	0.0004947168692670818	0.	0.
2.1651775292878086	0.	0.	0.	0.0004948279915384663	0.	0.
2.1657368210989194	0.	0.	0.	0.0004949375871977607	0.	0.
2.166295393570813	0.	0.	0.	0.0004950456801389071	0.	0.
2.166853248551485	0.	0.	0.	0.0004951522941331586	0.	0.
2.1674103878818185	0.	0.	0.	0.000495257452829866	0.	0.
2.16796681339562	0.	0.	0.	0.0004953611797572576	0.	0.
2.168522526919659	0.	0.	0.	0.000495463498323214	0.	0.
2.169077530273699	0.	0.	0.	0.0004955644318160368	0.	0.
2.169631825270536	0.	0.	0.	0.0004956640034052104	0.	0.
2.1701854137160357	0.	0.	0.	0.0004957622361421597	0.	0.
2.170738297409165	0.	0.	0.	0.0004958591529610007	0.	0.
2.171290478142029	0.	0.	0.	0.0004959547766792858	0.	0.
2.171841957699907	0.	0.	0.	0.0004960491299987434	0.	0.
2.172392737861285	0.	0.	0.	0.0004961422355060118	0.	0.
2.172942820397891	0.	0.	0.	0.000496234115673368	0.	0.
2.173492207074729	0.	0.	0.	0.0004963247928594501	0.	0.
2.1740408996501155	0.	0.	0.	0.0004964142893099751	0.	0.
2.1745888998757072	0.	0.	0.	0.0004965026271584504	0.	0.
2.1751362094965416	0.	0.	0.	0.000496589828426881	0.	0.
2.175682830251066	0.	0.	0.	0.0004966759150264705	0.	0.
2.1762287638711704	0.	0.	0.	0.0004967609087583165	0.	0.
2.176774012082223	0.	0.	0.	0.0004968448313141027	0.	0.
2.1773185766031027	0.	0.	0.	0.0004969277042767828	0.	0.
2.1778624591462283	0.	0.	0.	0.0004970095491212628	0.	0.
2.178405661417594	0.	0.	0.	0.0004970903872150741	0.	0.
2.178948185116802	0.	0.	0.	0.0004971702398190455	0.	0.
2.17949003193709	0.	0.	0.	0.000497249128087968	0.	0.
2.1800312035653686	0.	0.	0.	0.0004973270730712541	0.	0.
2.180571701682249	0.	0.	0.	0.0004974040957135949	0.	0.
2.1811115279620754	0.	0.	0.	0.0004974802168556086	0.	0.
2.181650684072956	0.	0.	0.	0.0004975554572344876	0.	0.
2.1821891716767943	0.	0.	0.	0.0004976298374846384	0.	0.
2.1827269924293202	0.	0.	0.	0.0004977033781383183	0.	0.
2.183264147980119	0.	0.	0.	0.0004977760996262662	0.	0.
2.183800639972663	0.	0.	0.	0.0004978480222783295	0.	0.
2.1843364700443417	0.	0.	0.	0.000497919166324086	0.	0.
2.184871639826491	0.	0.	0.	0.0004979895518934616	0.	0.
2.1854061509444236	0.	0.	0.	0.0004980556150156562	0.	0.
2.1859400050174584	0.	0.	0.	0.0004981172914080072	0.	0.
2.1864732036589505	0.	0.	0.	0.0004981782975631908	0.	0.
2.18700574847632	0.	0.	0.	0.0004982386678316043	0.	0.
2.18753764107108	0.	0.	0.	0.0004982984363954684	0.	0.
2.1880688830388673	0.	0.	0.	0.0004983576372698552	0.	0.
2.1885994759694705	0.	0.	0.	0.0004984163043037091	0.	0.
2.189129421446858	0.	0.	0.	0.0004984744711808587	0.	0.
2.189658721049207	0.	0.	0.	0.0004985321714210229	0.	0.
2.190187376348932	0.	0.	0.	0.0004985894383808099	0.	0.
2.1907153889127104	0.	0.	0.	0.0004986463052547068	0.	0.
2.1912427603015145	0.	0.	0.	0.0004987028050760643	0.	0.
2.191769492070636	0.	0.	0.	0.0004987589707180726	0.	0.
2.1922955857697146	0.	0.	0.	0.0004988148348947317	0.	0.
2.1928210429427653	0.	0.	0.	0.0004988704301618129	0.	0.
2.1933458651282045	0.	0.	0.	0.0004989257889178153	0.	0.
2.1938700538588796	0.	0.	0.	0.0004989809434049131	0.	0.
2.194393610662093	0.	0.	0.	0.0004990359257098987	0.	0.
2.1949165370596315	0.	0.	0.	0.0004990907677651166	0.	0.
2.1954388345677907	0.	0.	0.	0.0004991455013493918	0.	0.
2.1959605046974016	0.	0.	0.	0.0004992001580889515	0.	0.
2.1964815489538574	0.	0.	0.	0.0004992547694583398	0.	0.
2.1970019688371405	0.	0.	0.	0.000499309366781326	0.	0.
2.197521765841846	0.	0.	0.	0.0004993639812318063	0.	0.
2.1980409414572115	0.	0.	0.	0.0004994186438346988	0.	0.
2.1985594971671367	0.	0.	0.	0.0004994733854668335	0.	0.
2.199077434450214	0.	0.	0.	0.0004995282368578332	0.	0.
2.1995947547797523	0.	0.	0.	0.0004995832285909909	0.	0.
2.2001114596238014	0.	0.	0.	0.0004996383911041397	0.	0.
2.200627550445177	0.	0.	0.	0.0004996937546905155	0.	0.
2.201143028701486	0.	0.	0.	0.0004997493494996163	0.	0.
2.201657895845153	0.	0.	0.	0.0004998052055380524	0.	0.
2.2021721533234406	0.	0.	0.	0.0004998613526703921	0.	0.
2.2026858025784777	0.	0.	0.	0.0004999178206200018	0.	0.
2.2031988450472824	0.	0.	0.	0.0004999746389698789	0.	0.
2.2037112821617852	0.	0.	0.	0.0005000318371634799	0.	0.
2.2042231153488543	0.	0.	0.	0.0005000894445055415	0.	0.
2.204734346030319	0.	0.	0.	0.0005001474901628975	0.	0.
2.2052449756229935	0.	0.	0.	0.0005002060031652885	0.	0.
2.2057550055386996	0.	0.	0.	0.0005002650124061663	0.	0.
2.2062644371842923	0.	0.	0.	0.0005003245466434932	0.	0.
2.206773271961681	0.	0.	0.	0.0005003846345005349	0.	0.
2.207281511267852	0.	0.	0.	0.0005004453044666484	0.	0.
2.207789156494894	0.	0.	0.	0.000500506584898064	0.	0.
2.2082962090300207	0.	0.	0.	0.0005005685040186625	0.	0.
2.2088026702555905	0.	0.	0.	0.0005006310899207453	0.	0.
2.2093085415491327	0.	0.	0.	0.0005006943705658017	0.	0.
2.209813824283368	0.	0.	0.	0.0005007583737852686	0.	0.
2.2103185198262314	0.	0.	0.	0.0005008231272812857	0.	0.
2.2108226295408953	0.	0.	0.	0.0005008886586274458	0.	0.
2.2113261547857883	0.	0.	0.	0.0005009549952695396	0.	0.
2.211829096914622	0.	0.	0.	0.0005010221645262949	0.	0.
2.2123314572764095	0.	0.	0.	0.0005010901935901113	0.	0.
2.2128332372154875	0.	0.	0.	0.0005011591095277896	0.	0.
2.213334438071539	0.	0.	0.	0.0005012289392812563	0.	0.
2.2138350611796143	0.	0.	0.	0.0005013000257367661	0.	0.
2.214335107870151	0.	0.	0.	0.0005013955189038056	0.	0.
2.214834579468998	0.	0.	0.	0.000501491822153722	0.	0.
2.215333477297434	0.	0.	0.	0.0005015889120622134	0.	0.
2.215831802672189	0.	0.	0.	0.0005016867653124281	0.	0.
2.2163295569054666	0.	0.	0.	0.0005017853586943489	0.	0.
2.2168267413049634	0.	0.	0.	0.0005018846691041815	0.	0.
2.21732335717389	0.	0.	0.	0.000501984673543749	0.	0.
2.217819405810991	0.	0.	0.	0.0005020853491198872	0.	0.
2.2183148885105664	0.	0.	0.	0.000502186673043847	0.	0.
2.218809806562491	0.	0.	0.	0.0005022886226306995	0.	0.
2.2193041612522344	0.	0.	0.	0.0005023911752987458	0.	0.
2.219797953860882	0.	0.	0.	0.0005024943085689297	0.	0.
2.2202911856651553	0.	0.	0.	0.0005025980000642558	0.	0.
2.2207838579374286	0.	0.	0.	0.0005027022275092109	0.	0.
2.2212759719457527	0.	0.	0.	0.000502806968729189	0.	0.
2.2217675289538716	0.	0.	0.	0.0005029122016499212	0.	0.
2.222258530221244	0.	0.	0.	0.0005030179042969077	0.	0.
2.2227489770030604	0.	0.	0.	0.0005031240547948559	0.	0.
2.223238870550265	0.	0.	0.	0.0005032306313671211	0.	0.
2.2237282121095734	0.	0.	0.	0.00050333761233515	0.	0.
2.22421700292349	0.	0.	0.	0.0005034449761179302	0.	0.
2.2247052442303303	0.	0.	0.	0.0005035527012314417	0.	0.
2.225192937264238	0.	0.	0.	0.0005036607662881123	0.	0.
2.2256800832552037	0.	0.	0.	0.000503769149996278	0.	0.
2.2261666834290827	0.	0.	0.	0.0005038778311596448	0.	0.
2.2266527390076156	0.	0.	0.	0.0005039867886767561	0.	0.
2.227138251208445	0.	0.	0.	0.0005040960015404625	0.	0.
2.227623221245134	0.	0.	0.	0.0005042054488373957	0.	0.
2.2281076503271855	0.	0.	0.	0.000504315109747446	0.	0.
2.228591539660059	0.	0.	0.	0.0005044249635432423	0.	0.
2.2290748904451894	0.	0.	0.	0.0005045349895896374	0.	0.
2.2295577038800043	0.	0.	0.	0.0005046451673431946	0.	0.
2.230039981157942	0.	0.	0.	0.0005047554763516794	0.	0.
2.2305217234684704	0.	0.	0.	0.0005048658962535538	0.	0.
2.2310029319971023	0.	0.	0.	0.0005049764067774739	0.	0.
2.231483607925415	0.	0.	0.	0.0005050869877417913	0.	0.
2.2319637524310654	0.	0.	0.	0.0005051976190540577	0.	0.
2.2324433666878103	0.	0.	0.	0.0005053082807105322	0.	0.
2.2329224518655217	0.	0.	0.	0.0005054189527956924	0.	0.
2.233401009130205	0.	0.	0.	0.0005055296154817489	0.	0.
2.2338790396440125	0.	0.	0.	0.0005056402490281623	0.	0.
2.2343565445652667	0.	0.	0.	0.0005057508337811645	0.	0.
2.2348335250484714	0.	0.	0.	0.0005058613501732812	0.	0.
2.2353099822443308	0.	0.	0.	0.0005059717787228606	0.	0.
2.235785917299767	0.	0.	0.	0.0005060821000336018	0.	0.
2.236261331357935	0.	0.	0.	0.0005061922947940885	0.	0.
2.2367362255582393	0.	0.	0.	0.0005063023437773253	0.	0.
2.2372106010363515	0.	0.	0.	0.0005064122278402768	0.	0.
2.2376844589242255	0.	0.	0.	0.0005065219279234096	0.	0.
2.2381578003501135	0.	0.	0.	0.0005066314250502379	0.	0.
2.2386306264385833	0.	0.	0.	0.000506741854889387	0.	0.
2.239102938310533	0.	0.	0.	0.0005068581305830571	0.	0.
2.2395747370832093	0.	0.	0.	0.0005069741116931442	0.	0.
2.240046023870219	0.	0.	0.	0.0005070897629090939	0.	0.
2.24051679978155	0.	0.	0.	0.0005072050490733753	0.	0.
2.2409870659235827	0.	0.	0.	0.0005073199351806536	0.	0.
2.241456823399108	0.	0.	0.	0.0005074343863769672	0.	0.
2.241926073307342	0.	0.	0.	0.0005075483679589098	0.	0.
2.242394816743942	0.	0.	0.	0.0005076618453728191	0.	0.
2.2428630548010204	0.	0.	0.	0.0005077747842139699	0.	0.
2.2433307885671625	0.	0.	0.	0.0005078871502257721	0.	0.
2.243798019127439	0.	0.	0.	0.0005079989092989745	0.	0.
2.2442647475634225	0.	0.	0.	0.0005081100274708737	0.	0.
2.2447309749532023	0.	0.	0.	0.0005082204709245275	0.	0.
2.2451967023713997	0.	0.	0.	0.0005083302059879743	0.	0.
2.2456619308891823	0.	0.	0.	0.0005084391991334562	0.	0.
2.246126661574279	0.	0.	0.	0.000508547416976649	0.	0.
2.246590895490994	0.	0.	0.	0.0005086548262758947	0.	0.
2.2470546337002237	0.	0.	0.	0.0005087613939314413	0.	0.
2.247517877259469	0.	0.	0.	0.0005088670869846858	0.	0.
2.2479806272228484	0.	0.	0.	0.0005089718726174224	0.	0.
2.248442884641118	0.	0.	0.	0.0005090757181510965	0.	0.
2.248904650561679	0.	0.	0.	0.0005091785910460622	0.	0.
2.249365926028598	0.	0.	0.	0.0005092804589008449	0.	0.
2.2498267120826156	0.	0.	0.	0.0005093812894514087	0.	0.
2.2502870097611654	0.	0.	0.	0.0005094810505704289	0.	0.
2.250746820098385	0.	0.	0.	0.0005095797102665679	0.	0.
2.2512061441251308	0.	0.	0.	0.0005096772366837572	0.	0.
2.251664982868991	0.	0.	0.	0.0005097735981004829	0.	0.
2.2521233373543024	0.	0.	0.	0.0005098687629290757	0.	0.
2.2525812086021597	0.	0.	0.	0.0005099626997150065	0.	0.
2.253038597630433	0.	0.	0.	0.000510055377136185	0.	0.
2.253495505453779	0.	0.	0.	0.0005101467640022635	0.	0.
2.253951933083655	0.	0.	0.	0.0005102368292539453	0.	0.
2.254407881528334	0.	0.	0.	0.0005103255419622967	0.	0.
2.2548633517929146	0.	0.	0.	0.0005104128713280641	0.	0.
2.2553183448793392	0.	0.	0.	0.0005104987866809949	0.	0.
2.2557728617864012	0.	0.	0.	0.0005105832574791629	0.	0.
2.2562269035097637	0.	0.	0.	0.000510666253308298	0.	0.
2.2566804710419697	0.	0.	0.	0.0005107477438811191	0.	0.
2.257133565372455	0.	0.	0.	0.0005108276990366733	0.	0.
2.257586187487563	0.	0.	0.	0.0005109060887396771	0.	0.
2.2580383383705556	0.	0.	0.	0.0005109828830798624	0.	0.
2.2584900190016266	0.	0.	0.	0.0005110580522713276	0.	0.
2.2589412303579146	0.	0.	0.	0.0005111315666518912	0.	0.
2.259391973413517	0.	0.	0.	0.00051120339668245	0.	0.
2.2598422491395005	0.	0.	0.	0.0005112735129463421	0.	0.
2.2602920585039143	0.	0.	0.	0.0005113418861487126	0.	0.
2.2607414024718038	0.	0.	0.	0.0005114084871158836	0.	0.
2.26119028200522	0.	0.	0.	0.000511473286794729	0.	0.
2.261638698063236	0.	0.	0.	0.000511536256252052	0.	0.
2.262086651601957	0.	0.	0.	0.0005115834469501039	0.	0.
2.2625341435745314	0.	0.	0.	0.0005115970831380533	0.	0.
2.262981174931165	0.	0.	0.	0.0005116089509567656	0.	0.
2.263427746619133	0.	0.	0.	0.0005116191224298121	0.	0.
2.2638738595827905	0.	0.	0.	0.0005116276692849825	0.	0.
2.2643195147635855	0.	0.	0.	0.000511634662955801	0.	0.
2.2647647131000714	0.	0.	0.	0.0005116401745830334	0.	0.
2.2652094555279185	0.	0.	0.	0.0005116442750161862	0.	0.
2.2656537429799237	0.	0.	0.	0.0005116470348149949	0.	0.
2.266097576386026	0.	0.	0.	0.0005116485242509046	0.	0.
2.266540956673315	0.	0.	0.	0.0005116488133085402	0.	0.
2.2669838847660437	0.	0.	0.	0.0005116479716871687	0.	0.
2.267426361585642	0.	0.	0.	0.0005116460688021521	0.	0.
2.267868388050723	0.	0.	0.	0.0005116431737863911	0.	0.
2.2683099650771013	0.	0.	0.	0.000511639355491761	0.	0.
2.2687510935777984	0.	0.	0.	0.0005116346824905372	0.	0.
2.2691917744630565	0.	0.	0.	0.0005116292230768146	0.	0.
2.2696320086403516	0.	0.	0.	0.0005116230452679149	0.	0.
2.270071797014401	0.	0.	0.	0.0005116162168057889	0.	0.
2.270511140487177	0.	0.	0.	0.0005116088051584078	0.	0.
2.270950039957917	0.	0.	0.	0.0005116008775211472	0.	0.
2.2713884963231354	0.	0.	0.	0.0005115925008181622	0.	0.
2.2718265104766333	0.	0.	0.	0.0005115837417037548	0.	0.
2.2722640833095107	0.	0.	0.	0.0005115746665637322	0.	0.
2.272701215710177	0.	0.	0.	0.000511565341516758	0.	0.
2.273137908564361	0.	0.	0.	0.000511555832415694	0.	0.
2.2735741627551223	0.	0.	0.	0.0005115462048489349	0.	0.
2.2740099791628627	0.	0.	0.	0.0005115365241417344	0.	0.
2.274445358665336	0.	0.	0.	0.0005115268553575237	0.	0.
2.274880302137659	0.	0.	0.	0.0005115172632992218	0.	0.
2.27531481045232	0.	0.	0.	0.000511507812510538	0.	0.
2.275748884479195	0.	0.	0.	0.000511498567277267	0.	0.
2.2761825250855496	0.	0.	0.	0.0005114895916285752	0.	0.
2.276615733136058	0.	0.	0.	0.0005114809493382809	0.	0.
2.2770485094928077	0.	0.	0.	0.0005114727039261251	0.	0.
2.2774808550153116	0.	0.	0.	0.0005114649186590359	0.	0.
2.2779127705605178	0.	0.	0.	0.0005114576565523854	0.	0.
2.2783442569828223	0.	0.	0.	0.0005114509803712378	0.	0.
2.278775315134074	0.	0.	0.	0.0005114449526315921	0.	0.
2.2792059458635894	0.	0.	0.	0.0005114396356016155	0.	0.
2.279636150018162	0.	0.	0.	0.0005114350913028705	0.	0.
2.280065928442069	0.	0.	0.	0.0005114313815115345	0.	0.
2.280495281977086	0.	0.	0.	0.0005114285677596125	0.	0.
2.280924211462492	0.	0.	0.	0.0005114267113361416	0.	0.
2.281352717735084	0.	0.	0.	0.0005114258732883898	0.	0.
2.281780801629183	0.	0.	0.	0.0005114261144230463	0.	0.
2.2822084639766467	0.	0.	0.	0.0005114274953074059	0.	0.
2.2826357056068756	0.	0.	0.	0.0005114300762705462	0.	0.
2.2830625273468264	0.	0.	0.	0.0005114339174044964	0.	0.
2.28348893002102	0.	0.	0.	0.0005114390785654019	0.	0.
2.2839149144515507	0.	0.	0.	0.0005114456193746799	0.	0.
2.2843404814580963	0.	0.	0.	0.0005114535992201686	0.	0.
2.284765631857927	0.	0.	0.	0.0005114630772572708	0.	0.
2.285190366465915	0.	0.	0.	0.000511474112410089	0.	0.
2.285614686094544	0.	0.	0.	0.0005114867633725551	0.	0.
2.2860385915539205	0.	0.	0.	0.000511501088609554	0.	0.
2.2864620836517777	0.	0.	0.	0.0005115171463580381	0.	0.
2.286885163193491	0.	0.	0.	0.0005115349946281389	0.	0.
2.2873078309820833	0.	0.	0.	0.0005115546912042688	0.	0.
2.287730087818235	0.	0.	0.	0.0005115762936462186	0.	0.
2.2881519345002936	0.	0.	0.	0.0005115998592902473	0.	0.
2.288573371824283	0.	0.	0.	0.0005116254452501668	0.	0.
2.2889944005839102	0.	0.	0.	0.0005116531084184195	0.	0.
2.2894150215705786	0.	0.	0.	0.0005116829054671491	0.	0.
2.289835235573392	0.	0.	0.	0.0005117148928492669	0.	0.
2.2902550433791675	0.	0.	0.	0.0005117491267995101	0.	0.
2.2906744457724417	0.	0.	0.	0.0005117856633354951	0.	0.
2.291093443535481	0.	0.	0.	0.0005118245582587642	0.	0.
2.2915120374482894	0.	0.	0.	0.0005118658671558268	0.	0.
2.2919302282886185	0.	0.	0.	0.0005119096453991935	0.	0.
2.292348016831974	0.	0.	0.	0.0005119559481484056	0.	0.
2.2927654038516274	0.	0.	0.	0.0005120048303510578	0.	0.
2.2931823901186212	0.	0.	0.	0.0005120563467438148	0.	0.
2.29359897640178	0.	0.	0.	0.0005121105518534231	0.	0.
2.294015163467718	0.	0.	0.	0.0005121674999977159	0.	0.
2.294430952080847	0.	0.	0.	0.000512227245286613	0.	0.
2.294846343003386	0.	0.	0.	0.0005122898416231144	0.	0.
2.295261336995368	0.	0.	0.	0.0005123553427042885	0.	0.
2.2956759348146516	0.	0.	0.	0.0005124238020222545	0.	0.
2.296090137216924	0.	0.	0.	0.0005124952728651597	0.	0.
2.296503944955715	0.	0.	0.	0.0005125698083181501	0.	0.
2.2969173587824003	0.	0.	0.	0.0005126474612643366	0.	0.
2.2973303794462128	0.	0.	0.	0.0005127282843857556	0.	0.
2.29774300769425	0.	0.	0.	0.0005128123301643227	0.	0.
2.298155244271483	0.	0.	0.	0.0005128996508827829	0.	0.
2.2985670899207604	0.	0.	0.	0.0005129902986256544	0.	0.
2.2989785453828224	0.	0.	0.	0.0005130843252801669	0.	0.
2.2993896113963053	0.	0.	0.	0.000513181782537195	0.	0.
2.2998002886977487	0.	0.	0.	0.0005132827218921862	0.	0.
2.300210578021605	0.	0.	0.	0.0005133871946460833	0.	0.
2.3006204801002488	0.	0.	0.	0.0005134952519062426	0.	0.
2.301029995663981	0.	0.	0.	0.000513606944587345	0.	0.