-4 -2 4.79999e-09 
-4 -1.92 1.00275e-08 
-4 -1.84 2.09472e-08 
-4 -1.76 4.3755e-08 
-4 -1.68 9.13874e-08 
-4 -1.6 1.90845e-07 
-4 -1.52 3.98461e-07 
-4 -1.44 8.31687e-07 
-4 -1.36 1.73518e-06 
-4 -1.28 3.61788e-06 
-4 -1.2 7.53651e-06 
-4 -1.12 1.56791e-05 
-4 -1.04 3.25578e-05 
-4 -0.96 6.74255e-05 
-4 -0.88 0.000139101 
-4 -0.8 0.000285414 
-4 -0.72 0.000581171 
-4 -0.64 0.00117091 
-4 -0.56 0.00232511 
-4 -0.48 0.00452859 
-4 -0.4 0.00860245 
-4 -0.32 0.015841 
-4 -0.24 0.0281079 
-4 -0.16 0.0477727 
-4 -0.08 0.0772384 
-4 6.93889e-16 0.117703 
-4 0.08 0.167051 
-4 0.16 0.217583 
-4 0.24 0.255418 
-4 0.32 0.264423 
-4 0.4 0.235835 
-4 0.48 0.178915 
-4 0.56 0.124406 
-4 0.64 0.108133 
-4 0.72 0.137852 
-4 0.8 0.190117 
-4 0.88 0.232216 
-4 0.96 0.241075 
-4 1.04 0.219811 
-4 1.12 0.181924 
-4 1.2 0.119249 
-4 1.28 0.076692 
-4 1.36 0.0755719 
-4 1.44 0.104964 
-4 1.52 0.131481 
-4 1.6 0.105388 
-4 1.68 0.105936 
-4 1.76 0.103588 
-4 1.84 0.0741879 
-4 1.92 0.0703704 
-4 2 0.0956402 
-3.92 -2 6.93809e-09 
-3.92 -1.92 1.44942e-08 
-3.92 -1.84 3.02779e-08 
-3.92 -1.76 6.32452e-08 
-3.92 -1.68 1.32095e-07 
-3.92 -1.6 2.75856e-07 
-3.92 -1.52 5.75952e-07 
-3.92 -1.44 1.20215e-06 
-3.92 -1.36 2.50809e-06 
-3.92 -1.28 5.22942e-06 
-3.92 -1.2 1.08936e-05 
-3.92 -1.12 2.26631e-05 
-3.92 -1.04 4.70604e-05 
-3.92 -0.96 9.74595e-05 
-3.92 -0.88 0.000201062 
-3.92 -0.8 0.000412549 
-3.92 -0.72 0.000840046 
-3.92 -0.64 0.00169247 
-3.92 -0.56 0.00336077 
-3.92 -0.48 0.00654567 
-3.92 -0.4 0.0124338 
-3.92 -0.32 0.0228955 
-3.92 -0.24 0.0406232 
-3.92 -0.16 0.0690378 
-3.92 -0.08 0.111605 
-3.92 6.93889e-16 0.170043 
-3.92 0.08 0.241283 
-3.92 0.16 0.314198 
-3.92 0.24 0.368772 
-3.92 0.32 0.381758 
-3.92 0.4 0.340528 
-3.92 0.48 0.258405 
-3.92 0.56 0.179722 
-3.92 0.64 0.156224 
-3.92 0.72 0.199134 
-3.92 0.8 0.27457 
-3.92 0.88 0.335308 
-3.92 0.96 0.348085 
-3.92 1.04 0.317413 
-3.92 1.12 0.262748 
-3.92 1.2 0.172276 
-3.92 1.28 0.110816 
-3.92 1.36 0.109198 
-3.92 1.44 0.151648 
-3.92 1.52 0.189936 
-3.92 1.6 0.152261 
-3.92 1.68 0.153052 
-3.92 1.76 0.149661 
-3.92 1.84 0.107199 
-3.92 1.92 0.101684 
-3.92 2 0.138183 
-3.84 -2 1.00286e-08 
-3.84 -1.92 2.09504e-08 
-3.84 -1.84 4.37648e-08 
-3.84 -1.76 9.14171e-08 
-3.84 -1.68 1.90935e-07 
-3.84 -1.6 3.98733e-07 
-3.84 -1.52 8.32504e-07 
-3.84 -1.44 1.73764e-06 
-3.84 -1.36 3.6253e-06 
-3.84 -1.28 7.55882e-06 
-3.84 -1.2 1.5746e-05 
-3.84 -1.12 3.27582e-05 
-3.84 -1.04 6.80229e-05 
-3.84 -0.96 0.000140872 
-3.84 -0.88 0.000290622 
-3.84 -0.8 0.000596313 
-3.84 -0.72 0.00121423 
-3.84 -0.64 0.00244634 
-3.84 -0.56 0.00485772 
-3.84 -0.48 0.00946109 
-3.84 -0.4 0.0179714 
-3.84 -0.32 0.0330907 
-3.84 -0.24 0.0587078 
-3.84 -0.16 0.0997593 
-3.84 -0.08 0.161238 
-3.84 6.93889e-16 0.245601 
-3.84 0.08 0.348385 
-3.84 0.16 0.45352 
-3.84 0.24 0.532163 
-3.84 0.32 0.550872 
-3.84 0.4 0.491467 
-3.84 0.48 0.37308 
-3.84 0.56 0.259569 
-3.84 0.64 0.225655 
-3.84 0.72 0.287582 
-3.84 0.8 0.396389 
-3.84 0.88 0.483945 
-3.84 0.96 0.502357 
-3.84 1.04 0.458153 
-3.84 1.12 0.379342 
-3.84 1.2 0.248824 
-3.84 1.28 0.160099 
-3.84 1.36 0.157762 
-3.84 1.44 0.219051 
-3.84 1.52 0.274309 
-3.84 1.6 0.219935 
-3.84 1.68 0.221077 
-3.84 1.76 0.216181 
-3.84 1.84 0.154875 
-3.84 1.92 0.146912 
-3.84 2 0.199613 
-3.76 -2 1.44957e-08 
-3.76 -1.92 3.02826e-08 
-3.76 -1.84 6.32595e-08 
-3.76 -1.76 1.32138e-07 
-3.76 -1.68 2.75985e-07 
-3.76 -1.6 5.76344e-07 
-3.76 -1.52 1.20333e-06 
-3.76 -1.44 2.51165e-06 
-3.76 -1.36 5.24015e-06 
-3.76 -1.28 1.09258e-05 
-3.76 -1.2 2.27599e-05 
-3.76 -1.12 4.735e-05 
-3.76 -1.04 9.8323e-05 
-3.76 -0.96 0.000203622 
-3.76 -0.88 0.000420077 
-3.76 -0.8 0.000861932 
-3.76 -0.72 0.00175509 
-3.76 -0.64 0.003536 
-3.76 -0.56 0.00702139 
-3.76 -0.48 0.0136749 
-3.76 -0.4 0.0259745 
-3.76 -0.32 0.0478236 
-3.76 -0.24 0.0848364 
-3.76 -0.16 0.144132 
-3.76 -0.08 0.232893 
-3.76 6.93889e-16 0.354614 
-3.76 0.08 0.50279 
-3.76 0.16 0.654214 
-3.76 0.24 0.767391 
-3.76 0.32 0.794303 
-3.76 0.4 0.708835 
-3.76 0.48 0.53837 
-3.76 0.56 0.374758 
-3.76 0.64 0.325844 
-3.76 0.72 0.41515 
-3.76 0.8 0.571947 
-3.76 0.88 0.698008 
-3.76 0.96 0.724506 
-3.76 1.04 0.660884 
-3.76 1.12 0.547392 
-3.76 1.2 0.359262 
-3.76 1.28 0.231248 
-3.76 1.36 0.227876 
-3.76 1.44 0.316316 
-3.76 1.52 0.396014 
-3.76 1.6 0.317592 
-3.76 1.68 0.31924 
-3.76 1.76 0.312176 
-3.76 1.84 0.223709 
-3.76 1.92 0.212213 
-3.76 2 0.288272 
-3.68 -2 2.09527e-08 
-3.68 -1.92 4.37717e-08 
-3.68 -1.84 9.14377e-08 
-3.68 -1.76 1.90997e-07 
-3.68 -1.68 3.9892e-07 
-3.68 -1.6 8.3307e-07 
-3.68 -1.52 1.73935e-06 
-3.68 -1.44 3.63044e-06 
-3.68 -1.36 7.57432e-06 
-3.68 -1.28 1.57926e-05 
-3.68 -1.2 3.28981e-05 
-3.68 -1.12 6.84415e-05 
-3.68 -1.04 0.00014212 
-3.68 -0.96 0.000294322 
-3.68 -0.88 0.000607194 
-3.68 -0.8 0.00124587 
-3.68 -0.72 0.00253685 
-3.68 -0.64 0.00511099 
-3.68 -0.56 0.0101487 
-3.68 -0.48 0.019765 
-3.68 -0.4 0.0375402 
-3.68 -0.32 0.0691115 
-3.68 -0.24 0.12258 
-3.68 -0.16 0.208201 
-3.68 -0.08 0.336284 
-3.68 6.93889e-16 0.511764 
-3.68 0.08 0.725129 
-3.68 0.16 0.942879 
-3.68 0.24 1.10544 
-3.68 0.32 1.14407 
-3.68 0.4 1.02135 
-3.68 0.48 0.776319 
-3.68 0.56 0.540788 
-3.68 0.64 0.470305 
-3.68 0.72 0.598967 
-3.68 0.8 0.824614 
-3.68 0.88 1.0058 
-3.68 0.96 1.04386 
-3.68 1.04 0.952464 
-3.68 1.12 0.789297 
-3.68 1.2 0.518462 
-3.68 1.28 0.333911 
-3.68 1.36 0.329047 
-3.68 1.44 0.456572 
-3.68 1.52 0.571406 
-3.68 1.6 0.458412 
-3.68 1.68 0.460786 
-3.68 1.76 0.450605 
-3.68 1.84 0.323035 
-3.68 1.92 0.306452 
-3.68 2 0.416145 
-3.6 -2 3.02859e-08 
-3.6 -1.92 6.32693e-08 
-3.6 -1.84 1.32168e-07 
-3.6 -1.76 2.76075e-07 
-3.6 -1.68 5.76615e-07 
-3.6 -1.6 1.20415e-06 
-3.6 -1.52 2.51412e-06 
-3.6 -1.44 5.24759e-06 
-3.6 -1.36 1.09482e-05 
-3.6 -1.28 2.28273e-05 
-3.6 -1.2 4.75522e-05 
-3.6 -1.12 9.89281e-05 
-3.6 -1.04 0.000205426 
-3.6 -0.96 0.000425425 
-3.6 -0.88 0.00087766 
-3.6 -0.8 0.00180082 
-3.6 -0.72 0.00366683 
-3.6 -0.64 0.00738746 
-3.6 -0.56 0.0146686 
-3.6 -0.48 0.0285666 
-3.6 -0.4 0.054253 
-3.6 -0.32 0.0998657 
-3.6 -0.24 0.177085 
-3.6 -0.16 0.300662 
-3.6 -0.08 0.485351 
-3.6 6.93889e-16 0.738042 
-3.6 0.08 1.04476 
-3.6 0.16 1.35717 
-3.6 0.24 1.59002 
-3.6 0.32 1.6453 
-3.6 0.4 1.46962 
-3.6 0.48 1.11826 
-3.6 0.56 0.779798 
-3.6 0.64 0.678376 
-3.6 0.72 0.863467 
-3.6 0.8 1.18757 
-3.6 0.88 1.44734 
-3.6 0.96 1.50185 
-3.6 1.04 1.37091 
-3.6 1.12 1.13688 
-3.6 1.2 0.747678 
-3.6 1.28 0.481931 
-3.6 1.36 0.474921 
-3.6 1.44 0.658608 
-3.6 1.52 0.823836 
-3.6 1.6 0.661256 
-3.6 1.68 0.664675 
-3.6 1.76 0.650018 
-3.6 1.84 0.466257 
-3.6 1.92 0.442354 
-3.6 2 0.6004 
-3.52 -2 4.37764e-08 
-3.52 -1.92 9.1452e-08 
-3.52 -1.84 1.9104e-07 
-3.52 -1.76 3.9905e-07 
-3.52 -1.68 8.33463e-07 
-3.52 -1.6 1.74053e-06 
-3.52 -1.52 3.63401e-06 
-3.52 -1.44 7.58507e-06 
-3.52 -1.36 1.5825e-05 
-3.52 -1.28 3.29954e-05 
-3.52 -1.2 6.87338e-05 
-3.52 -1.12 0.000142995 
-3.52 -1.04 0.00029693 
-3.52 -0.96 0.000614925 
-3.52 -0.88 0.0012686 
-3.52 -0.8 0.00260295 
-3.52 -0.72 0.00530009 
-3.52 -0.64 0.0106778 
-3.52 -0.56 0.0212012 
-3.52 -0.48 0.041286 
-3.52 -0.4 0.0784005 
-3.52 -0.32 0.144286 
-3.52 -0.24 0.255764 
-3.52 -0.16 0.434008 
-3.52 -0.08 0.700032 
-3.52 6.93889e-16 1.0633 
-3.52 0.08 1.50314 
-3.52 0.16 1.94993 
-3.52 0.24 2.28211 
-3.52 0.32 2.36088 
-3.52 0.4 2.11043 
-3.52 0.48 1.60836 
-3.52 0.56 1.12325 
-3.52 0.64 0.977598 
-3.52 0.72 1.24331 
-3.52 0.8 1.70753 
-3.52 0.88 2.07864 
-3.52 0.96 2.15641 
-3.52 1.04 1.96955 
-3.52 1.12 1.63502 
-3.52 1.2 1.07714 
-3.52 1.28 0.695111 
-3.52 1.36 0.68502 
-3.52 1.44 0.949194 
-3.52 1.52 1.18645 
-3.52 1.6 0.952999 
-3.52 1.68 0.957911 
-3.52 1.76 0.93685 
-3.52 1.84 0.67255 
-3.52 1.92 0.638139 
-3.52 2 0.865527 
-3.44 -2 6.32761e-08 
-3.44 -1.92 1.32188e-07 
-3.44 -1.84 2.76138e-07 
-3.44 -1.76 5.76803e-07 
-3.44 -1.68 1.20472e-06 
-3.44 -1.6 2.51583e-06 
-3.44 -1.52 5.25274e-06 
-3.44 -1.44 1.09638e-05 
-3.44 -1.36 2.28741e-05 
-3.44 -1.28 4.76929e-05 
-3.44 -1.2 9.93505e-05 
-3.44 -1.12 0.00020669 
-3.44 -1.04 0.000429194 
-3.44 -0.96 0.000888834 
-3.44 -0.88 0.00183367 
-3.44 -0.8 0.00376236 
-3.44 -0.72 0.00766079 
-3.44 -0.64 0.0154334 
-3.44 -0.56 0.0306422 
-3.44 -0.48 0.0596655 
-3.44 -0.4 0.113284 
-3.44 -0.32 0.208422 
-3.44 -0.24 0.36927 
-3.44 -0.16 0.626122 
-3.44 -0.08 1.00871 
-3.44 6.93889e-16 1.52969 
-3.44 0.08 2.15824 
-3.44 0.16 2.79423 
-3.44 0.24 3.26546 
-3.44 0.32 3.37699 
-3.44 0.4 3.02209 
-3.44 0.48 2.30825 
-3.44 0.56 1.61551 
-3.44 0.64 1.40693 
-3.44 0.72 1.78723 
-3.44 0.8 2.44949 
-3.44 0.88 2.97699 
-3.44 0.96 3.08731 
-3.44 1.04 2.8221 
-3.44 1.12 2.34623 
-3.44 1.2 1.5495 
-3.44 1.28 1.00164 
-3.44 1.36 0.987144 
-3.44 1.44 1.36623 
-3.44 1.52 1.70593 
-3.44 1.6 1.37168 
-3.44 1.68 1.37872 
-3.44 1.76 1.34853 
-3.44 1.84 0.969227 
-3.44 1.92 0.919777 
-3.44 2 1.24626 
-3.36 -2 9.14619e-08 
-3.36 -1.92 1.9107e-07 
-3.36 -1.84 3.9914e-07 
-3.36 -1.76 8.33734e-07 
-3.36 -1.68 1.74135e-06 
-3.36 -1.6 3.63648e-06 
-3.36 -1.52 7.59253e-06 
-3.36 -1.44 1.58475e-05 
-3.36 -1.36 3.30631e-05 
-3.36 -1.28 6.89372e-05 
-3.36 -1.2 0.000143605 
-3.36 -1.12 0.000298757 
-3.36 -1.04 0.000620373 
-3.36 -0.96 0.00128475 
-3.36 -0.88 0.00265044 
-3.36 -0.8 0.00543818 
-3.36 -0.72 0.0110728 
-3.36 -0.64 0.0223065 
-3.36 -0.56 0.0442854 
-3.36 -0.48 0.08622 
-3.36 -0.4 0.163662 
-3.36 -0.32 0.300982 
-3.36 -0.24 0.532881 
-3.36 -0.16 0.902505 
-3.36 -0.08 1.45151 
-3.36 6.93889e-16 2.19611 
-3.36 0.08 3.0899 
-3.36 0.16 3.98924 
-3.36 0.24 4.65235 
-3.36 0.32 4.8089 
-3.36 0.4 4.31022 
-3.36 0.48 3.30248 
-3.36 0.56 2.31843 
-3.36 0.64 2.02097 
-3.36 0.72 2.56293 
-3.36 0.8 3.50238 
-3.36 0.88 4.24674 
-3.36 0.96 4.40199 
-3.36 1.04 4.02854 
-3.36 1.12 3.35626 
-3.36 1.2 2.22436 
-3.36 1.28 1.44138 
-3.36 1.36 1.42061 
-3.36 1.44 1.96285 
-3.36 1.52 2.44722 
-3.36 1.6 1.97064 
-3.36 1.68 1.98069 
-3.36 1.76 1.93758 
-3.36 1.84 1.39494 
-3.36 1.92 1.32406 
-3.36 2 1.79145 
-3.28 -2 1.32203e-07 
-3.28 -1.92 2.76181e-07 
-3.28 -1.84 5.76933e-07 
-3.28 -1.76 1.20511e-06 
-3.28 -1.68 2.51702e-06 
-3.28 -1.6 5.25632e-06 
-3.28 -1.52 1.09745e-05 
-3.28 -1.44 2.29065e-05 
-3.28 -1.36 4.77907e-05 
-3.28 -1.28 9.96445e-05 
-3.28 -1.2 0.000207572 
-3.28 -1.12 0.000431835 
-3.28 -1.04 0.000896709 
-3.28 -0.96 0.00185702 
-3.28 -0.88 0.00383101 
-3.28 -0.8 0.00786037 
-3.28 -0.72 0.0160043 
-3.28 -0.64 0.0322394 
-3.28 -0.56 0.0639993 
-3.28 -0.48 0.124578 
-3.28 -0.4 0.236391 
-3.28 -0.32 0.43447 
-3.28 -0.24 0.768424 
-3.28 -0.16 1.29929 
-3.28 -0.08 2.08459 
-3.28 6.93889e-16 3.1436 
-3.28 0.08 4.40563 
-3.28 0.16 5.66553 
-3.28 0.24 6.58816 
-3.28 0.32 6.8052 
-3.28 0.4 6.11281 
-3.28 0.48 4.70433 
-3.28 0.56 3.3169 
-3.28 0.64 2.89513 
-3.28 0.72 3.66274 
-3.28 0.8 4.98471 
-3.28 0.88 6.02445 
-3.28 0.96 6.24044 
-3.28 1.04 5.72035 
-3.28 1.12 4.77981 
-3.28 1.2 3.18363 
-3.28 1.28 2.07013 
-3.28 1.36 2.04049 
-3.28 1.44 2.81259 
-3.28 1.52 3.49917 
-3.28 1.6 2.82366 
-3.28 1.68 2.83793 
-3.28 1.76 2.77669 
-3.28 1.84 2.00385 
-3.28 1.92 1.90262 
-3.28 2 2.56894 
-3.2 -2 1.91091e-07 
-3.2 -1.92 3.99202e-07 
-3.2 -1.84 8.33922e-07 
-3.2 -1.76 1.74192e-06 
-3.2 -1.68 3.6382e-06 
-3.2 -1.6 7.59769e-06 
-3.2 -1.52 1.5863e-05 
-3.2 -1.44 3.311e-05 
-3.2 -1.36 6.90785e-05 
-3.2 -1.28 0.00014403 
-3.2 -1.2 0.000300033 
-3.2 -1.12 0.000624191 
-3.2 -1.04 0.00129613 
-3.2 -0.96 0.00268419 
-3.2 -0.88 0.0055374 
-3.2 -0.8 0.0113613 
-3.2 -0.72 0.0231316 
-3.2 -0.64 0.0465935 
-3.2 -0.56 0.0924808 
-3.2 -0.48 0.17997 
-3.2 -0.4 0.34133 
-3.2 -0.32 0.626787 
-3.2 -0.24 1.10692 
-3.2 -0.16 1.86724 
-3.2 -0.08 2.98542 
-3.2 6.93889e-16 4.48113 
-3.2 0.08 6.24551 
-3.2 0.16 7.9876 
-3.2 0.24 9.2513 
-3.2 0.32 9.54711 
-3.2 0.4 8.60149 
-3.2 0.48 6.66027 
-3.2 0.56 4.72458 
-3.2 0.64 4.13145 
-3.2 0.72 5.20928 
-3.2 0.8 7.0486 
-3.2 0.88 8.48041 
-3.2 0.96 8.77623 
-3.2 1.04 8.06298 
-3.2 1.12 6.7649 
-3.2 1.2 4.5374 
-3.2 1.28 2.96491 
-3.2 1.36 2.92285 
-3.2 1.44 4.01513 
-3.2 1.52 4.98021 
-3.2 1.6 4.03073 
-3.2 1.68 4.05085 
-3.2 1.76 3.96451 
-3.2 1.84 2.87081 
-3.2 1.92 2.72702 
-3.2 2 3.67123 
-3.12 -2 2.7621e-07 
-3.12 -1.92 5.77023e-07 
-3.12 -1.84 1.20538e-06 
-3.12 -1.76 2.51784e-06 
-3.12 -1.68 5.25879e-06 
-3.12 -1.6 1.0982e-05 
-3.12 -1.52 2.29291e-05 
-3.12 -1.44 4.78585e-05 
-3.12 -1.36 9.98488e-05 
-3.12 -1.28 0.000208187 
-3.12 -1.2 0.000433679 
-3.12 -1.12 0.000902228 
-3.12 -1.04 0.00187347 
-3.12 -0.96 0.00387979 
-3.12 -0.88 0.00800379 
-3.12 -0.8 0.0164212 
-3.12 -0.72 0.0334319 
-3.12 -0.64 0.0673341 
-3.12 -0.56 0.13362 
-3.12 -0.48 0.259927 
-3.12 -0.4 0.492623 
-3.12 -0.32 0.90346 
-3.12 -0.24 1.59214 
-3.12 -0.16 2.67672 
-3.12 -0.08 4.25861 
-3.12 6.93889e-16 6.35044 
-3.12 0.08 8.78316 
-3.12 0.16 11.1489 
-3.12 0.24 12.843 
-3.12 0.32 13.2369 
-3.12 0.4 11.9741 
-3.12 0.48 9.34963 
-3.12 0.56 6.68833 
-3.12 0.64 5.86385 
-3.12 0.72 7.35895 
-3.12 0.8 9.87818 
-3.12 0.88 11.8117 
-3.12 0.96 12.2083 
-3.12 1.04 11.2505 
-3.12 1.12 9.49222 
-3.12 1.2 6.42861 
-3.12 1.28 4.22974 
-3.12 1.36 4.1705 
-3.12 1.44 5.70166 
-3.12 1.52 7.04237 
-3.12 1.6 5.72341 
-3.12 1.68 5.75148 
-3.12 1.76 5.63102 
-3.12 1.84 4.0972 
-3.12 1.92 3.89443 
-3.12 2 5.22116 
-3.04 -2 3.99246e-07 
-3.04 -1.92 8.34052e-07 
-3.04 -1.84 1.74231e-06 
-3.04 -1.76 3.63938e-06 
-3.04 -1.68 7.60127e-06 
-3.04 -1.6 1.58738e-05 
-3.04 -1.52 3.31426e-05 
-3.04 -1.44 6.91766e-05 
-3.04 -1.36 0.000144325 
-3.04 -1.28 0.000300921 
-3.04 -1.2 0.000626856 
-3.04 -1.12 0.00130411 
-3.04 -1.04 0.00270797 
-3.04 -0.96 0.0056079 
-3.04 -0.88 0.0115686 
-3.04 -0.8 0.0237342 
-3.04 -0.72 0.0483166 
-3.04 -0.64 0.0972982 
-3.04 -0.56 0.193025 
-3.04 -0.48 0.375275 
-3.04 -0.4 0.710498 
-3.04 -0.32 1.30066 
-3.04 -0.24 2.28513 
-3.04 -0.16 3.82346 
-3.04 -0.08 6.04098 
-3.04 6.93889e-16 8.92667 
-3.04 0.08 12.2175 
-3.04 0.16 15.3527 
-3.04 0.24 17.5592 
-3.04 0.32 18.0678 
-3.04 0.4 16.4315 
-3.04 0.48 12.974 
-3.04 0.56 9.38789 
-3.04 0.64 8.26009 
-3.04 0.72 10.2993 
-3.04 0.8 13.6765 
-3.04 0.88 16.2198 
-3.04 0.96 16.7362 
-3.04 1.04 15.4858 
-3.04 1.12 13.1638 
-3.04 1.2 9.03349 
-3.04 1.28 6.00078 
-3.04 1.36 5.91826 
-3.04 1.44 8.03727 
-3.04 1.52 9.86971 
-3.04 1.6 8.06718 
-3.04 1.68 8.10576 
-3.04 1.76 7.94014 
-3.04 1.84 5.8161 
-3.04 1.92 5.53318 
-3.04 2 7.37535 
-2.96 -2 5.77085e-07 
-2.96 -1.92 1.20557e-06 
-2.96 -1.84 2.5184e-06 
-2.96 -1.76 5.26051e-06 
-2.96 -1.68 1.09872e-05 
-2.96 -1.6 2.29447e-05 
-2.96 -1.52 4.79056e-05 
-2.96 -1.44 9.99906e-05 
-2.96 -1.36 0.000208614 
-2.96 -1.28 0.000434963 
-2.96 -1.2 0.00090608 
-2.96 -1.12 0.001885 
-2.96 -1.04 0.00391416 
-2.96 -0.96 0.00810568 
-2.96 -0.88 0.0167208 
-2.96 -0.8 0.0343027 
-2.96 -0.72 0.0698238 
-2.96 -0.64 0.140578 
-2.96 -0.56 0.278767 
-2.96 -0.48 0.541532 
-2.96 -0.4 1.02374 
-2.96 -0.32 1.8692 
-2.96 -0.24 3.26974 
-2.96 -0.16 5.43403 
-2.96 -0.08 8.50306 
-2.96 6.93889e-16 12.4095 
-2.96 0.08 16.7482 
-2.96 0.16 20.7709 
-2.96 0.24 23.5396 
-2.96 0.32 24.1706 
-2.96 0.4 22.1309 
-2.96 0.48 17.7286 
-2.96 0.56 13.025 
-2.96 0.64 11.5158 
-2.96 0.72 14.234 
-2.96 0.8 18.6334 
-2.96 0.88 21.8649 
-2.96 0.96 22.5128 
-2.96 1.04 20.9394 
-2.96 1.12 17.9736 
-2.96 1.2 12.5523 
-2.96 1.28 8.44795 
-2.96 1.36 8.33477 
-2.96 1.44 11.2159 
-2.96 1.52 13.6653 
-2.96 1.6 11.2561 
-2.96 1.68 11.3081 
-2.96 1.76 11.0849 
-2.96 1.84 8.19453 
-2.96 1.92 7.8055 
-2.96 2 10.3215 
-2.88 -2 8.34142e-07 
-2.88 -1.92 1.74258e-06 
-2.88 -1.84 3.6402e-06 
-2.88 -1.76 7.60374e-06 
-2.88 -1.68 1.58813e-05 
-2.88 -1.6 3.31651e-05 
-2.88 -1.52 6.92446e-05 
-2.88 -1.44 0.00014453 
-2.88 -1.36 0.000301538 
-2.88 -1.28 0.000628711 
-2.88 -1.2 0.00130968 
-2.88 -1.12 0.00272463 
-2.88 -1.04 0.00565758 
-2.88 -0.96 0.0117158 
-2.88 -0.88 0.0241671 
-2.88 -0.8 0.0495749 
-2.88 -0.72 0.100895 
-2.88 -0.64 0.203069 
-2.88 -0.56 0.402441 
-2.88 -0.48 0.780868 
-2.88 -0.4 1.47304 
-2.88 -0.32 2.67951 
-2.88 -0.24 4.65836 
-2.88 -0.16 7.66893 
-2.88 -0.08 11.8421 
-2.88 6.93889e-16 16.9976 
-2.88 0.08 22.5279 
-2.88 0.16 27.4805 
-2.88 0.24 30.796 
-2.88 0.32 31.5412 
-2.88 0.4 29.1184 
-2.88 0.48 23.7501 
-2.88 0.56 17.7944 
-2.88 0.64 15.8332 
-2.88 0.72 19.3477 
-2.88 0.8 24.8693 
-2.88 0.88 28.7995 
-2.88 0.96 29.5751 
-2.88 1.04 27.6845 
-2.88 1.12 24.054 
-2.88 1.2 17.1828 
-2.88 1.28 11.7682 
-2.88 1.36 11.6161 
-2.88 1.44 15.4404 
-2.88 1.52 18.619 
-2.88 1.6 15.4933 
-2.88 1.68 15.5613 
-2.88 1.76 15.2687 
-2.88 1.84 11.4276 
-2.88 1.92 10.9033 
-2.88 2 14.2634 
-2.8 -2 1.2057e-06 
-2.8 -1.92 2.5188e-06 
-2.8 -1.84 5.26169e-06 
-2.8 -1.76 1.09908e-05 
-2.8 -1.68 2.29555e-05 
-2.8 -1.6 4.79382e-05 
-2.8 -1.52 0.000100089 
-2.8 -1.44 0.00020891 
-2.8 -1.36 0.000435855 
-2.8 -1.28 0.000908762 
-2.8 -1.2 0.00189305 
-2.8 -1.12 0.00393825 
-2.8 -1.04 0.00817749 
-2.8 -0.96 0.0169337 
-2.8 -0.88 0.0349284 
-2.8 -0.8 0.0716417 
-2.8 -0.72 0.145772 
-2.8 -0.64 0.293259 
-2.8 -0.56 0.580663 
-2.8 -0.48 1.12479 
-2.8 -0.4 2.11531 
-2.8 -0.32 3.82738 
-2.8 -0.24 6.59651 
-2.8 -0.16 10.7188 
-2.8 -0.08 16.2594 
-2.8 6.93889e-16 22.8398 
-2.8 0.08 29.5931 
-2.8 0.16 35.3894 
-2.8 0.24 39.144 
-2.8 0.32 39.9746 
-2.8 0.4 37.2566 
-2.8 0.48 31.045 
-2.8 0.56 23.8317 
-2.8 0.64 21.3781 
-2.8 0.72 25.747 
-2.8 0.8 32.3621 
-2.8 0.88 36.8949 
-2.8 0.96 37.7729 
-2.8 1.04 35.6233 
-2.8 1.12 31.4038 
-2.8 1.2 23.0709 
-2.8 1.28 16.1629 
-2.8 1.36 15.9644 
-2.8 1.44 20.882 
-2.8 1.52 24.8516 
-2.8 1.6 20.9488 
-2.8 1.68 21.0349 
-2.8 1.76 20.6645 
-2.8 1.84 15.7178 
-2.8 1.92 15.0301 
-2.8 2 19.3852 
-2.72 -2 1.74277e-06 
-2.72 -1.92 3.64077e-06 
-2.72 -1.84 7.60546e-06 
-2.72 -1.76 1.58865e-05 
-2.72 -1.68 3.31807e-05 
-2.72 -1.6 6.92917e-05 
-2.72 -1.52 0.000144672 
-2.72 -1.44 0.000301966 
-2.72 -1.36 0.00063 
-2.72 -1.28 0.00131355 
-2.72 -1.2 0.00273627 
-2.72 -1.12 0.0056924 
-2.72 -1.04 0.0118196 
-2.72 -0.96 0.0244748 
-2.72 -0.88 0.050479 
-2.72 -0.8 0.103521 
-2.72 -0.72 0.210567 
-2.72 -0.64 0.423336 
-2.72 -0.56 0.837148 
-2.72 -0.48 1.61771 
-2.72 -0.4 3.02901 
-2.72 -0.32 5.43951 
-2.72 -0.24 9.26268 
-2.72 -0.16 14.7874 
-2.72 -0.08 21.9148 
-2.72 6.93889e-16 29.965 
-2.72 0.08 37.7932 
-2.72 0.16 44.1876 
-2.72 0.24 48.1796 
-2.72 0.32 49.0474 
-2.72 0.4 46.1871 
-2.72 0.48 39.4221 
-2.72 0.56 31.1415 
-2.72 0.64 28.2141 
-2.72 0.72 33.3867 
-2.72 0.8 40.8839 
-2.72 0.88 45.8021 
-2.72 0.96 46.735 
-2.72 1.04 44.4396 
-2.72 1.12 39.8218 
-2.72 1.2 30.2399 
-2.72 1.28 21.7935 
-2.72 1.36 21.5436 
-2.72 1.44 27.615 
-2.72 1.52 32.3413 
-2.72 1.6 27.6958 
-2.72 1.68 27.7999 
-2.72 1.76 27.3517 
-2.72 1.84 21.2325 
-2.72 1.92 20.3618 
-2.72 2 25.793 
-2.64 -2 2.51907e-06 
-2.64 -1.92 5.26251e-06 
-2.64 -1.84 1.09932e-05 
-2.64 -1.76 2.29629e-05 
-2.64 -1.68 4.79607e-05 
-2.64 -1.6 0.000100157 
-2.64 -1.52 0.000209115 
-2.64 -1.44 0.000436473 
-2.64 -1.36 0.000910625 
-2.64 -1.28 0.00189865 
-2.64 -1.2 0.00395506 
-2.64 -1.12 0.00822781 
-2.64 -1.04 0.0170837 
-2.64 -0.96 0.0353729 
-2.64 -0.88 0.072948 
-2.64 -0.8 0.149564 
-2.64 -0.72 0.304077 
-2.64 -0.64 0.610755 
-2.64 -0.56 1.20555 
-2.64 -0.48 2.32157 
-2.64 -0.4 4.31997 
-2.64 -0.32 7.67649 
-2.64 -0.24 12.8581 
-2.64 -0.16 20.0534 
-2.64 -0.08 28.8593 
-2.64 6.93889e-16 38.2121 
-2.64 0.08 46.7565 
-2.64 0.16 53.3665 
-2.64 0.24 57.3358 
-2.64 0.32 58.1833 
-2.64 0.4 55.3692 
-2.64 0.48 48.4707 
-2.64 0.56 39.5297 
-2.64 0.64 36.2287 
-2.64 0.72 42.0107 
-2.64 0.8 49.9912 
-2.64 0.88 54.9859 
-2.64 0.96 55.9129 
-2.64 1.04 53.6205 
-2.64 1.12 48.8881 
-2.64 1.2 38.5212 
-2.64 1.28 28.7137 
-2.64 1.36 28.4133 
-2.64 1.44 35.5437 
-2.64 1.52 40.8609 
-2.64 1.6 35.6363 
-2.64 1.68 35.7554 
-2.64 1.76 35.2415 
-2.64 1.84 28.0385 
-2.64 1.92 26.9843 
-2.64 2 33.4402 
-2.56 -2 3.64116e-06 
-2.56 -1.92 7.60664e-06 
-2.56 -1.84 1.58901e-05 
-2.56 -1.76 3.31915e-05 
-2.56 -1.68 6.93243e-05 
-2.56 -1.6 0.000144771 
-2.56 -1.52 0.000302263 
-2.56 -1.44 0.000630895 
-2.56 -1.36 0.00131625 
-2.56 -1.28 0.00274437 
-2.56 -1.2 0.0057167 
-2.56 -1.12 0.0118924 
-2.56 -1.04 0.0246915 
-2.56 -0.96 0.0511214 
-2.56 -0.88 0.105408 
-2.56 -0.8 0.216042 
-2.56 -0.72 0.438931 
-2.56 -0.64 0.880414 
-2.56 -0.56 1.73325 
-2.56 -0.48 3.32134 
-2.56 -0.4 6.12637 
-2.56 -0.32 10.729 
-2.56 -0.24 17.5788 
-2.56 -0.16 26.6091 
-2.56 -0.08 36.9628 
-2.56 6.93889e-16 47.1994 
-2.56 0.08 55.9342 
-2.56 0.16 62.3229 
-2.56 0.24 66.0154 
-2.56 0.32 66.7904 
-2.56 0.4 64.1991 
-2.56 0.48 57.6207 
-2.56 0.56 48.5832 
-2.56 0.64 45.0899 
-2.56 0.72 51.1518 
-2.56 0.8 59.099 
-2.56 0.88 63.842 
-2.56 0.96 64.7037 
-2.56 1.04 62.5624 
-2.56 1.12 58.0282 
-2.56 1.2 47.5253 
-2.56 1.28 36.7975 
-2.56 1.36 36.4557 
-2.56 1.44 44.3539 
-2.56 1.52 49.9674 
-2.56 1.6 44.4536 
-2.56 1.68 44.5818 
-2.56 1.76 44.028 
-2.56 1.84 36.0283 
-2.56 1.92 34.819 
-2.56 2 42.0693 
-2.48 -2 5.26308e-06 
-2.48 -1.92 1.09949e-05 
-2.48 -1.84 2.29681e-05 
-2.48 -1.76 4.79764e-05 
-2.48 -1.68 0.000100204 
-2.48 -1.6 0.000209257 
-2.48 -1.52 0.000436902 
-2.48 -1.44 0.000911918 
-2.48 -1.36 0.00190255 
-2.48 -1.28 0.00396677 
-2.48 -1.2 0.00826294 
-2.48 -1.12 0.0171888 
-2.48 -1.04 0.0356862 
-2.48 -0.96 0.073876 
-2.48 -0.88 0.152289 
-2.48 -0.8 0.311975 
-2.48 -0.72 0.63321 
-2.48 -0.64 1.26761 
-2.48 -0.56 2.48611 
-2.48 -0.48 4.7308 
-2.48 -0.4 8.62006 
-2.48 -0.32 14.8008 
-2.48 -0.24 23.564 
-2.48 -0.16 34.3861 
-2.48 -0.08 45.8745 
-2.48 6.93889e-16 56.372 
-2.48 0.08 64.7235 
-2.48 0.16 70.5097 
-2.48 0.24 73.7379 
-2.48 0.32 74.4051 
-2.48 0.4 72.1603 
-2.48 0.48 66.2764 
-2.48 0.56 57.7307 
-2.48 0.64 54.2739 
-2.48 0.72 60.2165 
-2.48 0.8 67.6224 
-2.48 0.88 71.8479 
-2.48 0.96 72.6006 
-2.48 1.04 70.7216 
-2.48 1.12 66.6489 
-2.48 1.2 56.6932 
-2.48 1.28 45.6981 
-2.48 1.36 45.333 
-2.48 1.44 53.5341 
-2.48 1.52 59.076 
-2.48 1.6 53.6346 
-2.48 1.68 53.7637 
-2.48 1.76 53.2053 
-2.48 1.84 44.875 
-2.48 1.92 43.571 
-2.48 2 51.2118 
-2.4 -2 7.60747e-06 
-2.4 -1.92 1.58925e-05 
-2.4 -1.84 3.3199e-05 
-2.4 -1.76 6.93469e-05 
-2.4 -1.68 0.000144839 
-2.4 -1.6 0.000302469 
-2.4 -1.52 0.000631515 
-2.4 -1.44 0.00131812 
-2.4 -1.36 0.00274999 
-2.4 -1.28 0.00573362 
-2.4 -1.2 0.0119431 
-2.4 -1.12 0.0248435 
-2.4 -1.04 0.0515741 
-2.4 -0.96 0.106748 
-2.4 -0.88 0.219975 
-2.4 -0.8 0.450315 
-2.4 -0.72 0.912693 
-2.4 -0.64 1.82197 
-2.4 -0.56 3.55416 
-2.4 -0.48 6.69697 
-2.4 -0.4 11.9991 
-2.4 -0.32 20.0705 
-2.4 -0.24 30.8249 
-2.4 -0.16 43.1012 
-2.4 -0.08 55.058 
-2.4 6.93889e-16 65.1284 
-2.4 0.08 72.6178 
-2.4 0.16 77.5582 
-2.4 0.24 80.2312 
-2.4 0.32 80.7764 
-2.4 0.4 78.9322 
-2.4 0.48 73.9631 
-2.4 0.56 66.377 
-2.4 0.64 63.1763 
-2.4 0.72 68.6306 
-2.4 0.8 75.1175 
-2.4 0.88 78.6733 
-2.4 0.96 79.2961 
-2.4 1.04 77.7354 
-2.4 1.12 74.2836 
-2.4 1.2 65.4246 
-2.4 1.28 54.8822 
-2.4 1.36 54.5173 
-2.4 1.44 62.481 
-2.4 1.52 67.6016 
-2.4 1.6 62.5757 
-2.4 1.68 62.6971 
-2.4 1.76 62.1707 
-2.4 1.84 54.0583 
-2.4 1.92 52.7428 
-2.4 2 60.274 
-2.32 -2 1.09961e-05 
-2.32 -1.92 2.29717e-05 
-2.32 -1.84 4.79872e-05 
-2.32 -1.76 0.000100237 
-2.32 -1.68 0.000209356 
-2.32 -1.6 0.0004372 
-2.32 -1.52 0.000912814 
-2.32 -1.44 0.00190525 
-2.32 -1.36 0.0039749 
-2.32 -1.28 0.00828739 
-2.32 -1.2 0.0172622 
-2.32 -1.12 0.0359058 
-2.32 -1.04 0.0745301 
-2.32 -0.96 0.154225 
-2.32 -0.88 0.31765 
-2.32 -0.8 0.649601 
-2.32 -0.72 1.3139 
-2.32 -0.64 2.61235 
-2.32 -0.56 5.05726 
-2.32 -0.48 9.39966 
-2.32 -0.4 16.4639 
-2.32 -0.32 26.6299 
-2.32 -0.24 39.1763 
-2.32 -0.16 52.2657 
-2.32 -0.08 63.9093 
-2.32 6.93889e-16 72.97 
-2.32 0.08 79.3103 
-2.32 0.16 83.3205 
-2.32 0.24 85.4361 
-2.32 0.32 85.863 
-2.32 0.4 84.4126 
-2.32 0.48 80.4154 
-2.32 0.56 74.0497 
-2.32 0.64 71.2632 
-2.32 0.72 75.9752 
-2.32 0.8 81.3559 
-2.32 0.88 84.2076 
-2.32 0.96 84.7002 
-2.32 1.04 83.462 
-2.32 1.12 80.6772 
-2.32 1.2 73.227 
-2.32 1.28 63.7453 
-2.32 1.36 63.4043 
-2.32 1.44 70.6497 
-2.32 1.52 75.0997 
-2.32 1.6 70.7333 
-2.32 1.68 70.8407 
-2.32 1.76 70.3749 
-2.32 1.84 62.974 
-2.32 1.92 61.7331 
-2.32 2 68.6823 
-2.24 -2 1.58942e-05 
-2.24 -1.92 3.32042e-05 
-2.24 -1.84 6.93626e-05 
-2.24 -1.76 0.000144886 
-2.24 -1.68 0.000302611 
-2.24 -1.6 0.000631944 
-2.24 -1.52 0.00131941 
-2.24 -1.44 0.0027539 
-2.24 -1.36 0.00574538 
-2.24 -1.28 0.0119785 
-2.24 -1.2 0.0249495 
-2.24 -1.12 0.0518913 
-2.24 -1.04 0.107693 
-2.24 -0.96 0.22277 
-2.24 -0.88 0.458495 
-2.24 -0.8 0.93625 
-2.24 -0.72 1.88811 
-2.24 -0.64 3.73256 
-2.24 -0.56 7.14892 
-2.24 -0.48 13.0406 
-2.24 -0.4 22.1716 
-2.24 -0.32 34.4102 
-2.24 -0.24 48.2134 
-2.24 -0.16 61.2802 
-2.24 -0.08 71.9068 
-2.24 6.93889e-16 79.6006 
-2.24 0.08 84.7114 
-2.24 0.16 87.8354 
-2.24 0.24 89.4507 
-2.24 0.32 89.7741 
-2.24 0.4 88.672 
-2.24 0.48 85.5805 
-2.24 0.56 80.4863 
-2.24 0.64 78.1873 
-2.24 0.72 82.0499 
-2.24 0.8 86.3151 
-2.24 0.88 88.5154 
-2.24 0.96 88.8914 
-2.24 1.04 87.944 
-2.24 1.12 85.7855 
-2.24 1.2 79.812 
-2.24 1.28 71.7631 
-2.24 1.36 71.4637 
-2.24 1.44 77.6753 
-2.24 1.52 81.3414 
-2.24 1.6 77.7452 
-2.24 1.68 77.8349 
-2.24 1.76 77.4453 
-2.24 1.84 71.085 
-2.24 1.92 69.9864 
-2.24 2 76.019 
-2.16 -2 2.29742e-05 
-2.16 -1.92 4.79947e-05 
-2.16 -1.84 0.000100259 
-2.16 -1.76 0.000209424 
-2.16 -1.68 0.000437405 
-2.16 -1.6 0.000913435 
-2.16 -1.52 0.00190712 
-2.16 -1.44 0.00398054 
-2.16 -1.36 0.00830438 
-2.16 -1.28 0.0173133 
-2.16 -1.2 0.036059 
-2.16 -1.12 0.0749884 
-2.16 -1.04 0.155589 
-2.16 -0.96 0.321681 
-2.16 -0.88 0.661376 
-2.16 -0.8 1.34767 
-2.16 -0.72 2.70639 
-2.16 -0.64 5.30696 
-2.16 -0.56 10.0144 
-2.16 -0.48 17.8146 
-2.16 -0.4 29.1672 
-2.16 -0.32 43.1274 
-2.16 -0.24 57.369 
-2.16 -0.16 69.583 
-2.16 -0.08 78.7221 
-2.16 6.93889e-16 84.9403 
-2.16 0.08 88.8999 
-2.16 0.16 91.2563 
-2.16 0.24 92.4565 
-2.16 0.32 92.6952 
-2.16 0.4 91.8795 
-2.16 0.48 89.5602 
-2.16 0.56 85.636 
-2.16 0.64 83.8218 
-2.16 0.72 86.8544 
-2.16 0.8 90.1155 
-2.16 0.88 91.7631 
-2.16 0.96 92.0423 
-2.16 1.04 91.3375 
-2.16 1.12 89.7154 
-2.16 1.2 85.1067 
-2.16 1.28 78.6029 
-2.16 1.36 78.3542 
-2.16 1.44 83.414 
-2.16 1.52 86.3039 
-2.16 1.6 83.4698 
-2.16 1.68 83.5413 
-2.16 1.76 83.2304 
-2.16 1.84 78.0388 
-2.16 1.92 77.1194 
-2.16 2 82.0853 
-2.08 -2 3.32078e-05 
-2.08 -1.92 6.93734e-05 
-2.08 -1.84 0.000144919 
-2.08 -1.76 0.00030271 
-2.08 -1.68 0.000632242 
-2.08 -1.6 0.00132031 
-2.08 -1.52 0.0027566 
-2.08 -1.44 0.00575353 
-2.08 -1.36 0.012003 
-2.08 -1.28 0.0250233 
-2.08 -1.2 0.0521128 
-2.08 -1.12 0.108355 
-2.08 -1.04 0.224739 
-2.08 -0.96 0.464305 
-2.08 -0.88 0.953171 
-2.08 -0.8 1.93636 
-2.08 -0.72 3.86533 
-2.08 -0.64 7.49374 
-2.08 -0.56 13.8571 
-2.08 -0.48 23.8569 
-2.08 -0.4 37.3118 
-2.08 -0.32 52.2924 
-2.08 -0.24 66.0458 
-2.08 -0.16 76.78 
-2.08 -0.08 84.2463 
-2.08 6.93889e-16 89.0742 
-2.08 0.08 92.0486 
-2.08 0.16 93.7834 
-2.08 0.24 94.6569 
-2.08 0.32 94.8299 
-2.08 0.4 94.2378 
-2.08 0.48 92.5374 
-2.08 0.56 89.6023 
-2.08 0.64 88.2201 
-2.08 0.72 90.5215 
-2.08 0.8 92.9468 
-2.08 0.88 94.153 
-2.08 0.96 94.3562 
-2.08 1.04 93.8426 
-2.08 1.12 92.6519 
-2.08 1.2 89.2007 
-2.08 1.28 84.1518 
-2.08 1.36 83.9544 
-2.08 1.44 87.9072 
-2.08 1.52 90.1071 
-2.08 1.6 87.9501 
-2.08 1.68 88.005 
-2.08 1.76 87.766 
-2.08 1.84 83.7037 
-2.08 1.92 82.9696 
-2.08 2 86.8818 
-2 -2 4.79998e-05 
-2 -1.92 0.000100275 
-2 -1.84 0.000209471 
-2 -1.76 0.000437548 
-2 -1.68 0.000913865 
-2 -1.6 0.00190842 
-2 -1.52 0.00398446 
-2 -1.44 0.00831617 
-2 -1.36 0.0173487 
-2 -1.28 0.0361657 
-2 -1.2 0.0753084 
-2 -1.12 0.156545 
-2 -1.04 0.324522 
-2 -0.96 0.66974 
-2 -0.88 1.37193 
-2 -0.8 2.77495 
-2 -0.72 5.49253 
-2 -0.64 10.4819 
-2 -0.56 18.8652 
-2 -0.48 31.1712 
-2 -0.4 46.2458 
-2 -0.32 61.3055 
-2 -0.24 73.7642 
-2 -0.16 82.6976 
-2 -0.08 88.545 
-2 6.93889e-16 92.1778 
-2 0.08 94.3608 
-2 0.16 95.6151 
-2 0.24 96.2416 
-2 0.32 96.3653 
-2 0.4 95.9414 
-2 0.48 94.7156 
-2 0.56 92.5684 
-2 0.64 91.5433 
-2 0.72 93.2452 
-2 0.8 95.0119 
-2 0.88 95.8807 
-2 0.96 96.0263 
-2 1.04 95.6577 
-2 1.12 94.7986 
-2 1.2 92.2715 
-2 1.28 88.4727 
-2 1.36 88.3217 
-2 1.44 91.31 
-2 1.52 92.9405 
-2 1.6 91.342 
-2 1.68 91.3829 
-2 1.76 91.2045 
-2 1.84 88.1296 
-2 1.92 87.5653 
-2 2 90.5421 
-1.92 -2 6.93809e-05 
-1.92 -1.92 0.000144941 
-1.92 -1.84 0.000302778 
-1.92 -1.76 0.000632448 
-1.92 -1.68 0.00132093 
-1.92 -1.6 0.00275848 
-1.92 -1.52 0.00575919 
-1.92 -1.44 0.0120201 
-1.92 -1.36 0.0250746 
-1.92 -1.28 0.0522669 
-1.92 -1.2 0.108817 
-1.92 -1.12 0.226119 
-1.92 -1.04 0.468399 
-1.92 -0.96 0.965189 
-1.92 -0.88 1.97099 
-1.92 -0.8 3.96205 
-1.92 -0.72 7.74953 
-1.92 -0.64 14.4751 
-1.92 -0.56 25.1546 
-1.92 -0.48 39.5628 
-1.92 -0.4 55.4276 
-1.92 -0.32 69.6056 
-1.92 -0.24 80.2527 
-1.92 -0.16 87.3555 
-1.92 -0.08 91.7851 
-1.92 6.93889e-16 94.4547 
-1.92 0.08 96.0296 
-1.92 0.16 96.9249 
-1.92 0.24 97.3694 
-1.92 0.32 97.4569 
-1.92 0.4 97.1566 
-1.92 0.48 96.2836 
-1.92 0.56 94.7381 
-1.92 0.64 93.9929 
-1.92 0.72 95.2275 
-1.92 0.8 96.4952 
-1.92 0.88 97.1135 
-1.92 0.96 97.2168 
-1.92 1.04 96.9552 
-1.92 1.12 96.3429 
-1.92 1.2 94.5228 
-1.92 1.28 91.7314 
-1.92 1.36 91.619 
-1.92 1.44 93.8225 
-1.92 1.52 95.0074 
-1.92 1.6 93.8459 
-1.92 1.68 93.8758 
-1.92 1.76 93.7455 
-1.92 1.84 91.4758 
-1.92 1.92 91.0545 
-1.92 2 93.2603 
-1.84 -2 0.000100286 
-1.84 -1.92 0.000209504 
-1.84 -1.84 0.000437647 
-1.84 -1.76 0.000914163 
-1.84 -1.68 0.00190932 
-1.84 -1.6 0.00398717 
-1.84 -1.52 0.00832435 
-1.84 -1.44 0.0173734 
-1.84 -1.36 0.0362398 
-1.84 -1.28 0.0755311 
-1.84 -1.2 0.157213 
-1.84 -1.12 0.326512 
-1.84 -1.04 0.675634 
-1.84 -0.96 1.38915 
-1.84 -0.88 2.82416 
-1.84 -0.8 5.62758 
-1.84 -0.72 10.8277 
-1.84 -0.64 19.6555 
-1.84 -0.56 32.696 
-1.84 -0.48 48.6178 
-1.84 -0.4 64.2533 
-1.84 -0.32 76.7991 
-1.84 -0.24 85.4529 
-1.84 -0.16 90.8974 
-1.84 -0.08 94.169 
-1.84 6.93889e-16 96.0969 
-1.84 0.08 97.2192 
-1.84 0.16 97.8522 
-1.84 0.24 98.1652 
-1.84 0.32 98.2267 
-1.84 0.4 98.0155 
-1.84 0.48 97.3991 
-1.84 0.56 96.2996 
-1.84 0.64 95.7657 
-1.84 0.72 96.6489 
-1.84 0.8 97.5488 
-1.84 0.88 97.9851 
-1.84 0.96 98.0579 
-1.84 1.04 97.8735 
-1.84 1.12 97.4411 
-1.84 1.2 96.1456 
-1.84 1.28 94.1299 
-1.84 1.36 94.048 
-1.84 1.44 95.6433 
-1.84 1.52 96.492 
-1.84 1.6 95.6601 
-1.84 1.68 95.6816 
-1.84 1.76 95.5879 
-1.84 1.84 93.9436 
-1.84 1.92 93.6358 
-1.84 2 95.2384 
-1.76 -2 0.000144957 
-1.76 -1.92 0.000302825 
-1.76 -1.84 0.000632591 
-1.76 -1.76 0.00132136 
-1.76 -1.68 0.00275978 
-1.76 -1.6 0.00576311 
-1.76 -1.52 0.0120319 
-1.76 -1.44 0.0251102 
-1.76 -1.36 0.052374 
-1.76 -1.28 0.109139 
-1.76 -1.2 0.227082 
-1.76 -1.12 0.471269 
-1.76 -1.04 0.973657 
-1.76 -0.96 1.99558 
-1.76 -0.88 4.03143 
-1.76 -0.8 7.93541 
-1.76 -0.72 14.9307 
-1.76 -0.64 26.1236 
-1.76 -0.56 41.2521 
-1.76 -0.48 57.7644 
-1.76 -0.4 72.2077 
-1.76 -0.32 82.7129 
-1.76 -0.24 89.4635 
-1.76 -0.16 93.5208 
-1.76 -0.08 95.8922 
-1.76 6.93889e-16 97.2668 
-1.76 0.08 98.0595 
-1.76 0.16 98.5042 
-1.76 0.24 98.7234 
-1.76 0.32 98.7664 
-1.76 0.4 98.6186 
-1.76 0.48 98.1861 
-1.76 0.56 97.4105 
-1.76 0.64 97.0318 
-1.76 0.72 97.6574 
-1.76 0.8 98.2913 
-1.76 0.88 98.5973 
-1.76 0.96 98.6483 
-1.76 1.04 98.5191 
-1.76 1.12 98.2156 
-1.76 1.2 97.3014 
-1.76 1.28 95.8641 
-1.76 1.36 95.8053 
-1.76 1.44 96.9449 
-1.76 1.52 97.5465 
-1.76 1.6 96.9568 
-1.76 1.68 96.9721 
-1.76 1.76 96.9055 
-1.76 1.84 95.7303 
-1.76 1.92 95.5089 
-1.76 2 96.6567 
-1.68 -2 0.000209527 
-1.68 -1.92 0.000437715 
-1.68 -1.84 0.000914369 
-1.68 -1.76 0.00190994 
-1.68 -1.68 0.00398904 
-1.68 -1.6 0.00833001 
-1.68 -1.52 0.0173904 
-1.68 -1.44 0.0362913 
-1.68 -1.36 0.0756858 
-1.68 -1.28 0.157677 
-1.68 -1.2 0.327902 
-1.68 -1.12 0.679763 
-1.68 -1.04 1.40129 
-1.68 -0.96 2.85908 
-1.68 -0.88 5.72439 
-1.68 -0.8 11.0786 
-1.68 -0.72 20.2356 
-1.68 -0.64 33.8242 
-1.68 -0.56 50.3715 
-1.68 -0.48 66.4079 
-1.68 -0.4 78.9714 
-1.68 -0.32 87.3672 
-1.68 -0.24 92.4659 
-1.68 -0.16 95.4262 
-1.68 -0.08 97.1216 
-1.68 6.93889e-16 98.093 
-1.68 0.08 98.6494 
-1.68 0.16 98.9603 
-1.68 0.24 99.1133 
-1.68 0.32 99.1433 
-1.68 0.4 99.0402 
-1.68 0.48 98.738 
-1.68 0.56 98.1941 
-1.68 0.64 97.9276 
-1.68 0.72 98.3676 
-1.68 0.8 98.8116 
-1.68 0.88 99.0254 
-1.68 0.96 99.0609 
-1.68 1.04 98.9708 
-1.68 1.12 98.7587 
-1.68 1.2 98.1173 
-1.68 1.28 97.1017 
-1.68 1.36 97.06 
-1.68 1.44 97.8663 
-1.68 1.52 98.2897 
-1.68 1.6 97.8747 
-1.68 1.68 97.8855 
-1.68 1.76 97.8385 
-1.68 1.84 97.0067 
-1.68 1.92 96.8493 
-1.68 2 97.6629 
-1.6 -2 0.000302858 
-1.6 -1.92 0.000632689 
-1.6 -1.84 0.00132166 
-1.6 -1.76 0.00276068 
-1.6 -1.68 0.00576582 
-1.6 -1.6 0.0120401 
-1.6 -1.52 0.0251349 
-1.6 -1.44 0.0524483 
-1.6 -1.36 0.109362 
-1.6 -1.28 0.227753 
-1.6 -1.2 0.473271 
-1.6 -1.12 0.979591 
-1.6 -1.04 2.01291 
-1.6 -0.96 4.08066 
-1.6 -0.88 8.06853 
-1.6 -0.8 15.2603 
-1.6 -0.72 26.8309 
-1.6 -0.64 42.4891 
-1.6 -0.56 59.4662 
-1.6 -0.48 74.0763 
-1.6 -0.4 84.4437 
-1.6 -0.32 90.9062 
-1.6 -0.24 94.6638 
-1.6 -0.16 96.7904 
-1.6 -0.08 97.9908 
-1.6 6.93889e-16 98.6729 
-1.6 0.08 99.0617 
-1.6 0.16 99.2784 
-1.6 0.24 99.3849 
-1.6 0.32 99.4058 
-1.6 0.4 99.334 
-1.6 0.48 99.1235 
-1.6 0.56 98.7436 
-1.6 0.64 98.557 
-1.6 0.72 98.8649 
-1.6 0.8 99.1748 
-1.6 0.88 99.3237 
-1.6 0.96 99.3484 
-1.6 1.04 99.2857 
-1.6 1.12 99.1379 
-1.6 1.2 98.6899 
-1.6 1.28 97.9768 
-1.6 1.36 97.9474 
-1.6 1.44 98.5141 
-1.6 1.52 98.8105 
-1.6 1.6 98.52 
-1.6 1.68 98.5275 
-1.6 1.76 98.4946 
-1.6 1.84 97.9099 
-1.6 1.92 97.7989 
-1.6 2 98.3714 
-1.52 -2 0.000437762 
-1.52 -1.92 0.000914512 
-1.52 -1.84 0.00191037 
-1.52 -1.76 0.00399034 
-1.52 -1.68 0.00833393 
-1.52 -1.6 0.0174023 
-1.52 -1.52 0.0363269 
-1.52 -1.44 0.0757932 
-1.52 -1.36 0.158 
-1.52 -1.28 0.328869 
-1.52 -1.2 0.682646 
-1.52 -1.12 1.40979 
-1.52 -1.04 2.88368 
-1.52 -0.96 5.79305 
-1.52 -0.88 11.258 
-1.52 -0.8 20.6539 
-1.52 -0.72 34.6421 
-1.52 -0.64 51.6416 
-1.52 -0.56 67.9546 
-1.52 -0.48 80.508 
-1.52 -0.4 88.6957 
-1.52 -0.32 93.5273 
-1.52 -0.24 96.2465 
-1.52 -0.16 97.7573 
-1.52 -0.08 98.6013 
-1.52 6.93889e-16 99.0781 
-1.52 0.08 99.349 
-1.52 0.16 99.4997 
-1.52 0.24 99.5736 
-1.52 0.32 99.5881 
-1.52 0.4 99.5383 
-1.52 0.48 99.392 
-1.52 0.56 99.1274 
-1.52 0.64 98.9972 
-1.52 0.72 99.212 
-1.52 0.8 99.4277 
-1.52 0.88 99.5311 
-1.52 0.96 99.5483 
-1.52 1.04 99.5047 
-1.52 1.12 99.402 
-1.52 1.2 99.09 
-1.52 1.28 98.5915 
-1.52 1.36 98.5709 
-1.52 1.44 98.9673 
-1.52 1.52 99.174 
-1.52 1.6 98.9714 
-1.52 1.68 98.9766 
-1.52 1.76 98.9537 
-1.52 1.84 98.5446 
-1.52 1.92 98.4668 
-1.52 2 98.8676 
-1.44 -2 0.000632757 
-1.44 -1.92 0.00132187 
-1.44 -1.84 0.0027613 
-1.44 -1.76 0.0057677 
-1.44 -1.68 0.0120457 
-1.44 -1.6 0.025152 
-1.44 -1.52 0.0524999 
-1.44 -1.44 0.109518 
-1.44 -1.36 0.228219 
-1.44 -1.28 0.474665 
-1.44 -1.2 0.983732 
-1.44 -1.12 2.02505 
-1.44 -1.04 4.11533 
-1.44 -0.96 8.16287 
-1.44 -0.88 15.4956 
-1.44 -0.8 27.3388 
-1.44 -0.72 43.3793 
-1.44 -0.64 60.6852 
-1.44 -0.56 75.4007 
-1.44 -0.48 85.653 
-1.44 -0.4 91.8971 
-1.44 -0.32 95.4308 
-1.44 -0.24 97.3728 
-1.44 -0.16 98.4377 
-1.44 -0.08 99.0282 
-1.44 6.93889e-16 99.3604 
-1.44 0.08 99.5487 
-1.44 0.16 99.6533 
-1.44 0.24 99.7046 
-1.44 0.32 99.7147 
-1.44 0.4 99.6801 
-1.44 0.48 99.5786 
-1.44 0.56 99.3947 
-1.44 0.64 99.3041 
-1.44 0.72 99.4535 
-1.44 0.8 99.6033 
-1.44 0.88 99.6751 
-1.44 0.96 99.6871 
-1.44 1.04 99.6568 
-1.44 1.12 99.5855 
-1.44 1.2 99.3686 
-1.44 1.28 99.0213 
-1.44 1.36 99.0069 
-1.44 1.44 99.2832 
-1.44 1.52 99.4271 
-1.44 1.6 99.2861 
-1.44 1.68 99.2898 
-1.44 1.76 99.2738 
-1.44 1.84 98.9886 
-1.44 1.92 98.9343 
-1.44 2 99.2138 
-1.36 -2 0.00091461 
-1.36 -1.92 0.00191067 
-1.36 -1.84 0.00399124 
-1.36 -1.76 0.00833665 
-1.36 -1.68 0.0174105 
-1.36 -1.6 0.0363516 
-1.36 -1.52 0.0758677 
-1.36 -1.44 0.158224 
-1.36 -1.36 0.329541 
-1.36 -1.28 0.684653 
-1.36 -1.2 1.41572 
-1.36 -1.12 2.90092 
-1.36 -1.04 5.84138 
-1.36 -0.96 11.385 
-1.36 -0.88 20.9518 
-1.36 -0.8 35.2268 
-1.36 -0.72 52.5483 
-1.36 -0.64 69.0512 
-1.36 -0.56 81.5855 
-1.36 -0.48 89.6152 
-1.36 -0.4 94.2506 
-1.36 -0.32 96.7938 
-1.36 -0.24 98.1676 
-1.36 -0.16 98.9139 
-1.36 -0.08 99.3256 
-1.36 6.93889e-16 99.5566 
-1.36 0.08 99.6873 
-1.36 0.16 99.7599 
-1.36 0.24 99.7955 
-1.36 0.32 99.8024 
-1.36 0.4 99.7785 
-1.36 0.48 99.7081 
-1.36 0.56 99.5804 
-1.36 0.64 99.5175 
-1.36 0.72 99.6213 
-1.36 0.8 99.7252 
-1.36 0.88 99.775 
-1.36 0.96 99.7833 
-1.36 1.04 99.7623 
-1.36 1.12 99.7129 
-1.36 1.2 99.5624 
-1.36 1.28 99.3209 
-1.36 1.36 99.3109 
-1.36 1.44 99.503 
-1.36 1.52 99.603 
-1.36 1.6 99.505 
-1.36 1.68 99.5076 
-1.36 1.76 99.4964 
-1.36 1.84 99.2981 
-1.36 1.92 99.2603 
-1.36 2 99.4548 
-1.28 -2 0.00132201 
-1.28 -1.92 0.00276173 
-1.28 -1.84 0.005769 
-1.28 -1.76 0.0120497 
-1.28 -1.68 0.0251638 
-1.28 -1.6 0.0525356 
-1.28 -1.52 0.109625 
-1.28 -1.44 0.228542 
-1.28 -1.36 0.475634 
-1.28 -1.28 0.986615 
-1.28 -1.2 2.03352 
-1.28 -1.12 4.13961 
-1.28 -1.04 8.22924 
-1.28 -0.96 15.662 
-1.28 -0.88 27.6995 
-1.28 -0.8 44.012 
-1.28 -0.72 61.5486 
-1.28 -0.64 76.3313 
-1.28 -0.56 86.4938 
-1.28 -0.48 92.5779 
-1.28 -0.4 95.9506 
-1.28 -0.32 97.7597 
-1.28 -0.24 98.7251 
-1.28 -0.16 99.2461 
-1.28 -0.08 99.5325 
-1.28 6.93889e-16 99.6928 
-1.28 0.08 99.7835 
-1.28 0.16 99.8338 
-1.28 0.24 99.8584 
-1.28 0.32 99.8632 
-1.28 0.4 99.8466 
-1.28 0.48 99.7978 
-1.28 0.56 99.7094 
-1.28 0.64 99.6657 
-1.28 0.72 99.7377 
-1.28 0.8 99.8097 
-1.28 0.88 99.8443 
-1.28 0.96 99.85 
-1.28 1.04 99.8355 
-1.28 1.12 99.8012 
-1.28 1.2 99.6968 
-1.28 1.28 99.5292 
-1.28 1.36 99.5222 
-1.28 1.44 99.6556 
-1.28 1.52 99.725 
-1.28 1.6 99.657 
-1.28 1.68 99.6588 
-1.28 1.76 99.6511 
-1.28 1.84 99.5133 
-1.28 1.92 99.4871 
-1.28 2 99.6222 
-1.2 -2 0.00191087 
-1.2 -1.92 0.00399186 
-1.2 -1.84 0.00833852 
-1.2 -1.76 0.0174161 
-1.2 -1.68 0.0363687 
-1.2 -1.6 0.0759192 
-1.2 -1.52 0.158379 
-1.2 -1.44 0.330008 
-1.2 -1.36 0.686047 
-1.2 -1.28 1.41985 
-1.2 -1.2 2.91294 
-1.2 -1.12 5.87522 
-1.2 -1.04 11.4743 
-1.2 -0.96 21.1621 
-1.2 -0.88 35.6405 
-1.2 -0.8 53.1892 
-1.2 -0.72 69.8222 
-1.2 -0.64 82.3369 
-1.2 -0.56 90.2502 
-1.2 -0.48 94.745 
-1.2 -0.4 97.1631 
-1.2 -0.32 98.4393 
-1.2 -0.24 99.1145 
-1.2 -0.16 99.4772 
-1.2 -0.08 99.6761 
-1.2 6.93889e-16 99.7873 
-1.2 0.08 99.8501 
-1.2 0.16 99.8849 
-1.2 0.24 99.902 
-1.2 0.32 99.9053 
-1.2 0.4 99.8939 
-1.2 0.48 99.8601 
-1.2 0.56 99.7987 
-1.2 0.64 99.7685 
-1.2 0.72 99.8184 
-1.2 0.8 99.8683 
-1.2 0.88 99.8922 
-1.2 0.96 99.8962 
-1.2 1.04 99.8861 
-1.2 1.12 99.8624 
-1.2 1.2 99.7901 
-1.2 1.28 99.6738 
-1.2 1.36 99.669 
-1.2 1.44 99.7615 
-1.2 1.52 99.8096 
-1.2 1.6 99.7625 
-1.2 1.68 99.7637 
-1.2 1.76 99.7583 
-1.2 1.84 99.6628 
-1.2 1.92 99.6446 
-1.2 2 99.7383 
-1.12 -2 0.00276203 
-1.12 -1.92 0.0057699 
-1.12 -1.84 0.0120524 
-1.12 -1.76 0.025172 
-1.12 -1.68 0.0525603 
-1.12 -1.6 0.1097 
-1.12 -1.52 0.228766 
-1.12 -1.44 0.476306 
-1.12 -1.36 0.988618 
-1.12 -1.28 2.03941 
-1.12 -1.2 4.15655 
-1.12 -1.12 8.2757 
-1.12 -1.04 15.7789 
-1.12 -0.96 27.9536 
-1.12 -0.88 44.4581 
-1.12 -0.8 62.1555 
-1.12 -0.72 76.9814 
-1.12 -0.64 87.0767 
-1.12 -0.56 93.0459 
-1.12 -0.48 96.3046 
-1.12 -0.4 98.02 
-1.12 -0.32 98.915 
-1.12 -0.24 99.3857 
-1.12 -0.16 99.6377 
-1.12 -0.08 99.7757 
-1.12 6.93889e-16 99.8527 
-1.12 0.08 99.8963 
-1.12 0.16 99.9204 
-1.12 0.24 99.9322 
-1.12 0.32 99.9345 
-1.12 0.4 99.9265 
-1.12 0.48 99.9031 
-1.12 0.56 99.8607 
-1.12 0.64 99.8397 
-1.12 0.72 99.8743 
-1.12 0.8 99.9088 
-1.12 0.88 99.9254 
-1.12 0.96 99.9281 
-1.12 1.04 99.9212 
-1.12 1.12 99.9047 
-1.12 1.2 99.8547 
-1.12 1.28 99.7741 
-1.12 1.36 99.7707 
-1.12 1.44 99.8349 
-1.12 1.52 99.8682 
-1.12 1.6 99.8355 
-1.12 1.68 99.8364 
-1.12 1.76 99.8327 
-1.12 1.84 99.7665 
-1.12 1.92 99.7538 
-1.12 2 99.8188 
-1.04 -2 0.0039923 
-1.04 -1.92 0.00833983 
-1.04 -1.84 0.0174201 
-1.04 -1.76 0.0363806 
-1.04 -1.68 0.075955 
-1.04 -1.6 0.158487 
-1.04 -1.52 0.330331 
-1.04 -1.44 0.687014 
-1.04 -1.36 1.42272 
-1.04 -1.28 2.92131 
-1.04 -1.2 5.89882 
-1.04 -1.12 11.5367 
-1.04 -1.04 21.3097 
-1.04 -0.96 35.9312 
-1.04 -0.88 53.6391 
-1.04 -0.8 70.3614 
-1.04 -0.72 82.8591 
-1.04 -0.64 90.6884 
-1.04 -0.56 95.0835 
-1.04 -0.48 97.4139 
-1.04 -0.4 98.6218 
-1.04 -0.32 99.2469 
-1.04 -0.24 99.5742 
-1.04 -0.16 99.7491 
-1.04 -0.08 99.8447 
-1.04 6.93889e-16 99.8981 
-1.04 0.08 99.9282 
-1.04 0.16 99.9449 
-1.04 0.24 99.9531 
-1.04 0.32 99.9547 
-1.04 0.4 99.9492 
-1.04 0.48 99.933 
-1.04 0.56 99.9036 
-1.04 0.64 99.8891 
-1.04 0.72 99.913 
-1.04 0.8 99.9369 
-1.04 0.88 99.9484 
-1.04 0.96 99.9503 
-1.04 1.04 99.9455 
-1.04 1.12 99.9341 
-1.04 1.2 99.8994 
-1.04 1.28 99.8436 
-1.04 1.36 99.8413 
-1.04 1.44 99.8857 
-1.04 1.52 99.9088 
-1.04 1.6 99.8862 
-1.04 1.68 99.8868 
-1.04 1.76 99.8842 
-1.04 1.84 99.8383 
-1.04 1.92 99.8296 
-1.04 2 99.8746 
-0.96 -2 0.00577052 
-0.96 -1.92 0.0120543 
-0.96 -1.84 0.0251777 
-0.96 -1.76 0.0525774 
-0.96 -1.68 0.109751 
-0.96 -1.6 0.228921 
-0.96 -1.52 0.476772 
-0.96 -1.44 0.990008 
-0.96 -1.36 2.04351 
-0.96 -1.28 4.16834 
-0.96 -1.2 8.30809 
-0.96 -1.12 15.8606 
-0.96 -1.04 28.1316 
-0.96 -0.96 44.7707 
-0.96 -0.88 62.5799 
-0.96 -0.8 77.434 
-0.96 -0.72 87.4801 
-0.96 -0.64 93.3676 
-0.96 -0.56 96.5463 
-0.96 -0.48 98.1965 
-0.96 -0.4 99.0424 
-0.96 -0.32 99.4778 
-0.96 -0.24 99.705 
-0.96 -0.16 99.8263 
-0.96 -0.08 99.8925 
-0.96 6.93889e-16 99.9295 
-0.96 0.08 99.9503 
-0.96 0.16 99.9619 
-0.96 0.24 99.9676 
-0.96 0.32 99.9686 
-0.96 0.4 99.9648 
-0.96 0.48 99.9536 
-0.96 0.56 99.9333 
-0.96 0.64 99.9232 
-0.96 0.72 99.9398 
-0.96 0.8 99.9564 
-0.96 0.88 99.9643 
-0.96 0.96 99.9656 
-0.96 1.04 99.9623 
-0.96 1.12 99.9544 
-0.96 1.2 99.9304 
-0.96 1.28 99.8917 
-0.96 1.36 99.8901 
-0.96 1.44 99.9209 
-0.96 1.52 99.9369 
-0.96 1.6 99.9212 
-0.96 1.68 99.9216 
-0.96 1.76 99.9199 
-0.96 1.84 99.8881 
-0.96 1.92 99.882 
-0.96 2 99.9132 
-0.88 -2 0.00834073 
-0.88 -1.92 0.0174228 
-0.88 -1.84 0.0363888 
-0.88 -1.76 0.0759797 
-0.88 -1.68 0.158561 
-0.88 -1.6 0.330555 
-0.88 -1.52 0.687685 
-0.88 -1.44 1.42471 
-0.88 -1.36 2.92713 
-0.88 -1.28 5.91525 
-0.88 -1.2 11.5803 
-0.88 -1.12 21.4127 
-0.88 -1.04 36.1345 
-0.88 -0.96 53.9536 
-0.88 -0.88 70.7371 
-0.88 -0.8 83.2213 
-0.88 -0.72 90.9907 
-0.88 -0.64 95.3158 
-0.88 -0.56 97.5849 
-0.88 -0.48 98.7453 
-0.88 -0.4 99.3356 
-0.88 -0.32 99.6381 
-0.88 -0.24 99.7958 
-0.88 -0.16 99.8797 
-0.88 -0.08 99.9256 
-0.88 6.93889e-16 99.9512 
-0.88 0.08 99.9656 
-0.88 0.16 99.9736 
-0.88 0.24 99.9776 
-0.88 0.32 99.9783 
-0.88 0.4 99.9757 
-0.88 0.48 99.9679 
-0.88 0.56 99.9538 
-0.88 0.64 99.9469 
-0.88 0.72 99.9583 
-0.88 0.8 99.9698 
-0.88 0.88 99.9753 
-0.88 0.96 99.9762 
-0.88 1.04 99.9739 
-0.88 1.12 99.9684 
-0.88 1.2 99.9518 
-0.88 1.28 99.9251 
-0.88 1.36 99.924 
-0.88 1.44 99.9453 
-0.88 1.52 99.9563 
-0.88 1.6 99.9455 
-0.88 1.68 99.9458 
-0.88 1.76 99.9445 
-0.88 1.84 99.9226 
-0.88 1.92 99.9184 
-0.88 2 99.9399 
-0.8 -2 0.0120556 
-0.8 -1.92 0.0251816 
-0.8 -1.84 0.0525893 
-0.8 -1.76 0.109787 
-0.8 -1.68 0.229029 
-0.8 -1.6 0.477095 
-0.8 -1.52 0.990971 
-0.8 -1.44 2.04635 
-0.8 -1.36 4.17653 
-0.8 -1.28 8.33064 
-0.8 -1.2 15.9175 
-0.8 -1.12 28.2558 
-0.8 -1.04 44.9889 
-0.8 -0.96 62.8757 
-0.8 -0.88 77.7484 
-0.8 -0.8 87.7591 
-0.8 -0.72 93.5891 
-0.8 -0.64 96.7118 
-0.8 -0.56 98.3167 
-0.8 -0.48 99.1286 
-0.8 -0.4 99.5394 
-0.8 -0.32 99.7494 
-0.8 -0.24 99.8586 
-0.8 -0.16 99.9168 
-0.8 -0.08 99.9485 
-0.8 6.93889e-16 99.9662 
-0.8 0.08 99.9762 
-0.8 0.16 99.9818 
-0.8 0.24 99.9845 
-0.8 0.32 99.985 
-0.8 0.4 99.9832 
-0.8 0.48 99.9778 
-0.8 0.56 99.968 
-0.8 0.64 99.9632 
-0.8 0.72 99.9712 
-0.8 0.8 99.9791 
-0.8 0.88 99.9829 
-0.8 0.96 99.9835 
-0.8 1.04 99.9819 
-0.8 1.12 99.9782 
-0.8 1.2 99.9667 
-0.8 1.28 99.9482 
-0.8 1.36 99.9474 
-0.8 1.44 99.9621 
-0.8 1.52 99.9698 
-0.8 1.6 99.9623 
-0.8 1.68 99.9625 
-0.8 1.76 99.9616 
-0.8 1.84 99.9464 
-0.8 1.92 99.9435 
-0.8 2 99.9584 
-0.72 -2 0.0174247 
-0.72 -1.92 0.0363944 
-0.72 -1.84 0.0759968 
-0.72 -1.76 0.158613 
-0.72 -1.68 0.33071 
-0.72 -1.6 0.688149 
-0.72 -1.52 1.42609 
-0.72 -1.44 2.93116 
-0.72 -1.36 5.92666 
-0.72 -1.28 11.6106 
-0.72 -1.2 21.4845 
-0.72 -1.12 36.2762 
-0.72 -1.04 54.1727 
-0.72 -0.96 70.9983 
-0.72 -0.88 83.4723 
-0.72 -0.8 91.1993 
-0.72 -0.72 95.4754 
-0.72 -0.64 97.7019 
-0.72 -0.56 98.8293 
-0.72 -0.48 99.3955 
-0.72 -0.4 99.6809 
-0.72 -0.32 99.8265 
-0.72 -0.24 99.9021 
-0.72 -0.16 99.9424 
-0.72 -0.08 99.9644 
-0.72 6.93889e-16 99.9766 
-0.72 0.08 99.9835 
-0.72 0.16 99.9874 
-0.72 0.24 99.9893 
-0.72 0.32 99.9896 
-0.72 0.4 99.9884 
-0.72 0.48 99.9846 
-0.72 0.56 99.9779 
-0.72 0.64 99.9746 
-0.72 0.72 99.9801 
-0.72 0.8 99.9855 
-0.72 0.88 99.9882 
-0.72 0.96 99.9886 
-0.72 1.04 99.9875 
-0.72 1.12 99.9849 
-0.72 1.2 99.9769 
-0.72 1.28 99.9641 
-0.72 1.36 99.9636 
-0.72 1.44 99.9738 
-0.72 1.52 99.9791 
-0.72 1.6 99.9739 
-0.72 1.68 99.974 
-0.72 1.76 99.9734 
-0.72 1.84 99.9629 
-0.72 1.92 99.9609 
-0.72 2 99.9712 
-0.64 -2 0.0251843 
-0.64 -1.92 0.0525974 
-0.64 -1.84 0.109812 
-0.64 -1.76 0.229103 
-0.64 -1.68 0.477318 
-0.64 -1.6 0.991639 
-0.64 -1.52 2.04832 
-0.64 -1.44 4.18221 
-0.64 -1.36 8.34629 
-0.64 -1.28 15.9571 
-0.64 -1.2 28.3422 
-0.64 -1.12 45.1408 
-0.64 -1.04 63.0814 
-0.64 -0.96 77.9665 
-0.64 -0.88 87.952 
-0.64 -0.8 93.7417 
-0.64 -0.72 96.8254 
-0.64 -0.64 98.3987 
-0.64 -0.56 99.1872 
-0.64 -0.48 99.581 
-0.64 -0.4 99.779 
-0.64 -0.32 99.8799 
-0.64 -0.24 99.9323 
-0.64 -0.16 99.9602 
-0.64 -0.08 99.9754 
-0.64 6.93889e-16 99.9838 
-0.64 0.08 99.9886 
-0.64 0.16 99.9913 
-0.64 0.24 99.9926 
-0.64 0.32 99.9928 
-0.64 0.4 99.992 
-0.64 0.48 99.9894 
-0.64 0.56 99.9847 
-0.64 0.64 99.9824 
-0.64 0.72 99.9862 
-0.64 0.8 99.99 
-0.64 0.88 99.9918 
-0.64 0.96 99.9921 
-0.64 1.04 99.9914 
-0.64 1.12 99.9895 
-0.64 1.2 99.984 
-0.64 1.28 99.9752 
-0.64 1.36 99.9748 
-0.64 1.44 99.9819 
-0.64 1.52 99.9855 
-0.64 1.6 99.9819 
-0.64 1.68 99.982 
-0.64 1.76 99.9816 
-0.64 1.84 99.9743 
-0.64 1.92 99.9729 
-0.64 2 99.9801 
-0.56 -2 0.0363984 
-0.56 -1.92 0.0760086 
-0.56 -1.84 0.158648 
-0.56 -1.76 0.330817 
-0.56 -1.68 0.688471 
-0.56 -1.6 1.42705 
-0.56 -1.52 2.93396 
-0.56 -1.44 5.93458 
-0.56 -1.36 11.6316 
-0.56 -1.28 21.5344 
-0.56 -1.2 36.3747 
-0.56 -1.12 54.3249 
-0.56 -1.04 71.1796 
-0.56 -0.96 83.6461 
-0.56 -0.88 91.3434 
-0.56 -0.8 95.5852 
-0.56 -0.72 97.782 
-0.56 -0.64 98.8867 
-0.56 -0.56 99.4362 
-0.56 -0.48 99.7098 
-0.56 -0.4 99.847 
-0.56 -0.32 99.9169 
-0.56 -0.24 99.9531 
-0.56 -0.16 99.9724 
-0.56 -0.08 99.983 
-0.56 6.93889e-16 99.9888 
-0.56 0.08 99.9921 
-0.56 0.16 99.994 
-0.56 0.24 99.9949 
-0.56 0.32 99.995 
-0.56 0.4 99.9945 
-0.56 0.48 99.9926 
-0.56 0.56 99.9894 
-0.56 0.64 99.9878 
-0.56 0.72 99.9905 
-0.56 0.8 99.9931 
-0.56 0.88 99.9943 
-0.56 0.96 99.9945 
-0.56 1.04 99.994 
-0.56 1.12 99.9928 
-0.56 1.2 99.989 
-0.56 1.28 99.9828 
-0.56 1.36 99.9826 
-0.56 1.44 99.9875 
-0.56 1.52 99.99 
-0.56 1.6 99.9875 
-0.56 1.68 99.9876 
-0.56 1.76 99.9873 
-0.56 1.84 99.9822 
-0.56 1.92 99.9813 
-0.56 2 99.9862 
-0.48 -2 0.0526031 
-0.48 -1.92 0.109829 
-0.48 -1.84 0.229155 
-0.48 -1.76 0.477473 
-0.48 -1.68 0.992101 
-0.48 -1.6 2.04969 
-0.48 -1.52 4.18615 
-0.48 -1.44 8.35715 
-0.48 -1.36 15.9846 
-0.48 -1.28 28.4023 
-0.48 -1.2 45.2463 
-0.48 -1.12 63.2241 
-0.48 -1.04 78.1177 
-0.48 -0.96 88.0854 
-0.48 -0.88 93.847 
-0.48 -0.8 96.9036 
-0.48 -0.72 98.455 
-0.48 -0.64 99.2271 
-0.48 -0.56 99.6093 
-0.48 -0.48 99.799 
-0.48 -0.4 99.8941 
-0.48 -0.32 99.9425 
-0.48 -0.24 99.9676 
-0.48 -0.16 99.9809 
-0.48 -0.08 99.9882 
-0.48 6.93889e-16 99.9923 
-0.48 0.08 99.9946 
-0.48 0.16 99.9958 
-0.48 0.24 99.9964 
-0.48 0.32 99.9966 
-0.48 0.4 99.9962 
-0.48 0.48 99.9951 
-0.48 0.56 99.9927 
-0.48 0.64 99.9916 
-0.48 0.72 99.9934 
-0.48 0.8 99.9952 
-0.48 0.88 99.997 
-0.48 0.96 99.9972 
-0.48 1.04 99.9959 
-0.48 1.12 99.995 
-0.48 1.2 99.9924 
-0.48 1.28 99.9881 
-0.48 1.36 99.9879 
-0.48 1.44 99.9913 
-0.48 1.52 99.9931 
-0.48 1.6 99.9914 
-0.48 1.68 99.9914 
-0.48 1.76 99.9912 
-0.48 1.84 99.9877 
-0.48 1.92 99.9871 
-0.48 2 99.9905 
-0.4 -2 0.0760168 
-0.4 -1.92 0.158673 
-0.4 -1.84 0.330892 
-0.4 -1.76 0.688694 
-0.4 -1.68 1.42771 
-0.4 -1.6 2.93589 
-0.4 -1.52 5.94006 
-0.4 -1.44 11.6462 
-0.4 -1.36 21.569 
-0.4 -1.28 36.4432 
-0.4 -1.2 54.4306 
-0.4 -1.12 71.3053 
-0.4 -1.04 83.7664 
-0.4 -0.96 91.4429 
-0.4 -0.88 95.6609 
-0.4 -0.8 97.8371 
-0.4 -0.72 98.926 
-0.4 -0.64 99.464 
-0.4 -0.56 99.7294 
-0.4 -0.48 99.8609 
-0.4 -0.4 99.9267 
-0.4 -0.32 99.9602 
-0.4 -0.24 99.9776 
-0.4 -0.16 99.9868 
-0.4 -0.08 99.9918 
-0.4 6.93889e-16 99.9946 
-0.4 0.08 99.9962 
-0.4 0.16 99.9971 
-0.4 0.24 99.9975 
-0.4 0.32 99.9976 
-0.4 0.4 99.9973 
-0.4 0.48 99.9966 
-0.4 0.56 99.9949 
-0.4 0.64 99.9942 
-0.4 0.72 99.9954 
-0.4 0.8 99.9975 
-0.4 0.88 99.9979 
-0.4 0.96 99.9981 
-0.4 1.04 99.9979 
-0.4 1.12 99.9976 
-0.4 1.2 99.9947 
-0.4 1.28 99.9918 
-0.4 1.36 99.9917 
-0.4 1.44 99.994 
-0.4 1.52 99.9952 
-0.4 1.6 99.994 
-0.4 1.68 99.9941 
-0.4 1.76 99.9939 
-0.4 1.84 99.9915 
-0.4 1.92 99.991 
-0.4 2 99.9934 
-0.32 -2 0.109841 
-0.32 -1.92 0.229191 
-0.32 -1.84 0.47758 
-0.32 -1.76 0.992421 
-0.32 -1.68 2.05063 
-0.32 -1.6 4.18888 
-0.32 -1.52 8.36468 
-0.32 -1.44 16.0037 
-0.32 -1.36 28.4439 
-0.32 -1.28 45.3196 
-0.32 -1.2 63.3231 
-0.32 -1.12 78.2224 
-0.32 -1.04 88.1777 
-0.32 -0.96 93.9196 
-0.32 -0.88 96.9574 
-0.32 -0.8 98.4936 
-0.32 -0.72 99.2545 
-0.32 -0.64 99.6286 
-0.32 -0.56 99.8126 
-0.32 -0.48 99.9037 
-0.32 -0.4 99.9493 
-0.32 -0.32 99.9725 
-0.32 -0.24 99.9845 
-0.32 -0.16 99.9909 
-0.32 -0.08 99.9944 
-0.32 6.93889e-16 99.9963 
-0.32 0.08 99.9974 
-0.32 0.16 99.998 
-0.32 0.24 99.9983 
-0.32 0.32 99.9984 
-0.32 0.4 99.9982 
-0.32 0.48 99.9976 
-0.32 0.56 99.9969 
-0.32 0.64 99.996 
-0.32 0.72 99.9976 
-0.32 0.8 99.9983 
-0.32 0.88 99.9986 
-0.32 0.96 99.9987 
-0.32 1.04 99.9986 
-0.32 1.12 99.9983 
-0.32 1.2 99.9977 
-0.32 1.28 99.9943 
-0.32 1.36 99.9942 
-0.32 1.44 99.9958 
-0.32 1.52 99.9975 
-0.32 1.6 99.9959 
-0.32 1.68 99.9959 
-0.32 1.76 99.9958 
-0.32 1.84 99.9941 
-0.32 1.92 99.9938 
-0.32 2 99.9954 
-0.24 -2 0.15869 
-0.24 -1.92 0.330943 
-0.24 -1.84 0.688848 
-0.24 -1.76 1.42817 
-0.24 -1.68 2.93724 
-0.24 -1.6 5.94386 
-0.24 -1.52 11.6563 
-0.24 -1.44 21.5931 
-0.24 -1.36 36.4906 
-0.24 -1.28 54.5039 
-0.24 -1.2 71.3924 
-0.24 -1.12 83.8497 
-0.24 -1.04 91.5117 
-0.24 -0.96 95.7131 
-0.24 -0.88 97.8751 
-0.24 -0.8 98.953 
-0.24 -0.72 99.4831 
-0.24 -0.64 99.7428 
-0.24 -0.56 99.8703 
-0.24 -0.48 99.9334 
-0.24 -0.4 99.9649 
-0.24 -0.32 99.9809 
-0.24 -0.24 99.9893 
-0.24 -0.16 99.9937 
-0.24 -0.08 99.9961 
-0.24 6.93889e-16 99.9974 
-0.24 0.08 99.9982 
-0.24 0.16 99.9986 
-0.24 0.24 99.9988 
-0.24 0.32 99.9989 
-0.24 0.4 99.9987 
-0.24 0.48 99.9984 
-0.24 0.56 99.9978 
-0.24 0.64 99.9978 
-0.24 0.72 99.9983 
-0.24 0.8 99.9988 
-0.24 0.88 99.999 
-0.24 0.96 99.9991 
-0.24 1.04 99.999 
-0.24 1.12 99.9988 
-0.24 1.2 99.9984 
-0.24 1.28 99.9979 
-0.24 1.36 99.9977 
-0.24 1.44 99.998 
-0.24 1.52 99.9983 
-0.24 1.6 99.998 
-0.24 1.68 99.9981 
-0.24 1.76 99.9981 
-0.24 1.84 99.9977 
-0.24 1.92 99.9978 
-0.24 2 99.9979 
-0.16 -2 0.229215 
-0.16 -1.92 0.477654 
-0.16 -1.84 0.992643 
-0.16 -1.76 2.05129 
-0.16 -1.68 4.19077 
-0.16 -1.6 8.36989 
-0.16 -1.52 16.0169 
-0.16 -1.44 28.4728 
-0.16 -1.36 45.3703 
-0.16 -1.28 63.3918 
-0.16 -1.2 78.2949 
-0.16 -1.12 88.2415 
-0.16 -1.04 93.9698 
-0.16 -0.96 96.9945 
-0.16 -0.88 98.5202 
-0.16 -0.8 99.2733 
-0.16 -0.72 99.6418 
-0.16 -0.64 99.8219 
-0.16 -0.56 99.9102 
-0.16 -0.48 99.9539 
-0.16 -0.4 99.9757 
-0.16 -0.32 99.9868 
-0.16 -0.24 99.9926 
-0.16 -0.16 99.9956 
-0.16 -0.08 99.9973 
-0.16 6.93889e-16 99.9982 
-0.16 0.08 99.9988 
-0.16 0.16 99.999 
-0.16 0.24 99.9992 
-0.16 0.32 99.9992 
-0.16 0.4 99.9991 
-0.16 0.48 99.9989 
-0.16 0.56 99.9985 
-0.16 0.64 99.9985 
-0.16 0.72 99.9989 
-0.16 0.8 99.9992 
-0.16 0.88 99.9993 
-0.16 0.96 99.9994 
-0.16 1.04 99.9993 
-0.16 1.12 99.9992 
-0.16 1.2 99.9989 
-0.16 1.28 99.9985 
-0.16 1.36 99.9984 
-0.16 1.44 99.9986 
-0.16 1.52 99.9988 
-0.16 1.6 99.9986 
-0.16 1.68 99.9987 
-0.16 1.76 99.9987 
-0.16 1.84 99.9984 
-0.16 1.92 99.9985 
-0.16 2 99.9985 
-0.08 -2 0.330979 
-0.08 -1.92 0.688955 
-0.08 -1.84 1.42849 
-0.08 -1.76 2.93816 
-0.08 -1.68 5.9465 
-0.08 -1.6 11.6633 
-0.08 -1.52 21.6097 
-0.08 -1.44 36.5235 
-0.08 -1.36 54.5547 
-0.08 -1.28 71.4527 
-0.08 -1.2 83.9073 
-0.08 -1.12 91.5592 
-0.08 -1.04 95.7491 
-0.08 -0.96 97.9012 
-0.08 -0.88 98.9716 
-0.08 -0.8 99.4961 
-0.08 -0.72 99.7519 
-0.08 -0.64 99.8767 
-0.08 -0.56 99.9379 
-0.08 -0.48 99.9681 
-0.08 -0.4 99.9832 
-0.08 -0.32 99.9909 
-0.08 -0.24 99.9949 
-0.08 -0.16 99.997 
-0.08 -0.08 99.9981 
-0.08 6.93889e-16 99.9988 
-0.08 0.08 99.9991 
-0.08 0.16 99.9993 
-0.08 0.24 99.9994 
-0.08 0.32 99.9995 
-0.08 0.4 99.9994 
-0.08 0.48 99.9992 
-0.08 0.56 99.999 
-0.08 0.64 99.999 
-0.08 0.72 99.9992 
-0.08 0.8 99.9994 
-0.08 0.88 99.9995 
-0.08 0.96 99.9996 
-0.08 1.04 99.9995 
-0.08 1.12 99.9994 
-0.08 1.2 99.9992 
-0.08 1.28 99.999 
-0.08 1.36 99.9989 
-0.08 1.44 99.999 
-0.08 1.52 99.9992 
-0.08 1.6 99.9991 
-0.08 1.68 99.9991 
-0.08 1.76 99.9991 
-0.08 1.84 99.9989 
-0.08 1.92 99.999 
-0.08 2 99.999 
