-4 -2 1.75852e-09 
-4 -1.92 3.67356e-09 
-4 -1.84 7.6736e-09 
-4 -1.76 1.60277e-08 
-4 -1.68 3.34725e-08 
-4 -1.6 6.98914e-08 
-4 -1.52 1.45895e-07 
-4 -1.44 3.0443e-07 
-4 -1.36 6.34876e-07 
-4 -1.28 1.32293e-06 
-4 -1.2 2.75343e-06 
-4 -1.12 5.72109e-06 
-4 -1.04 1.18586e-05 
-4 -0.96 2.44957e-05 
-4 -0.88 5.03518e-05 
-4 -0.8 0.000102787 
-4 -0.72 0.000207816 
-4 -0.64 0.000414666 
-4 -0.56 0.00081299 
-4 -0.48 0.00155842 
-4 -0.4 0.00290687 
-4 -0.32 0.00525931 
-4 -0.24 0.00922641 
-4 -0.16 0.0157188 
-4 -0.08 0.0259812 
-4 6.93889e-16 0.0412985 
-4 0.08 0.0620377 
-4 0.16 0.0863786 
-4 0.24 0.109607 
-4 0.32 0.123415 
-4 0.4 0.121257 
-4 0.48 0.103117 
-4 0.56 0.0839362 
-4 0.64 0.0902933 
-4 0.72 0.129962 
-4 0.8 0.185085 
-4 0.88 0.227581 
-4 0.96 0.237641 
-4 1.04 0.217825 
-4 1.12 0.178764 
-4 1.2 0.108566 
-4 1.28 0.0583487 
-4 1.36 0.0600901 
-4 1.44 0.0874644 
-4 1.52 0.111647 
-4 1.6 0.0914047 
-4 1.68 0.0844934 
-4 1.76 0.0794835 
-4 1.84 0.0624431 
-4 1.92 0.0544615 
-4 2 0.0713769 
-3.92 -2 2.54184e-09 
-3.92 -1.92 5.30991e-09 
-3.92 -1.84 1.10917e-08 
-3.92 -1.76 2.31671e-08 
-3.92 -1.68 4.83826e-08 
-3.92 -1.6 1.01024e-07 
-3.92 -1.52 2.10883e-07 
-3.92 -1.44 4.40035e-07 
-3.92 -1.36 9.17675e-07 
-3.92 -1.28 1.91221e-06 
-3.92 -1.2 3.97991e-06 
-3.92 -1.12 8.2695e-06 
-3.92 -1.04 1.71409e-05 
-3.92 -0.96 3.54071e-05 
-3.92 -0.88 7.27805e-05 
-3.92 -0.8 0.000148572 
-3.92 -0.72 0.000300386 
-3.92 -0.64 0.000599374 
-3.92 -0.56 0.00117512 
-3.92 -0.48 0.00225258 
-3.92 -0.4 0.00420165 
-3.92 -0.32 0.00760185 
-3.92 -0.24 0.0133357 
-3.92 -0.16 0.0227191 
-3.92 -0.08 0.03755 
-3.92 6.93889e-16 0.0596838 
-3.92 0.08 0.0896481 
-3.92 0.16 0.12481 
-3.92 0.24 0.15836 
-3.92 0.32 0.178306 
-3.92 0.4 0.175197 
-3.92 0.48 0.149008 
-3.92 0.56 0.121302 
-3.92 0.64 0.130479 
-3.92 0.72 0.187778 
-3.92 0.8 0.267386 
-3.92 0.88 0.32873 
-3.92 0.96 0.343223 
-3.92 1.04 0.31461 
-3.92 1.12 0.258245 
-3.92 1.2 0.156878 
-3.92 1.28 0.0843283 
-3.92 1.36 0.086845 
-3.92 1.44 0.126396 
-3.92 1.52 0.161334 
-3.92 1.6 0.132086 
-3.92 1.68 0.122107 
-3.92 1.76 0.114868 
-3.92 1.84 0.0902449 
-3.92 1.92 0.0787112 
-3.92 2 0.103154 
-3.84 -2 3.67407e-09 
-3.84 -1.92 7.67515e-09 
-3.84 -1.84 1.60324e-08 
-3.84 -1.76 3.34867e-08 
-3.84 -1.68 6.99341e-08 
-3.84 -1.6 1.46024e-07 
-3.84 -1.52 3.04818e-07 
-3.84 -1.44 6.36044e-07 
-3.84 -1.36 1.32644e-06 
-3.84 -1.28 2.76399e-06 
-3.84 -1.2 5.75273e-06 
-3.84 -1.12 1.19531e-05 
-3.84 -1.04 2.47762e-05 
-3.84 -0.96 5.11788e-05 
-3.84 -0.88 0.0001052 
-3.84 -0.8 0.000214752 
-3.84 -0.72 0.000434189 
-3.84 -0.64 0.000866356 
-3.84 -0.56 0.00169856 
-3.84 -0.48 0.00325594 
-3.84 -0.4 0.00607312 
-3.84 -0.32 0.0109876 
-3.84 -0.24 0.0192748 
-3.84 -0.16 0.0328358 
-3.84 -0.08 0.0542674 
-3.84 6.93889e-16 0.0862472 
-3.84 0.08 0.129532 
-3.84 0.16 0.180311 
-3.84 0.24 0.228753 
-3.84 0.32 0.257555 
-3.84 0.4 0.253087 
-3.84 0.48 0.215297 
-3.84 0.56 0.175287 
-3.84 0.64 0.188527 
-3.84 0.72 0.271268 
-3.84 0.8 0.386191 
-3.84 0.88 0.474691 
-3.84 0.96 0.495539 
-3.84 1.04 0.454242 
-3.84 1.12 0.372971 
-3.84 1.2 0.226658 
-3.84 1.28 0.121868 
-3.84 1.36 0.125505 
-3.84 1.44 0.18264 
-3.84 1.52 0.233103 
-3.84 1.6 0.190851 
-3.84 1.68 0.17645 
-3.84 1.76 0.165991 
-3.84 1.84 0.130417 
-3.84 1.92 0.113752 
-3.84 2 0.149068 
-3.76 -2 5.31065e-09 
-3.76 -1.92 1.1094e-08 
-3.76 -1.84 2.31739e-08 
-3.76 -1.76 4.8403e-08 
-3.76 -1.68 1.01085e-07 
-3.76 -1.6 2.11069e-07 
-3.76 -1.52 4.40596e-07 
-3.76 -1.44 9.19364e-07 
-3.76 -1.36 1.91729e-06 
-3.76 -1.28 3.99518e-06 
-3.76 -1.2 8.31522e-06 
-3.76 -1.12 1.72774e-05 
-3.76 -1.04 3.58125e-05 
-3.76 -0.96 7.39758e-05 
-3.76 -0.88 0.00015206 
-3.76 -0.8 0.000310411 
-3.76 -0.72 0.000627593 
-3.76 -0.64 0.00125226 
-3.76 -0.56 0.00245515 
-3.76 -0.48 0.00470619 
-3.76 -0.4 0.0087781 
-3.76 -0.32 0.0158812 
-3.76 -0.24 0.0278582 
-3.76 -0.16 0.0474554 
-3.76 -0.08 0.0784219 
-3.76 6.93889e-16 0.124619 
-3.76 0.08 0.187127 
-3.76 0.16 0.260433 
-3.76 0.24 0.330343 
-3.76 0.32 0.371916 
-3.76 0.4 0.365509 
-3.76 0.48 0.31102 
-3.76 0.56 0.253267 
-3.76 0.64 0.272354 
-3.76 0.72 0.391781 
-3.76 0.8 0.557592 
-3.76 0.88 0.685163 
-3.76 0.96 0.715089 
-3.76 1.04 0.655521 
-3.76 1.12 0.538466 
-3.76 1.2 0.327411 
-3.76 1.28 0.176104 
-3.76 1.36 0.181359 
-3.76 1.44 0.263873 
-3.76 1.52 0.336738 
-3.76 1.6 0.275716 
-3.76 1.68 0.254946 
-3.76 1.76 0.23984 
-3.76 1.84 0.188454 
-3.76 1.92 0.16438 
-3.76 2 0.215396 
-3.68 -2 7.67623e-09 
-3.68 -1.92 1.60357e-08 
-3.68 -1.84 3.34965e-08 
-3.68 -1.76 6.99636e-08 
-3.68 -1.68 1.46113e-07 
-3.68 -1.6 3.05087e-07 
-3.68 -1.52 6.36855e-07 
-3.68 -1.44 1.32889e-06 
-3.68 -1.36 2.77133e-06 
-3.68 -1.28 5.77479e-06 
-3.68 -1.2 1.20191e-05 
-3.68 -1.12 2.49735e-05 
-3.68 -1.04 5.17647e-05 
-3.68 -0.96 0.000106928 
-3.68 -0.88 0.000219793 
-3.68 -0.8 0.00044868 
-3.68 -0.72 0.000907145 
-3.68 -0.64 0.00181006 
-3.68 -0.56 0.00354874 
-3.68 -0.48 0.00680238 
-3.68 -0.4 0.0126877 
-3.68 -0.32 0.0229537 
-3.68 -0.24 0.0402625 
-3.68 -0.16 0.0685798 
-3.68 -0.08 0.113316 
-3.68 6.93889e-16 0.180033 
-3.68 0.08 0.270266 
-3.68 0.16 0.376032 
-3.68 0.24 0.476853 
-3.68 0.32 0.536821 
-3.68 0.4 0.52767 
-3.68 0.48 0.449187 
-3.68 0.56 0.365874 
-3.68 0.64 0.393356 
-3.68 0.72 0.565625 
-3.68 0.8 0.804667 
-3.68 0.88 0.988333 
-3.68 0.96 1.03116 
-3.68 1.04 0.945315 
-3.68 1.12 0.776987 
-3.68 1.2 0.472817 
-3.68 1.28 0.254445 
-3.68 1.36 0.262037 
-3.68 1.44 0.381158 
-3.68 1.52 0.48632 
-3.68 1.6 0.398221 
-3.68 1.68 0.368297 
-3.68 1.76 0.346484 
-3.68 1.84 0.272282 
-3.68 1.92 0.237515 
-3.68 2 0.311189 
-3.6 -2 1.10955e-08 
-3.6 -1.92 2.31786e-08 
-3.6 -1.84 4.84172e-08 
-3.6 -1.76 1.01128e-07 
-3.6 -1.68 2.11197e-07 
-3.6 -1.6 4.40985e-07 
-3.6 -1.52 9.20536e-07 
-3.6 -1.44 1.92082e-06 
-3.6 -1.36 4.00579e-06 
-3.6 -1.28 8.34711e-06 
-3.6 -1.2 1.7373e-05 
-3.6 -1.12 3.60976e-05 
-3.6 -1.04 7.48228e-05 
-3.6 -0.96 0.000154557 
-3.6 -0.88 0.000317698 
-3.6 -0.8 0.000648538 
-3.6 -0.72 0.00131122 
-3.6 -0.64 0.00261631 
-3.6 -0.56 0.0051294 
-3.6 -0.48 0.00983213 
-3.6 -0.4 0.0183383 
-3.6 -0.32 0.0331749 
-3.6 -0.24 0.0581868 
-3.6 -0.16 0.0990984 
-3.6 -0.08 0.16371 
-3.6 6.93889e-16 0.260025 
-3.6 0.08 0.390204 
-3.6 0.16 0.542679 
-3.6 0.24 0.687936 
-3.6 0.32 0.774359 
-3.6 0.4 0.761358 
-3.6 0.48 0.648496 
-3.6 0.56 0.528414 
-3.6 0.64 0.567915 
-3.6 0.72 0.816182 
-3.6 0.8 1.1604 
-3.6 0.88 1.42436 
-3.6 0.96 1.48536 
-3.6 1.04 1.36183 
-3.6 1.12 1.12031 
-3.6 1.2 0.682519 
-3.6 1.28 0.367572 
-3.6 1.36 0.378538 
-3.6 1.44 0.55041 
-3.6 1.52 0.702082 
-3.6 1.6 0.574958 
-3.6 1.68 0.531909 
-3.6 1.76 0.500428 
-3.6 1.84 0.393324 
-3.6 1.92 0.343132 
-3.6 2 0.449486 
-3.52 -2 1.60379e-08 
-3.52 -1.92 3.35033e-08 
-3.52 -1.84 6.99841e-08 
-3.52 -1.76 1.46175e-07 
-3.52 -1.68 3.05273e-07 
-3.52 -1.6 6.37417e-07 
-3.52 -1.52 1.33058e-06 
-3.52 -1.44 2.77643e-06 
-3.52 -1.36 5.79013e-06 
-3.52 -1.28 1.20652e-05 
-3.52 -1.2 2.51116e-05 
-3.52 -1.12 5.2177e-05 
-3.52 -1.04 0.000108152 
-3.52 -0.96 0.000223403 
-3.52 -0.88 0.000459212 
-3.52 -0.8 0.000937421 
-3.52 -0.72 0.00189528 
-3.52 -0.64 0.00378167 
-3.52 -0.56 0.00741408 
-3.52 -0.48 0.0142111 
-3.52 -0.4 0.0265048 
-3.52 -0.32 0.0479454 
-3.52 -0.24 0.0840841 
-3.52 -0.16 0.143179 
-3.52 -0.08 0.236466 
-3.52 6.93889e-16 0.375431 
-3.52 0.08 0.563082 
-3.52 0.16 0.782637 
-3.52 0.24 0.991612 
-3.52 0.32 1.116 
-3.52 0.4 1.09768 
-3.52 0.48 0.935742 
-3.52 0.56 0.762885 
-3.52 0.64 0.81952 
-3.52 0.72 1.17684 
-3.52 0.8 1.67168 
-3.52 0.88 2.0501 
-3.52 0.96 2.13642 
-3.52 1.04 1.95897 
-3.52 1.12 1.61359 
-3.52 1.2 0.984648 
-3.52 1.28 0.530857 
-3.52 1.36 0.546692 
-3.52 1.44 0.794477 
-3.52 1.52 1.01302 
-3.52 1.6 0.829723 
-3.52 1.68 0.767921 
-3.52 1.76 0.722515 
-3.52 1.84 0.568018 
-3.52 1.92 0.495597 
-3.52 2 0.649041 
-3.44 -2 2.31818e-08 
-3.44 -1.92 4.84269e-08 
-3.44 -1.84 1.01158e-07 
-3.44 -1.76 2.11287e-07 
-3.44 -1.68 4.41254e-07 
-3.44 -1.6 9.21348e-07 
-3.44 -1.52 1.92327e-06 
-3.44 -1.44 4.01317e-06 
-3.44 -1.36 8.36929e-06 
-3.44 -1.28 1.74396e-05 
-3.44 -1.2 3.62972e-05 
-3.44 -1.12 7.54186e-05 
-3.44 -1.04 0.000156327 
-3.44 -0.96 0.000322915 
-3.44 -0.88 0.000663762 
-3.44 -0.8 0.00135498 
-3.44 -0.72 0.00273948 
-3.44 -0.64 0.00546609 
-3.44 -0.56 0.0107163 
-3.44 -0.48 0.0205401 
-3.44 -0.4 0.0383066 
-3.44 -0.32 0.0692876 
-3.44 -0.24 0.121494 
-3.44 -0.16 0.206827 
-3.44 -0.08 0.341447 
-3.44 6.93889e-16 0.541788 
-3.44 0.08 0.811958 
-3.44 0.16 1.12757 
-3.44 0.24 1.42759 
-3.44 0.32 1.60629 
-3.44 0.4 1.58077 
-3.44 0.48 1.34919 
-3.44 0.56 1.10082 
-3.44 0.64 1.18172 
-3.44 0.72 1.69503 
-3.44 0.8 2.4047 
-3.44 0.88 2.94526 
-3.44 0.96 3.06626 
-3.44 1.04 2.81206 
-3.44 1.12 2.32044 
-3.44 1.2 1.41932 
-3.44 1.28 0.766392 
-3.44 1.36 0.789248 
-3.44 1.44 1.14606 
-3.44 1.52 1.46052 
-3.44 1.6 1.19652 
-3.44 1.68 1.10806 
-3.44 1.76 1.04264 
-3.44 1.84 0.819978 
-3.44 1.92 0.715565 
-3.44 2 0.936764 
-3.36 -2 3.3508e-08 
-3.36 -1.92 6.99982e-08 
-3.36 -1.84 1.46217e-07 
-3.36 -1.76 3.05402e-07 
-3.36 -1.68 6.37806e-07 
-3.36 -1.6 1.33175e-06 
-3.36 -1.52 2.77997e-06 
-3.36 -1.44 5.80079e-06 
-3.36 -1.36 1.20973e-05 
-3.36 -1.28 2.52079e-05 
-3.36 -1.2 5.24655e-05 
-3.36 -1.12 0.000109013 
-3.36 -1.04 0.000225961 
-3.36 -0.96 0.000466754 
-3.36 -0.88 0.000959425 
-3.36 -0.8 0.00195853 
-3.36 -0.72 0.00395971 
-3.36 -0.64 0.00790071 
-3.36 -0.56 0.015489 
-3.36 -0.48 0.0296867 
-3.36 -0.4 0.0553606 
-3.36 -0.32 0.100121 
-3.36 -0.24 0.175519 
-3.36 -0.16 0.298688 
-3.36 -0.08 0.492812 
-3.36 6.93889e-16 0.781301 
-3.36 0.08 1.1696 
-3.36 0.16 1.6222 
-3.36 0.24 2.05167 
-3.36 0.32 2.3077 
-3.36 0.4 2.27279 
-3.36 0.48 1.94319 
-3.36 0.56 1.58724 
-3.36 0.64 1.70221 
-3.36 0.72 2.4376 
-3.36 0.8 3.45191 
-3.36 0.88 4.22014 
-3.36 0.96 4.38739 
-3.36 1.04 4.02463 
-3.36 1.12 3.32953 
-3.36 1.2 2.04338 
-3.36 1.28 1.10584 
-3.36 1.36 1.13881 
-3.36 1.44 1.65178 
-3.36 1.52 2.10333 
-3.36 1.6 1.72369 
-3.36 1.68 1.59765 
-3.36 1.76 1.5035 
-3.36 1.84 1.18302 
-3.36 1.92 1.03266 
-3.36 2 1.35115 
-3.28 -2 4.84337e-08 
-3.28 -1.92 1.01178e-07 
-3.28 -1.84 2.11349e-07 
-3.28 -1.76 4.41441e-07 
-3.28 -1.68 9.21911e-07 
-3.28 -1.6 1.92497e-06 
-3.28 -1.52 4.01828e-06 
-3.28 -1.44 8.3847e-06 
-3.28 -1.36 1.74859e-05 
-3.28 -1.28 3.64364e-05 
-3.28 -1.2 7.58357e-05 
-3.28 -1.12 0.000157572 
-3.28 -1.04 0.000326613 
-3.28 -0.96 0.000674663 
-3.28 -0.88 0.00138679 
-3.28 -0.8 0.00283091 
-3.28 -0.72 0.00572343 
-3.28 -0.64 0.0114196 
-3.28 -0.56 0.0223868 
-3.28 -0.48 0.0429048 
-3.28 -0.4 0.080001 
-3.28 -0.32 0.144655 
-3.28 -0.24 0.253507 
-3.28 -0.16 0.431174 
-3.28 -0.08 0.710813 
-3.28 6.93889e-16 1.12554 
-3.28 0.08 1.68222 
-3.28 0.16 2.32904 
-3.28 0.24 2.9412 
-3.28 0.32 3.30665 
-3.28 0.4 3.26024 
-3.28 0.48 2.7943 
-3.28 0.56 2.28611 
-3.28 0.64 2.44822 
-3.28 0.72 3.49774 
-3.28 0.8 4.94044 
-3.28 0.88 6.02436 
-3.28 0.96 6.25083 
-3.28 1.04 5.73588 
-3.28 1.12 4.76239 
-3.28 1.2 2.93674 
-3.28 1.28 1.5944 
-3.28 1.36 1.6419 
-3.28 1.44 2.37762 
-3.28 1.52 3.02417 
-3.28 1.6 2.47947 
-3.28 1.68 2.30101 
-3.28 1.76 2.16581 
-3.28 1.84 1.70541 
-3.28 1.92 1.48922 
-3.28 2 1.94701 
-3.2 -2 7.0008e-08 
-3.2 -1.92 1.46247e-07 
-3.2 -1.84 3.05492e-07 
-3.2 -1.76 6.38076e-07 
-3.2 -1.68 1.33257e-06 
-3.2 -1.6 2.78243e-06 
-3.2 -1.52 5.80819e-06 
-3.2 -1.44 1.21196e-05 
-3.2 -1.36 2.52749e-05 
-3.2 -1.28 5.26667e-05 
-3.2 -1.2 0.000109616 
-3.2 -1.12 0.00022776 
-3.2 -1.04 0.000472098 
-3.2 -0.96 0.000975182 
-3.2 -0.88 0.0020045 
-3.2 -0.8 0.00409186 
-3.2 -0.72 0.00827266 
-3.2 -0.64 0.0165055 
-3.2 -0.56 0.0323556 
-3.2 -0.48 0.0620046 
-3.2 -0.4 0.115596 
-3.2 -0.32 0.208957 
-3.2 -0.24 0.366024 
-3.2 -0.16 0.622068 
-3.2 -0.08 1.02428 
-3.2 6.93889e-16 1.61907 
-3.2 0.08 2.41429 
-3.2 0.16 3.33411 
-3.2 0.24 4.20147 
-3.2 0.32 4.72036 
-3.2 0.4 4.66143 
-3.2 0.48 4.00921 
-3.2 0.56 3.28755 
-3.2 0.64 3.51358 
-3.2 0.72 5.0032 
-3.2 0.8 7.0413 
-3.2 0.88 8.55518 
-3.2 0.96 8.85256 
-3.2 1.04 8.12689 
-3.2 1.12 6.78172 
-3.2 1.2 4.21021 
-3.2 1.28 2.29624 
-3.2 1.36 2.36461 
-3.2 1.44 3.41619 
-3.2 1.52 4.33817 
-3.2 1.6 3.55915 
-3.2 1.68 3.30881 
-3.2 1.76 3.1152 
-3.2 1.84 2.45555 
-3.2 1.92 2.14545 
-3.2 2 2.80186 
-3.12 -2 1.01192e-07 
-3.12 -1.92 2.11391e-07 
-3.12 -1.84 4.4157e-07 
-3.12 -1.76 9.223e-07 
-3.12 -1.68 1.92614e-06 
-3.12 -1.6 4.02183e-06 
-3.12 -1.52 8.39538e-06 
-3.12 -1.44 1.75181e-05 
-3.12 -1.36 3.65333e-05 
-3.12 -1.28 7.61265e-05 
-3.12 -1.2 0.000158443 
-3.12 -1.12 0.000329213 
-3.12 -1.04 0.000682388 
-3.12 -0.96 0.00140956 
-3.12 -0.88 0.00289736 
-3.12 -0.8 0.00591443 
-3.12 -0.72 0.0119572 
-3.12 -0.64 0.023856 
-3.12 -0.56 0.0467615 
-3.12 -0.48 0.0895995 
-3.12 -0.4 0.167002 
-3.12 -0.32 0.301759 
-3.12 -0.24 0.52822 
-3.12 -0.16 0.896732 
-3.12 -0.08 1.474 
-3.12 6.93889e-16 2.32409 
-3.12 0.08 3.45428 
-3.12 0.16 4.75323 
-3.12 0.24 5.9719 
-3.12 0.32 6.70324 
-3.12 0.4 6.63422 
-3.12 0.48 5.73406 
-3.12 0.56 4.71712 
-3.12 0.64 5.02708 
-3.12 0.72 7.12506 
-3.12 0.8 9.97705 
-3.12 0.88 12.0619 
-3.12 0.96 12.4346 
-3.12 1.04 11.4219 
-3.12 1.12 9.59786 
-3.12 1.2 6.01479 
-3.12 1.28 3.30178 
-3.12 1.36 3.39997 
-3.12 1.44 4.8957 
-3.12 1.52 6.20281 
-3.12 1.6 5.09372 
-3.12 1.68 4.74727 
-3.12 1.76 4.47116 
-3.12 1.84 3.52967 
-3.12 1.92 3.08635 
-3.12 2 4.02424 
-3.04 -2 1.46268e-07 
-3.04 -1.92 3.05553e-07 
-3.04 -1.84 6.38262e-07 
-3.04 -1.76 1.33313e-06 
-3.04 -1.68 2.78413e-06 
-3.04 -1.6 5.81331e-06 
-3.04 -1.52 1.2135e-05 
-3.04 -1.44 2.53214e-05 
-3.04 -1.36 5.28066e-05 
-3.04 -1.28 0.000110036 
-3.04 -1.2 0.00022902 
-3.04 -1.12 0.000475858 
-3.04 -1.04 0.000986348 
-3.04 -0.96 0.00203742 
-3.04 -0.88 0.00418791 
-3.04 -0.8 0.00854873 
-3.04 -0.72 0.0172825 
-3.04 -0.64 0.0344788 
-3.04 -0.56 0.067577 
-3.04 -0.48 0.12946 
-3.04 -0.4 0.241215 
-3.04 -0.32 0.435598 
-3.04 -0.24 0.761751 
-3.04 -0.16 1.29113 
-3.04 -0.08 2.11706 
-3.04 6.93889e-16 3.32611 
-3.04 0.08 4.92079 
-3.04 0.16 6.73724 
-3.04 0.24 8.42961 
-3.04 0.32 9.45013 
-3.04 0.4 9.38174 
-3.04 0.48 8.16434 
-3.04 0.56 6.74685 
-3.04 0.64 7.16152 
-3.04 0.72 10.0846 
-3.04 0.8 14.0238 
-3.04 0.88 16.8407 
-3.04 0.96 17.274 
-3.04 1.04 15.879 
-3.04 1.12 13.469 
-3.04 1.2 8.55067 
-3.04 1.28 4.73682 
-3.04 1.36 4.87745 
-3.04 1.44 6.99028 
-3.04 1.52 8.82824 
-3.04 1.6 7.25935 
-3.04 1.68 6.78924 
-3.04 1.76 6.39774 
-3.04 1.84 5.06136 
-3.04 1.92 4.43065 
-3.04 2 5.76399 
-2.96 -2 2.11421e-07 
-2.96 -1.92 4.41659e-07 
-2.96 -1.84 9.2257e-07 
-2.96 -1.76 1.92696e-06 
-2.96 -1.68 4.02429e-06 
-2.96 -1.6 8.40279e-06 
-2.96 -1.52 1.75404e-05 
-2.96 -1.44 3.66005e-05 
-2.96 -1.36 7.63288e-05 
-2.96 -1.28 0.000159051 
-2.96 -1.2 0.000331034 
-2.96 -1.12 0.000687822 
-2.96 -1.04 0.0014257 
-2.96 -0.96 0.00294495 
-2.96 -0.88 0.00605326 
-2.96 -0.8 0.0123562 
-2.96 -0.72 0.0249789 
-2.96 -0.64 0.0498294 
-2.96 -0.56 0.0976494 
-2.96 -0.48 0.18702 
-2.96 -0.4 0.348292 
-2.96 -0.32 0.62843 
-2.96 -0.24 1.09741 
-2.96 -0.16 1.85582 
-2.96 -0.08 3.03229 
-2.96 6.93889e-16 4.73998 
-2.96 0.08 6.96728 
-2.96 0.16 9.47309 
-2.96 0.24 11.7861 
-2.96 0.32 13.1914 
-2.96 0.4 13.1516 
-2.96 0.48 11.5524 
-2.96 0.56 9.60664 
-2.96 0.64 10.141 
-2.96 0.72 14.1539 
-2.96 0.8 19.5001 
-2.96 0.88 23.2108 
-2.96 0.96 23.6527 
-2.96 1.04 21.7617 
-2.96 1.12 18.6887 
-2.96 1.2 12.0731 
-2.96 1.28 6.7736 
-2.96 1.36 6.97419 
-2.96 1.44 9.92972 
-2.96 1.52 12.4847 
-2.96 1.6 10.2852 
-2.96 1.68 9.66555 
-2.96 1.76 9.11502 
-2.96 1.84 7.2328 
-2.96 1.92 6.34159 
-2.96 2 8.22362 
-2.88 -2 3.05596e-07 
-2.88 -1.92 6.38391e-07 
-2.88 -1.84 1.33352e-06 
-2.88 -1.76 2.7853e-06 
-2.88 -1.68 5.81686e-06 
-2.88 -1.6 1.21457e-05 
-2.88 -1.52 2.53537e-05 
-2.88 -1.44 5.29038e-05 
-2.88 -1.36 0.000110329 
-2.88 -1.28 0.000229898 
-2.88 -1.2 0.000478489 
-2.88 -1.12 0.000994202 
-2.88 -1.04 0.00206075 
-2.88 -0.96 0.00425669 
-2.88 -0.88 0.00874939 
-2.88 -0.8 0.0178592 
-2.88 -0.72 0.0361015 
-2.88 -0.64 0.0720097 
-2.88 -0.56 0.141086 
-2.88 -0.48 0.270103 
-2.88 -0.4 0.502666 
-2.88 -0.32 0.905862 
-2.88 -0.24 1.57867 
-2.88 -0.16 2.66097 
-2.88 -0.08 4.3262 
-2.88 6.93889e-16 6.71472 
-2.88 0.08 9.78203 
-2.88 0.16 13.1753 
-2.88 0.24 16.2703 
-2.88 0.32 18.1727 
-2.88 0.4 18.2216 
-2.88 0.48 16.2075 
-2.88 0.56 13.5927 
-2.88 0.64 14.2421 
-2.88 0.72 19.6422 
-2.88 0.8 26.7337 
-2.88 0.88 31.4648 
-2.88 0.96 31.8024 
-2.88 1.04 29.2884 
-2.88 1.12 25.5512 
-2.88 1.2 16.8891 
-2.88 1.28 9.64193 
-2.88 1.36 9.92634 
-2.88 1.44 14.0049 
-2.88 1.52 17.5013 
-2.88 1.6 14.4552 
-2.88 1.68 13.6733 
-2.88 1.76 12.908 
-2.88 1.84 10.2858 
-2.88 1.92 9.03859 
-2.88 2 11.6685 
-2.8 -2 4.41721e-07 
-2.8 -1.92 9.22756e-07 
-2.8 -1.84 1.92752e-06 
-2.8 -1.76 4.02599e-06 
-2.8 -1.68 8.40792e-06 
-2.8 -1.6 1.75559e-05 
-2.8 -1.52 3.66472e-05 
-2.8 -1.44 7.64693e-05 
-2.8 -1.36 0.000159473 
-2.8 -1.28 0.000332303 
-2.8 -1.2 0.000691625 
-2.8 -1.12 0.00143705 
-2.8 -1.04 0.00297866 
-2.8 -0.96 0.00615267 
-2.8 -0.88 0.0126462 
-2.8 -0.8 0.0258123 
-2.8 -0.72 0.0521743 
-2.8 -0.64 0.104053 
-2.8 -0.56 0.203804 
-2.8 -0.48 0.389955 
-2.8 -0.4 0.724973 
-2.8 -0.32 1.30419 
-2.8 -0.24 2.26623 
-2.8 -0.16 3.80224 
-2.8 -0.08 6.13836 
-2.8 6.93889e-16 9.43403 
-2.8 0.08 13.5776 
-2.8 0.16 18.0609 
-2.8 0.24 22.0906 
-2.8 0.32 24.6133 
-2.8 0.4 24.8653 
-2.8 0.48 22.4788 
-2.8 0.56 19.066 
-2.8 0.64 19.7813 
-2.8 0.72 26.8607 
-2.8 0.8 35.9997 
-2.8 0.88 41.794 
-2.8 0.96 41.8334 
-2.8 1.04 38.5634 
-2.8 1.12 34.2929 
-2.8 1.2 23.3362 
-2.8 1.28 13.6373 
-2.8 1.36 14.0371 
-2.8 1.44 19.5611 
-2.8 1.52 24.2457 
-2.8 1.6 20.0968 
-2.8 1.68 19.1737 
-2.8 1.76 18.1268 
-2.8 1.84 14.5287 
-2.8 1.92 12.8067 
-2.8 2 16.4305 
-2.72 -2 6.38481e-07 
-2.72 -1.92 1.33379e-06 
-2.72 -1.84 2.78612e-06 
-2.72 -1.76 5.81932e-06 
-2.72 -1.68 1.21531e-05 
-2.72 -1.6 2.5376e-05 
-2.72 -1.52 5.29713e-05 
-2.72 -1.44 0.000110532 
-2.72 -1.36 0.000230509 
-2.72 -1.28 0.000480324 
-2.72 -1.2 0.000999699 
-2.72 -1.12 0.00207716 
-2.72 -1.04 0.00430542 
-2.72 -0.96 0.00889307 
-2.72 -0.88 0.0182783 
-2.72 -0.8 0.0373059 
-2.72 -0.72 0.0753974 
-2.72 -0.64 0.150333 
-2.72 -0.56 0.294322 
-2.72 -0.48 0.562691 
-2.72 -0.4 1.04458 
-2.72 -0.32 1.87441 
-2.72 -0.24 3.24358 
-2.72 -0.16 5.40646 
-2.72 -0.08 8.64321 
-2.72 6.93889e-16 13.1067 
-2.72 0.08 18.5623 
-2.72 0.16 24.3006 
-2.72 0.24 29.3746 
-2.72 0.32 32.643 
-2.72 0.4 33.2925 
-2.72 0.48 30.7126 
-2.72 0.56 26.4287 
-2.72 0.64 27.0799 
-2.72 0.72 36.0599 
-2.72 0.8 47.4349 
-2.72 0.88 54.2049 
-2.72 0.96 53.6717 
-2.72 1.04 49.5176 
-2.72 1.12 45.016 
-2.72 1.2 31.7337 
-2.72 1.28 19.1186 
-2.72 1.36 19.6739 
-2.72 1.44 26.9697 
-2.72 1.52 33.0744 
-2.72 1.6 27.5453 
-2.72 1.68 26.5684 
-2.72 1.76 25.1672 
-2.72 1.84 20.3313 
-2.72 1.92 17.9974 
-2.72 2 22.8954 
-2.64 -2 9.22886e-07 
-2.64 -1.92 1.92791e-06 
-2.64 -1.84 4.02716e-06 
-2.64 -1.76 8.41148e-06 
-2.64 -1.68 1.75666e-05 
-2.64 -1.6 3.66795e-05 
-2.64 -1.52 7.65668e-05 
-2.64 -1.44 0.000159767 
-2.64 -1.36 0.000333186 
-2.64 -1.28 0.000694277 
-2.64 -1.2 0.001445 
-2.64 -1.12 0.00300238 
-2.64 -1.04 0.00622311 
-2.64 -0.96 0.0128539 
-2.64 -0.88 0.0264181 
-2.64 -0.8 0.0539146 
-2.64 -0.72 0.108946 
-2.64 -0.64 0.217153 
-2.64 -0.56 0.424875 
-2.64 -0.48 0.811327 
-2.64 -0.4 1.50298 
-2.64 -0.32 2.68727 
-2.64 -0.24 4.62288 
-2.64 -0.16 7.63517 
-2.64 -0.08 12.0435 
-2.64 6.93889e-16 17.9396 
-2.64 0.08 24.8884 
-2.64 0.16 31.9523 
-2.64 0.24 38.1009 
-2.64 0.32 42.2363 
-2.64 0.4 43.5778 
-2.64 0.48 41.1755 
-2.64 0.56 36.0649 
-2.64 0.64 36.4013 
-2.64 0.72 47.3479 
-2.64 0.8 60.9535 
-2.64 0.88 68.4624 
-2.64 0.96 67.0441 
-2.64 1.04 61.8952 
-2.64 1.12 57.6237 
-2.64 1.2 42.3053 
-2.64 1.28 26.4842 
-2.64 1.36 27.2421 
-2.64 1.44 36.565 
-2.64 1.52 44.2453 
-2.64 1.6 37.0803 
-2.64 1.68 36.239 
-2.64 1.76 34.4175 
-2.64 1.84 28.0955 
-2.64 1.92 25.0107 
-2.64 2 31.4614 
-2.56 -2 1.33398e-06 
-2.56 -1.92 2.78668e-06 
-2.56 -1.84 5.82102e-06 
-2.56 -1.76 1.21583e-05 
-2.56 -1.68 2.53915e-05 
-2.56 -1.6 5.3018e-05 
-2.56 -1.52 0.000110673 
-2.56 -1.44 0.000230933 
-2.56 -1.36 0.0004816 
-2.56 -1.28 0.00100353 
-2.56 -1.2 0.00208865 
-2.56 -1.12 0.00433971 
-2.56 -1.04 0.00899489 
-2.56 -0.96 0.0185785 
-2.56 -0.88 0.0381813 
-2.56 -0.8 0.0779118 
-2.56 -0.72 0.1574 
-2.56 -0.64 0.313582 
-2.56 -0.56 0.612984 
-2.56 -0.48 1.16855 
-2.56 -0.4 2.15822 
-2.56 -0.32 3.83908 
-2.56 -0.24 6.54984 
-2.56 -0.16 10.6817 
-2.56 -0.08 16.5484 
-2.56 6.93889e-16 24.0879 
-2.56 0.08 32.583 
-2.56 0.16 40.8956 
-2.56 0.24 48.0554 
-2.56 0.32 53.1802 
-2.56 0.4 55.6063 
-2.56 0.48 53.9518 
-2.56 0.56 48.234 
-2.56 0.64 47.8658 
-2.56 0.72 60.6171 
-2.56 0.8 76.2014 
-2.56 0.88 84.0927 
-2.56 0.96 81.5255 
-2.56 1.04 75.3106 
-2.56 1.12 71.803 
-2.56 1.2 55.084 
-2.56 1.28 36.112 
-2.56 1.36 37.1219 
-2.56 1.44 48.5463 
-2.56 1.52 57.8031 
-2.56 1.6 48.8349 
-2.56 1.68 48.4404 
-2.56 1.76 46.1599 
-2.56 1.84 38.1869 
-2.56 1.92 34.2425 
-2.56 2 42.4543 
-2.48 -2 1.92818e-06 
-2.48 -1.92 4.02798e-06 
-2.48 -1.84 8.41394e-06 
-2.48 -1.76 1.75741e-05 
-2.48 -1.68 3.67019e-05 
-2.48 -1.6 7.66343e-05 
-2.48 -1.52 0.000159971 
-2.48 -1.44 0.0003338 
-2.48 -1.36 0.000696123 
-2.48 -1.28 0.00145054 
-2.48 -1.2 0.00301898 
-2.48 -1.12 0.00627266 
-2.48 -1.04 0.013001 
-2.48 -0.96 0.0268519 
-2.48 -0.88 0.0551795 
-2.48 -0.8 0.112578 
-2.48 -0.72 0.227354 
-2.48 -0.64 0.452638 
-2.48 -0.56 0.883646 
-2.48 -0.48 1.68044 
-2.48 -0.4 3.09028 
-2.48 -0.32 5.45736 
-2.48 -0.24 9.20421 
-2.48 -0.16 14.7554 
-2.48 -0.08 22.3286 
-2.48 6.93889e-16 31.5857 
-2.48 0.08 41.4843 
-2.48 0.16 50.8108 
-2.48 0.24 58.8564 
-2.48 0.32 65.1131 
-2.48 0.4 69.0718 
-2.48 0.48 68.8472 
-2.48 0.56 62.9282 
-2.48 0.64 61.371 
-2.48 0.72 75.5167 
-2.48 0.8 92.5781 
-2.48 0.88 100.443 
-2.48 0.96 96.6217 
-2.48 1.04 89.3477 
-2.48 1.12 87.0683 
-2.48 1.2 69.8368 
-2.48 1.28 48.2542 
-2.48 1.36 49.556 
-2.48 1.44 62.8603 
-2.48 1.52 73.473 
-2.48 1.6 62.7071 
-2.48 1.68 63.1582 
-2.48 1.76 60.4341 
-2.48 1.84 50.8212 
-2.48 1.92 45.9858 
-2.48 2 55.9992 
-2.4 -2 2.78707e-06 
-2.4 -1.92 5.8222e-06 
-2.4 -1.84 1.21618e-05 
-2.4 -1.76 2.54022e-05 
-2.4 -1.68 5.30504e-05 
-2.4 -1.6 0.00011077 
-2.4 -1.52 0.000231228 
-2.4 -1.44 0.000482487 
-2.4 -1.36 0.0010062 
-2.4 -1.28 0.00209666 
-2.4 -1.2 0.0043637 
-2.4 -1.12 0.00906651 
-2.4 -1.04 0.0187912 
-2.4 -0.96 0.0388082 
-2.4 -0.88 0.0797393 
-2.4 -0.8 0.162644 
-2.4 -0.72 0.328297 
-2.4 -0.64 0.652959 
-2.4 -0.56 1.27231 
-2.4 -0.48 2.41115 
-2.4 -0.4 4.40701 
-2.4 -0.32 7.70414 
-2.4 -0.24 12.7905 
-2.4 -0.16 20.0455 
-2.4 -0.08 29.451 
-2.4 6.93889e-16 40.2802 
-2.4 0.08 51.2295 
-2.4 0.16 61.2392 
-2.4 0.24 70.0621 
-2.4 0.32 77.6336 
-2.4 0.4 83.5389 
-2.4 0.48 85.3432 
-2.4 0.56 79.7422 
-2.4 0.64 76.5548 
-2.4 0.72 91.4872 
-2.4 0.8 109.318 
-2.4 0.88 116.774 
-2.4 0.96 111.829 
-2.4 1.04 103.634 
-2.4 1.12 102.838 
-2.4 1.2 86.0454 
-2.4 1.28 62.8976 
-2.4 1.36 64.5046 
-2.4 1.44 79.1111 
-2.4 1.52 90.6204 
-2.4 1.6 78.3096 
-2.4 1.68 79.9812 
-2.4 1.76 76.9035 
-2.4 1.84 65.9211 
-2.4 1.92 60.2909 
-2.4 2 71.8806 
-2.32 -2 4.02854e-06 
-2.32 -1.92 8.41564e-06 
-2.32 -1.84 1.75792e-05 
-2.32 -1.76 3.67174e-05 
-2.32 -1.68 7.66811e-05 
-2.32 -1.6 0.000160112 
-2.32 -1.52 0.000334225 
-2.32 -1.44 0.000697404 
-2.32 -1.36 0.0014544 
-2.32 -1.28 0.00303056 
-2.32 -1.2 0.00630735 
-2.32 -1.12 0.0131046 
-2.32 -1.04 0.0271592 
-2.32 -0.96 0.0560852 
-2.32 -0.88 0.115218 
-2.32 -0.8 0.234924 
-2.32 -0.72 0.473848 
-2.32 -0.64 0.941105 
-2.32 -0.56 1.8288 
-2.32 -0.48 3.4486 
-2.32 -0.4 6.24917 
-2.32 -0.32 10.7725 
-2.32 -0.24 17.5117 
-2.32 -0.16 26.6617 
-2.32 -0.08 37.8075 
-2.32 6.93889e-16 49.8117 
-2.32 0.08 61.3245 
-2.32 0.16 71.718 
-2.32 0.24 81.3167 
-2.32 0.32 90.4212 
-2.32 0.4 98.5275 
-2.32 0.48 102.641 
-2.32 0.56 97.8401 
-2.32 0.64 92.8235 
-2.32 0.72 107.839 
-2.32 0.8 125.603 
-2.32 0.88 132.346 
-2.32 0.96 126.645 
-2.32 1.04 117.836 
-2.32 1.12 118.496 
-2.32 1.2 102.963 
-2.32 1.28 79.6388 
-2.32 1.36 81.5183 
-2.32 1.44 96.5531 
-2.32 1.52 108.32 
-2.32 1.6 94.992 
-2.32 1.68 98.0695 
-2.32 1.76 94.8041 
-2.32 1.84 83.0009 
-2.32 1.92 76.8256 
-2.32 2 89.4576 
-2.24 -2 5.82301e-06 
-2.24 -1.92 1.21643e-05 
-2.24 -1.84 2.54097e-05 
-2.24 -1.76 5.30728e-05 
-2.24 -1.68 0.000110838 
-2.24 -1.6 0.000231432 
-2.24 -1.52 0.000483102 
-2.24 -1.44 0.00100805 
-2.24 -1.36 0.00210223 
-2.24 -1.28 0.00438043 
-2.24 -1.2 0.00911663 
-2.24 -1.12 0.0189408 
-2.24 -1.04 0.0392523 
-2.24 -0.96 0.0810478 
-2.24 -0.88 0.166456 
-2.24 -0.8 0.339217 
-2.24 -0.72 0.683491 
-2.24 -0.64 1.35469 
-2.24 -0.56 2.6223 
-2.24 -0.48 4.91028 
-2.24 -0.4 8.79169 
-2.24 -0.32 14.8703 
-2.24 -0.24 23.5196 
-2.24 -0.16 34.5618 
-2.24 -0.08 47.0795 
-2.24 6.93889e-16 59.6757 
-2.24 0.08 71.287 
-2.24 0.16 81.9306 
-2.24 0.24 92.4553 
-2.24 0.32 103.289 
-2.24 0.4 113.562 
-2.24 0.48 119.792 
-2.24 0.56 116.078 
-2.24 0.64 109.434 
-2.24 0.72 123.84 
-2.24 0.8 140.68 
-2.24 0.88 146.514 
-2.24 0.96 140.568 
-2.24 1.04 131.608 
-2.24 1.12 133.436 
-2.24 1.2 119.728 
-2.24 1.28 97.6534 
-2.24 1.36 99.7164 
-2.24 1.44 114.199 
-2.24 1.52 125.529 
-2.24 1.6 111.931 
-2.24 1.68 116.285 
-2.24 1.76 113.043 
-2.24 1.84 101.161 
-2.24 1.92 94.817 
-2.24 2 107.715 
-2.16 -2 8.41682e-06 
-2.16 -1.92 1.75828e-05 
-2.16 -1.84 3.67282e-05 
-2.16 -1.76 7.67135e-05 
-2.16 -1.68 0.000160209 
-2.16 -1.6 0.00033452 
-2.16 -1.52 0.000698293 
-2.16 -1.44 0.00145707 
-2.16 -1.36 0.00303861 
-2.16 -1.28 0.00633153 
-2.16 -1.2 0.013177 
-2.16 -1.12 0.0273754 
-2.16 -1.04 0.0567271 
-2.16 -0.96 0.117108 
-2.16 -0.88 0.240425 
-2.16 -0.8 0.489585 
-2.16 -0.72 0.984977 
-2.16 -0.64 1.94651 
-2.16 -0.56 3.74712 
-2.16 -0.48 6.94754 
-2.16 -0.4 12.236 
-2.16 -0.32 20.1825 
-2.16 -0.24 30.8453 
-2.16 -0.16 43.4969 
-2.16 -0.08 56.7764 
-2.16 6.93889e-16 69.3601 
-2.16 0.08 80.7956 
-2.16 0.16 91.7932 
-2.16 0.24 103.508 
-2.16 0.32 116.131 
-2.16 0.4 128.169 
-2.16 0.48 135.876 
-2.16 0.56 133.284 
-2.16 0.64 125.596 
-2.16 0.72 138.796 
-2.16 0.8 153.975 
-2.16 0.88 158.816 
-2.16 0.96 153.131 
-2.16 1.04 144.548 
-2.16 1.12 147.1 
-2.16 1.2 135.504 
-2.16 1.28 115.821 
-2.16 1.36 117.933 
-2.16 1.44 131.018 
-2.16 1.52 141.309 
-2.16 1.6 128.263 
-2.16 1.68 133.457 
-2.16 1.76 130.444 
-2.16 1.84 119.246 
-2.16 1.92 113.151 
-2.16 2 125.472 
-2.08 -2 1.2166e-05 
-2.08 -1.92 2.54148e-05 
-2.08 -1.84 5.30883e-05 
-2.08 -1.76 0.000110885 
-2.08 -1.68 0.000231573 
-2.08 -1.6 0.000483528 
-2.08 -1.52 0.00100934 
-2.08 -1.44 0.0021061 
-2.08 -1.36 0.00439208 
-2.08 -1.28 0.00915159 
-2.08 -1.2 0.0190455 
-2.08 -1.12 0.0395648 
-2.08 -1.04 0.081975 
-2.08 -0.96 0.169185 
-2.08 -0.88 0.347152 
-2.08 -0.8 0.706141 
-2.08 -0.72 1.41757 
-2.08 -0.64 2.78964 
-2.08 -0.56 5.32836 
-2.08 -0.48 9.74473 
-2.08 -0.4 16.7861 
-2.08 -0.32 26.8111 
-2.08 -0.24 39.3314 
-2.08 -0.16 53.0204 
-2.08 -0.08 66.3582 
-2.08 6.93889e-16 78.4991 
-2.08 0.08 89.7743 
-2.08 0.16 101.441 
-2.08 0.24 114.604 
-2.08 0.32 128.814 
-2.08 0.4 141.867 
-2.08 0.48 150.169 
-2.08 0.56 148.529 
-2.08 0.64 140.581 
-2.08 0.72 152.141 
-2.08 0.8 165.163 
-2.08 0.88 169.032 
-2.08 0.96 163.984 
-2.08 1.04 156.246 
-2.08 1.12 159.057 
-2.08 1.2 149.613 
-2.08 1.28 132.982 
-2.08 1.36 134.999 
-2.08 1.44 146.153 
-2.08 1.52 155.005 
-2.08 1.6 143.221 
-2.08 1.68 148.666 
-2.08 1.76 146.034 
-2.08 1.84 136.117 
-2.08 1.92 130.628 
-2.08 2 141.67 
-2 -2 1.75852e-05 
-2 -1.92 3.67356e-05 
-2 -1.84 7.6736e-05 
-2 -1.76 0.000160277 
-2 -1.68 0.000334724 
-2 -1.6 0.000698909 
-2 -1.52 0.00145893 
-2 -1.44 0.00304421 
-2 -1.36 0.00634836 
-2 -1.28 0.0132275 
-2 -1.2 0.0275268 
-2 -1.12 0.0571785 
-2 -1.04 0.118447 
-2 -0.96 0.244364 
-2 -0.88 0.50102 
-2 -0.8 1.01752 
-2 -0.72 2.03629 
-2 -0.64 3.9833 
-2 -0.56 7.52538 
-2 -0.48 13.5072 
-2 -0.4 22.6019 
-2 -0.32 34.7021 
-2 -0.24 48.6072 
-2 -0.16 62.5823 
-2 -0.08 75.392 
-2 6.93889e-16 86.968 
-2 0.08 98.3814 
-2 0.16 111.13 
-2 0.24 125.824 
-2 0.32 141.082 
-2 0.4 154.205 
-2 0.48 162.248 
-2 0.56 161.306 
-2 0.64 153.823 
-2 0.72 163.515 
-2 0.8 174.187 
-2 0.88 177.178 
-2 0.96 172.967 
-2 1.04 166.371 
-2 1.12 169.069 
-2 1.2 161.634 
-2 1.28 148.22 
-2 1.36 150.02 
-2 1.44 159.064 
-2 1.52 166.321 
-2 1.6 156.255 
-2 1.68 161.41 
-2 1.76 159.231 
-2 1.84 150.922 
-2 1.92 146.259 
-2 2 155.604 
-1.92 -2 2.54184e-05 
-1.92 -1.92 5.30991e-05 
-1.92 -1.84 0.000110917 
-1.92 -1.76 0.000231671 
-1.92 -1.68 0.000483823 
-1.92 -1.6 0.00101023 
-1.92 -1.52 0.00210878 
-1.92 -1.44 0.00440016 
-1.92 -1.36 0.00917591 
-1.92 -1.28 0.0191185 
-1.92 -1.2 0.0397835 
-1.92 -1.12 0.0826273 
-1.92 -1.04 0.171119 
-1.92 -0.96 0.352833 
-1.92 -0.88 0.722597 
-1.92 -0.8 1.46419 
-1.92 -0.72 2.91715 
-1.92 -0.64 5.65835 
-1.92 -0.56 10.5289 
-1.92 -0.48 18.4312 
-1.92 -0.4 29.7315 
-1.92 -0.32 43.5918 
-1.92 -0.24 58.1451 
-1.92 -0.16 71.6814 
-1.92 -0.08 83.6675 
-1.92 6.93889e-16 94.8882 
-1.92 0.08 106.923 
-1.92 0.16 121.092 
-1.92 0.24 137.08 
-1.92 0.32 152.56 
-1.92 0.4 164.846 
-1.92 0.48 172.016 
-1.92 0.56 171.522 
-1.92 0.64 164.996 
-1.92 0.72 172.799 
-1.92 0.8 181.205 
-1.92 0.88 183.454 
-1.92 0.96 180.104 
-1.92 1.04 174.75 
-1.92 1.12 177.116 
-1.92 1.2 171.433 
-1.92 1.28 161.019 
-1.92 1.36 162.534 
-1.92 1.44 169.575 
-1.92 1.52 175.285 
-1.92 1.6 167.096 
-1.92 1.68 171.598 
-1.92 1.76 169.874 
-1.92 1.84 163.231 
-1.92 1.92 159.461 
-1.92 2 166.993 
-1.84 -2 3.67407e-05 
-1.84 -1.92 7.67515e-05 
-1.84 -1.84 0.000160324 
-1.84 -1.76 0.000334866 
-1.84 -1.68 0.000699336 
-1.84 -1.6 0.00146022 
-1.84 -1.52 0.00304809 
-1.84 -1.44 0.00636004 
-1.84 -1.36 0.0132627 
-1.84 -1.28 0.0276323 
-1.84 -1.2 0.0574945 
-1.84 -1.12 0.119389 
-1.84 -1.04 0.247155 
-1.84 -0.96 0.509207 
-1.84 -0.88 1.04115 
-1.84 -0.8 2.10282 
-1.84 -0.72 4.16304 
-1.84 -0.64 7.97998 
-1.84 -0.56 14.5456 
-1.84 -0.48 24.649 
-1.84 -0.4 38.0403 
-1.84 -0.32 53.0179 
-1.84 -0.24 67.3938 
-1.84 -0.16 80.0032 
-1.84 -0.08 91.2275 
-1.84 6.93889e-16 102.56 
-1.84 0.08 115.731 
-1.84 0.16 131.404 
-1.84 0.24 148.079 
-1.84 0.32 162.852 
-1.84 0.4 173.635 
-1.84 0.48 179.618 
-1.84 0.56 179.387 
-1.84 0.64 174.03 
-1.84 0.72 180.097 
-1.84 0.8 186.502 
-1.84 0.88 188.157 
-1.84 0.96 185.593 
-1.84 1.04 181.42 
-1.84 1.12 183.358 
-1.84 1.2 179.118 
-1.84 1.28 171.275 
-1.84 1.36 172.49 
-1.84 1.44 177.799 
-1.84 1.52 182.145 
-1.84 1.6 175.752 
-1.84 1.68 179.442 
-1.84 1.76 178.125 
-1.84 1.84 173.011 
-1.84 1.92 170.084 
-1.84 2 175.919 
-1.76 -2 5.31065e-05 
-1.76 -1.92 0.00011094 
-1.76 -1.84 0.000231739 
-1.76 -1.76 0.000484028 
-1.76 -1.68 0.00101084 
-1.76 -1.6 0.00211064 
-1.76 -1.52 0.00440577 
-1.76 -1.44 0.0091928 
-1.76 -1.36 0.0191693 
-1.76 -1.28 0.039936 
-1.76 -1.2 0.0830838 
-1.76 -1.12 0.172479 
-1.76 -1.04 0.356859 
-1.76 -0.96 0.734378 
-1.76 -0.88 1.49804 
-1.76 -0.8 3.01158 
-1.76 -0.72 5.90903 
-1.76 -0.64 11.1432 
-1.76 -0.56 19.7618 
-1.76 -0.48 32.158 
-1.76 -0.4 47.1781 
-1.76 -0.32 62.4159 
-1.76 -0.24 75.9316 
-1.76 -0.16 87.483 
-1.76 -0.08 98.3211 
-1.76 6.93889e-16 110.358 
-1.76 0.08 125.034 
-1.76 0.16 141.91 
-1.76 0.24 158.392 
-1.76 0.32 171.661 
-1.76 0.4 180.615 
-1.76 0.48 185.361 
-1.76 0.56 185.268 
-1.76 0.64 181.071 
-1.76 0.72 185.649 
-1.76 0.8 190.407 
-1.76 0.88 191.604 
-1.76 0.96 189.698 
-1.76 1.04 186.547 
-1.76 1.12 188.065 
-1.76 1.2 184.958 
-1.76 1.28 179.188 
-1.76 1.36 180.124 
-1.76 1.44 184.031 
-1.76 1.52 187.255 
-1.76 1.6 182.417 
-1.76 1.68 185.307 
-1.76 1.76 184.328 
-1.76 1.84 180.504 
-1.76 1.92 178.302 
-1.76 2 182.685 
-1.68 -2 7.67622e-05 
-1.68 -1.92 0.000160356 
-1.68 -1.84 0.000334964 
-1.68 -1.76 0.000699631 
-1.68 -1.68 0.00146111 
-1.68 -1.6 0.00305078 
-1.68 -1.52 0.00636815 
-1.68 -1.44 0.0132871 
-1.68 -1.36 0.0277057 
-1.68 -1.28 0.0577149 
-1.68 -1.2 0.120049 
-1.68 -1.12 0.249118 
-1.68 -1.04 0.515007 
-1.68 -0.96 1.05807 
-1.68 -0.88 2.15112 
-1.68 -0.8 4.29602 
-1.68 -0.72 8.32444 
-1.68 -0.64 15.354 
-1.68 -0.56 26.2847 
-1.68 -0.48 40.7562 
-1.68 -0.4 56.6231 
-1.68 -0.32 71.2716 
-1.68 -0.24 83.567 
-1.68 -0.16 94.2859 
-1.68 -0.08 105.318 
-1.68 6.93889e-16 118.621 
-1.68 0.08 134.849 
-1.68 0.16 152.237 
-1.68 0.24 167.602 
-1.68 0.32 178.871 
-1.68 0.4 185.97 
-1.68 0.48 189.595 
-1.68 0.56 189.576 
-1.68 0.64 186.395 
-1.68 0.72 189.771 
-1.68 0.8 193.235 
-1.68 0.88 194.089 
-1.68 0.96 192.702 
-1.68 1.04 190.38 
-1.68 1.12 191.522 
-1.68 1.2 189.285 
-1.68 1.28 185.114 
-1.68 1.36 185.814 
-1.68 1.44 188.639 
-1.68 1.52 190.984 
-1.68 1.6 187.414 
-1.68 1.68 189.597 
-1.68 1.76 188.884 
-1.68 1.84 186.087 
-1.68 1.92 184.469 
-1.68 2 187.686 
-1.6 -2 0.000110955 
-1.6 -1.92 0.000231785 
-1.6 -1.84 0.000484169 
-1.6 -1.76 0.00101127 
-1.6 -1.68 0.00211193 
-1.6 -1.6 0.00440966 
-1.6 -1.52 0.00920452 
-1.6 -1.44 0.0192046 
-1.6 -1.36 0.0400421 
-1.6 -1.28 0.0834021 
-1.6 -1.2 0.173431 
-1.6 -1.12 0.35969 
-1.6 -1.04 0.742724 
-1.6 -0.96 1.52227 
-1.6 -0.88 3.08009 
-1.6 -0.8 6.09423 
-1.6 -0.72 11.607 
-1.6 -0.64 20.7899 
-1.6 -0.56 34.0684 
-1.6 -0.48 50.0292 
-1.6 -0.4 65.807 
-1.6 -0.32 79.2558 
-1.6 -0.24 90.3534 
-1.6 -0.16 100.736 
-1.6 -0.08 112.613 
-1.6 6.93889e-16 127.539 
-1.6 0.08 144.945 
-1.6 0.16 161.904 
-1.6 0.24 175.424 
-1.6 0.32 184.542 
-1.6 0.4 189.971 
-1.6 0.48 192.662 
-1.6 0.56 192.67 
-1.6 0.64 190.325 
-1.6 0.72 192.771 
-1.6 0.8 195.256 
-1.6 0.88 195.86 
-1.6 0.96 194.865 
-1.6 1.04 193.186 
-1.6 1.12 194.024 
-1.6 1.2 192.431 
-1.6 1.28 189.454 
-1.6 1.36 189.966 
-1.6 1.44 191.982 
-1.6 1.52 193.671 
-1.6 1.6 191.078 
-1.6 1.68 192.684 
-1.6 1.76 192.173 
-1.6 1.84 190.16 
-1.6 1.92 188.991 
-1.6 2 191.312 
-1.52 -2 0.000160379 
-1.52 -1.92 0.000335032 
-1.52 -1.84 0.000699836 
-1.52 -1.76 0.00146173 
-1.52 -1.68 0.00305264 
-1.52 -1.6 0.00637377 
-1.52 -1.52 0.013304 
-1.52 -1.44 0.0277567 
-1.52 -1.36 0.0578682 
-1.52 -1.28 0.120508 
-1.52 -1.2 0.250492 
-1.52 -1.12 0.519087 
-1.52 -1.04 1.07006 
-1.52 -0.96 2.18568 
-1.52 -0.88 4.39243 
-1.52 -0.8 8.57846 
-1.52 -0.72 15.9617 
-1.52 -0.64 27.5362 
-1.52 -0.56 42.8584 
-1.52 -0.48 59.4219 
-1.52 -0.4 74.269 
-1.52 -0.32 86.2842 
-1.52 -0.24 96.5382 
-1.52 -0.16 107.234 
-1.52 -0.08 120.524 
-1.52 6.93889e-16 137.073 
-1.52 0.08 154.884 
-1.52 0.16 170.485 
-1.52 0.24 181.771 
-1.52 0.32 188.86 
-1.52 0.4 192.898 
-1.52 0.48 194.854 
-1.52 0.56 194.871 
-1.52 0.64 193.174 
-1.52 0.72 194.923 
-1.52 0.8 196.687 
-1.52 0.88 197.116 
-1.52 0.96 196.406 
-1.52 1.04 195.206 
-1.52 1.12 195.81 
-1.52 1.2 194.696 
-1.52 1.28 192.581 
-1.52 1.36 192.949 
-1.52 1.44 194.374 
-1.52 1.52 195.572 
-1.52 1.6 193.72 
-1.52 1.68 194.88 
-1.52 1.76 194.518 
-1.52 1.84 193.086 
-1.52 1.92 192.252 
-1.52 2 193.906 
-1.44 -2 0.000231818 
-1.44 -1.92 0.000484267 
-1.44 -1.84 0.00101157 
-1.44 -1.76 0.00211282 
-1.44 -1.68 0.00441235 
-1.44 -1.6 0.00921264 
-1.44 -1.52 0.0192291 
-1.44 -1.44 0.0401157 
-1.44 -1.36 0.0836236 
-1.44 -1.28 0.174095 
-1.44 -1.2 0.361672 
-1.44 -1.12 0.748594 
-1.44 -1.04 1.53943 
-1.44 -0.96 3.1291 
-1.44 -0.88 6.22838 
-1.44 -0.8 11.9481 
-1.44 -0.72 21.5581 
-1.44 -0.64 35.5134 
-1.44 -0.56 52.1962 
-1.44 -0.48 68.3799 
-1.44 -0.4 81.7656 
-1.44 -0.32 92.497 
-1.44 -0.24 102.487 
-1.44 -0.16 114.168 
-1.44 -0.08 129.203 
-1.44 6.93889e-16 146.93 
-1.44 0.08 164.159 
-1.44 0.16 177.718 
-1.44 0.24 186.721 
-1.44 0.32 192.063 
-1.44 0.4 195.004 
-1.44 0.48 196.409 
-1.44 0.56 196.423 
-1.44 0.64 195.212 
-1.44 0.72 196.45 
-1.44 0.8 197.698 
-1.44 0.88 197.992 
-1.44 0.96 197.493 
-1.44 1.04 196.644 
-1.44 1.12 197.074 
-1.44 1.2 196.292 
-1.44 1.28 194.806 
-1.44 1.36 195.068 
-1.44 1.44 196.078 
-1.44 1.52 196.913 
-1.44 1.6 195.602 
-1.44 1.68 196.429 
-1.44 1.76 196.174 
-1.44 1.84 195.164 
-1.44 1.92 194.575 
-1.44 2 195.743 
-1.36 -2 0.000335078 
-1.36 -1.92 0.000699977 
-1.36 -1.84 0.00146215 
-1.36 -1.76 0.00305393 
-1.36 -1.68 0.00637766 
-1.36 -1.6 0.0133158 
-1.36 -1.52 0.0277921 
-1.36 -1.44 0.0579746 
-1.36 -1.36 0.120828 
-1.36 -1.28 0.251451 
-1.36 -1.2 0.521942 
-1.36 -1.12 1.07849 
-1.36 -1.04 2.21015 
-1.36 -0.96 4.46136 
-1.36 -0.88 8.7622 
-1.36 -0.8 16.4071 
-1.36 -0.72 28.4646 
-1.36 -0.64 44.428 
-1.36 -0.56 61.5106 
-1.36 -0.48 76.4967 
-1.36 -0.4 88.2963 
-1.36 -0.32 98.1931 
-1.36 -0.24 108.606 
-1.36 -0.16 121.835 
-1.36 -0.08 138.563 
-1.36 6.93889e-16 156.631 
-1.36 0.08 172.342 
-1.36 0.16 183.539 
-1.36 0.24 190.462 
-1.36 0.32 194.392 
-1.36 0.4 196.505 
-1.36 0.48 197.499 
-1.36 0.56 197.512 
-1.36 0.64 196.655 
-1.36 0.72 197.526 
-1.36 0.8 198.4 
-1.36 0.88 198.605 
-1.36 0.96 198.255 
-1.36 1.04 197.659 
-1.36 1.12 197.963 
-1.36 1.2 197.416 
-1.36 1.28 196.377 
-1.36 1.36 196.562 
-1.36 1.44 197.267 
-1.36 1.52 197.852 
-1.36 1.6 196.931 
-1.36 1.68 197.516 
-1.36 1.76 197.337 
-1.36 1.84 196.629 
-1.36 1.92 196.215 
-1.36 2 197.035 
-1.28 -2 0.000484335 
-1.28 -1.92 0.00101177 
-1.28 -1.84 0.00211344 
-1.28 -1.76 0.00441421 
-1.28 -1.68 0.00921826 
-1.28 -1.6 0.019246 
-1.28 -1.52 0.0401668 
-1.28 -1.44 0.0837774 
-1.28 -1.36 0.174557 
-1.28 -1.28 0.363054 
-1.28 -1.2 0.752702 
-1.28 -1.12 1.5515 
-1.28 -1.04 3.16379 
-1.28 -0.96 6.32421 
-1.28 -0.88 12.1944 
-1.28 -0.8 22.1187 
-1.28 -0.72 36.576 
-1.28 -0.64 53.7921 
-1.28 -0.56 70.2672 
-1.28 -0.48 83.5986 
-1.28 -0.4 94.0601 
-1.28 -0.32 103.757 
-1.28 -0.24 115.273 
-1.28 -0.16 130.35 
-1.28 -0.08 148.269 
-1.28 6.93889e-16 165.652 
-1.28 0.08 179.195 
-1.28 0.16 188.05 
-1.28 0.24 193.222 
-1.28 0.32 196.063 
-1.28 0.4 197.562 
-1.28 0.48 198.262 
-1.28 0.56 198.272 
-1.28 0.64 197.67 
-1.28 0.72 198.28 
-1.28 0.8 198.889 
-1.28 0.88 199.032 
-1.28 0.96 198.788 
-1.28 1.04 198.376 
-1.28 1.12 198.584 
-1.28 1.2 198.203 
-1.28 1.28 197.479 
-1.28 1.36 197.609 
-1.28 1.44 198.1 
-1.28 1.52 198.509 
-1.28 1.6 197.864 
-1.28 1.68 198.275 
-1.28 1.76 198.15 
-1.28 1.84 197.655 
-1.28 1.92 197.366 
-1.28 2 197.939 
-1.2 -2 0.000700075 
-1.2 -1.92 0.00146245 
-1.2 -1.84 0.00305482 
-1.2 -1.76 0.00638035 
-1.2 -1.68 0.0133239 
-1.2 -1.6 0.0278166 
-1.2 -1.52 0.0580485 
-1.2 -1.44 0.12105 
-1.2 -1.36 0.252117 
-1.2 -1.28 0.523933 
-1.2 -1.2 1.08438 
-1.2 -1.12 2.22736 
-1.2 -1.04 4.51014 
-1.2 -0.96 8.89332 
-1.2 -0.88 16.7279 
-1.2 -0.8 29.1385 
-1.2 -0.72 45.5711 
-1.2 -0.64 63.0279 
-1.2 -0.56 78.106 
-1.2 -0.48 89.7449 
-1.2 -0.4 99.3856 
-1.2 -0.32 109.592 
-1.2 -0.24 122.761 
-1.2 -0.16 139.592 
-1.2 -0.08 157.813 
-1.2 6.93889e-16 173.574 
-1.2 0.08 184.677 
-1.2 0.16 191.439 
-1.2 0.24 195.22 
-1.2 0.32 197.248 
-1.2 0.4 198.304 
-1.2 0.48 198.794 
-1.2 0.56 198.801 
-1.2 0.64 198.38 
-1.2 0.72 198.805 
-1.2 0.8 199.23 
-1.2 0.88 199.329 
-1.2 0.96 199.159 
-1.2 1.04 198.872 
-1.2 1.12 199.017 
-1.2 1.2 198.752 
-1.2 1.28 198.249 
-1.2 1.36 198.34 
-1.2 1.44 198.681 
-1.2 1.52 198.965 
-1.2 1.6 198.516 
-1.2 1.68 198.803 
-1.2 1.76 198.716 
-1.2 1.84 198.372 
-1.2 1.92 198.17 
-1.2 2 198.57 
-1.12 -2 0.00101191 
-1.12 -1.92 0.00211387 
-1.12 -1.84 0.0044155 
-1.12 -1.76 0.00922216 
-1.12 -1.68 0.0192578 
-1.12 -1.6 0.0402023 
-1.12 -1.52 0.0838841 
-1.12 -1.44 0.174878 
-1.12 -1.36 0.364015 
-1.12 -1.28 0.755567 
-1.12 -1.2 1.55995 
-1.12 -1.12 3.18818 
-1.12 -1.04 6.392 
-1.12 -0.96 12.3699 
-1.12 -0.88 22.5212 
-1.12 -0.8 37.3425 
-1.12 -0.72 54.9427 
-1.12 -0.64 71.6209 
-1.12 -0.56 84.9057 
-1.12 -0.48 95.173 
-1.12 -0.4 104.664 
-1.12 -0.32 116.062 
-1.12 -0.24 131.158 
-1.12 -0.16 149.194 
-1.12 -0.08 166.663 
-1.12 6.93889e-16 180.173 
-1.12 0.08 188.902 
-1.12 0.16 193.927 
-1.12 0.24 196.649 
-1.12 0.32 198.082 
-1.12 0.4 198.822 
-1.12 0.48 199.163 
-1.12 0.56 199.169 
-1.12 0.64 198.876 
-1.12 0.72 199.172 
-1.12 0.8 199.466 
-1.12 0.88 199.535 
-1.12 0.96 199.417 
-1.12 1.04 199.218 
-1.12 1.12 199.319 
-1.12 1.2 199.135 
-1.12 1.28 198.785 
-1.12 1.36 198.848 
-1.12 1.44 199.086 
-1.12 1.52 199.283 
-1.12 1.6 198.971 
-1.12 1.68 199.17 
-1.12 1.76 199.11 
-1.12 1.84 198.871 
-1.12 1.92 198.731 
-1.12 2 199.008 
-1.04 -2 0.00146265 
-1.04 -1.92 0.00305544 
-1.04 -1.84 0.00638222 
-1.04 -1.76 0.0133295 
-1.04 -1.68 0.0278336 
-1.04 -1.6 0.0580997 
-1.04 -1.52 0.121205 
-1.04 -1.44 0.25258 
-1.04 -1.36 0.525318 
-1.04 -1.28 1.0885 
-1.04 -1.2 2.2394 
-1.04 -1.12 4.54442 
-1.04 -1.04 8.986 
-1.04 -0.96 16.9561 
-1.04 -0.88 29.6204 
-1.04 -0.8 46.3899 
-1.04 -0.72 64.1111 
-1.04 -0.64 79.2476 
-1.04 -0.56 90.7675 
-1.04 -0.48 100.228 
-1.04 -0.4 110.292 
-1.04 -0.32 123.418 
-1.04 -0.24 140.314 
-1.04 -0.16 158.629 
-1.04 -0.08 174.406 
-1.04 6.93889e-16 185.429 
-1.04 0.08 192.065 
-1.04 0.16 195.724 
-1.04 0.24 197.659 
-1.04 0.32 198.666 
-1.04 0.4 199.183 
-1.04 0.48 199.42 
-1.04 0.56 199.424 
-1.04 0.64 199.22 
-1.04 0.72 199.426 
-1.04 0.8 199.63 
-1.04 0.88 199.678 
-1.04 0.96 199.596 
-1.04 1.04 199.458 
-1.04 1.12 199.528 
-1.04 1.2 199.4 
-1.04 1.28 199.158 
-1.04 1.36 199.202 
-1.04 1.44 199.366 
-1.04 1.52 199.503 
-1.04 1.6 199.286 
-1.04 1.68 199.425 
-1.04 1.76 199.383 
-1.04 1.84 199.217 
-1.04 1.92 199.12 
-1.04 2 199.325 
-0.96 -2 0.00211416 
-0.96 -1.92 0.0044164 
-0.96 -1.84 0.00922485 
-0.96 -1.76 0.0192659 
-0.96 -1.68 0.0402268 
-0.96 -1.6 0.083958 
-0.96 -1.52 0.1751 
-0.96 -1.44 0.364683 
-0.96 -1.36 0.75756 
-0.96 -1.28 1.56584 
-0.96 -1.2 3.20525 
-0.96 -1.12 6.43962 
-0.96 -1.04 12.4939 
-0.96 -0.96 22.8069 
-0.96 -0.88 37.8881 
-0.96 -0.8 55.7608 
-0.96 -0.72 72.5786 
-0.96 -0.64 85.8247 
-0.96 -0.56 95.9525 
-0.96 -0.48 105.3 
-0.96 -0.4 116.618 
-0.96 -0.32 131.728 
-0.96 -0.24 149.841 
-0.96 -0.16 167.359 
-0.96 -0.08 180.834 
-0.96 6.93889e-16 189.465 
-0.96 0.08 194.379 
-0.96 0.16 197.005 
-0.96 0.24 198.37 
-0.96 0.32 199.074 
-0.96 0.4 199.433 
-0.96 0.48 199.599 
-0.96 0.56 199.601 
-0.96 0.64 199.466 
-0.96 0.72 199.602 
-0.96 0.8 199.744 
-0.96 0.88 199.777 
-0.96 0.96 199.72 
-0.96 1.04 199.624 
-0.96 1.12 199.673 
-0.96 1.2 199.585 
-0.96 1.28 199.417 
-0.96 1.36 199.447 
-0.96 1.44 199.561 
-0.96 1.52 199.656 
-0.96 1.6 199.506 
-0.96 1.68 199.615 
-0.96 1.76 199.573 
-0.96 1.84 199.458 
-0.96 1.92 199.39 
-0.96 2 199.533 
-0.88 -2 0.00305587 
-0.88 -1.92 0.00638351 
-0.88 -1.84 0.0133334 
-0.88 -1.76 0.0278453 
-0.88 -1.68 0.0581351 
-0.88 -1.6 0.121311 
-0.88 -1.52 0.252901 
-0.88 -1.44 0.52628 
-0.88 -1.36 1.09136 
-0.88 -1.28 2.24779 
-0.88 -1.2 4.5684 
-0.88 -1.12 9.05109 
-0.88 -1.04 17.1171 
-0.88 -0.96 29.9615 
-0.88 -0.88 46.9699 
-0.88 -0.8 64.8759 
-0.88 -0.72 80.049 
-0.88 -0.64 91.4813 
-0.88 -0.56 100.814 
-0.88 -0.48 110.781 
-0.88 -0.4 123.88 
-0.88 -0.32 140.822 
-0.88 -0.24 159.198 
-0.88 -0.16 174.978 
-0.88 -0.08 185.937 
-0.88 6.93889e-16 192.478 
-0.88 0.08 196.046 
-0.88 0.16 197.91 
-0.88 0.24 198.867 
-0.88 0.32 199.358 
-0.88 0.4 199.608 
-0.88 0.48 199.722 
-0.88 0.56 199.724 
-0.88 0.64 199.63 
-0.88 0.72 199.725 
-0.88 0.8 199.823 
-0.88 0.88 199.846 
-0.88 0.96 199.806 
-0.88 1.04 199.74 
-0.88 1.12 199.774 
-0.88 1.2 199.712 
-0.88 1.28 199.615 
-0.88 1.36 199.617 
-0.88 1.44 199.696 
-0.88 1.52 199.762 
-0.88 1.6 199.658 
-0.88 1.68 199.734 
-0.88 1.76 199.704 
-0.88 1.84 199.625 
-0.88 1.92 199.578 
-0.88 2 199.677 
-0.8 -2 0.00441701 
-0.8 -1.92 0.00922672 
-0.8 -1.84 0.0192715 
-0.8 -1.76 0.0402438 
-0.8 -1.68 0.0840093 
-0.8 -1.6 0.175254 
-0.8 -1.52 0.365146 
-0.8 -1.44 0.758944 
-0.8 -1.36 1.56993 
-0.8 -1.28 3.21715 
-0.8 -1.2 6.47293 
-0.8 -1.12 12.5809 
-0.8 -1.04 23.0081 
-0.8 -0.96 38.273 
-0.8 -0.88 56.3373 
-0.8 -0.8 73.2505 
-0.8 -0.72 86.4656 
-0.8 -0.64 96.4937 
-0.8 -0.56 105.742 
-0.8 -0.48 117.006 
-0.8 -0.4 132.128 
-0.8 -0.32 150.294 
-0.8 -0.24 167.843 
-0.8 -0.16 181.287 
-0.8 -0.08 189.844 
-0.8 6.93889e-16 194.677 
-0.8 0.08 197.232 
-0.8 0.16 198.545 
-0.8 0.24 199.214 
-0.8 0.32 199.555 
-0.8 0.4 199.728 
-0.8 0.48 199.808 
-0.8 0.56 199.809 
-0.8 0.64 199.744 
-0.8 0.72 199.809 
-0.8 0.8 199.877 
-0.8 0.88 199.893 
-0.8 0.96 199.866 
-0.8 1.04 199.82 
-0.8 1.12 199.843 
-0.8 1.2 199.801 
-0.8 1.28 199.733 
-0.8 1.36 199.735 
-0.8 1.44 199.79 
-0.8 1.52 199.835 
-0.8 1.6 199.763 
-0.8 1.68 199.816 
-0.8 1.76 199.795 
-0.8 1.84 199.756 
-0.8 1.92 199.708 
-0.8 2 199.776 
-0.72 -2 0.0063844 
-0.72 -1.92 0.0133361 
-0.72 -1.84 0.0278535 
-0.72 -1.76 0.0581597 
-0.72 -1.68 0.121385 
-0.72 -1.6 0.253124 
-0.72 -1.52 0.526948 
-0.72 -1.44 1.09335 
-0.72 -1.36 2.25363 
-0.72 -1.28 4.58512 
-0.72 -1.2 9.09659 
-0.72 -1.12 17.23 
-0.72 -1.04 30.2012 
-0.72 -0.96 47.3776 
-0.72 -0.88 65.4121 
-0.72 -0.8 80.6081 
-0.72 -0.72 91.9766 
-0.72 -0.64 101.219 
-0.72 -0.56 111.119 
-0.72 -0.48 124.201 
-0.72 -0.4 141.177 
-0.72 -0.32 159.595 
-0.72 -0.24 175.374 
-0.72 -0.16 186.283 
-0.72 -0.08 192.755 
-0.72 6.93889e-16 196.258 
-0.72 0.08 198.07 
-0.72 0.16 198.989 
-0.72 0.24 199.455 
-0.72 0.32 199.692 
-0.72 0.4 199.812 
-0.72 0.48 199.867 
-0.72 0.56 199.868 
-0.72 0.64 199.823 
-0.72 0.72 199.868 
-0.72 0.8 199.915 
-0.72 0.88 199.926 
-0.72 0.96 199.907 
-0.72 1.04 199.875 
-0.72 1.12 199.892 
-0.72 1.2 199.862 
-0.72 1.28 199.815 
-0.72 1.36 199.83 
-0.72 1.44 199.854 
-0.72 1.52 199.886 
-0.72 1.6 199.836 
-0.72 1.68 199.872 
-0.72 1.76 199.875 
-0.72 1.84 199.831 
-0.72 1.92 199.818 
-0.72 2 199.845 
-0.64 -2 0.00922801 
-0.64 -1.92 0.0192754 
-0.64 -1.84 0.0402556 
-0.64 -1.76 0.0840447 
-0.64 -1.68 0.175361 
-0.64 -1.6 0.365467 
-0.64 -1.52 0.759904 
-0.64 -1.44 1.57278 
-0.64 -1.36 3.22542 
-0.64 -1.28 6.49614 
-0.64 -1.2 12.6417 
-0.64 -1.12 23.149 
-0.64 -1.04 38.5429 
-0.64 -0.96 56.7411 
-0.64 -0.88 73.7194 
-0.64 -0.8 86.9108 
-0.64 -0.72 96.8679 
-0.64 -0.64 106.046 
-0.64 -0.56 117.274 
-0.64 -0.48 132.406 
-0.64 -0.4 150.61 
-0.64 -0.32 168.18 
-0.64 -0.24 181.599 
-0.64 -0.16 190.102 
-0.64 -0.08 194.876 
-0.64 6.93889e-16 197.382 
-0.64 0.08 198.657 
-0.64 0.16 199.299 
-0.64 0.24 199.622 
-0.64 0.32 199.787 
-0.64 0.4 199.87 
-0.64 0.48 199.908 
-0.64 0.56 199.909 
-0.64 0.64 199.877 
-0.64 0.72 199.909 
-0.64 0.8 199.941 
-0.64 0.88 199.949 
-0.64 0.96 199.936 
-0.64 1.04 199.914 
-0.64 1.12 199.925 
-0.64 1.2 199.905 
-0.64 1.28 199.872 
-0.64 1.36 199.883 
-0.64 1.44 199.899 
-0.64 1.52 199.921 
-0.64 1.6 199.886 
-0.64 1.68 199.912 
-0.64 1.76 199.913 
-0.64 1.84 199.883 
-0.64 1.92 199.874 
-0.64 2 199.893 
-0.56 -2 0.013338 
-0.56 -1.92 0.0278591 
-0.56 -1.84 0.0581767 
-0.56 -1.76 0.121437 
-0.56 -1.68 0.253278 
-0.56 -1.6 0.52741 
-0.56 -1.52 1.09472 
-0.56 -1.44 2.25769 
-0.56 -1.36 4.59674 
-0.56 -1.28 9.12829 
-0.56 -1.2 17.3088 
-0.56 -1.12 30.3688 
-0.56 -1.04 47.6627 
-0.56 -0.96 65.7864 
-0.56 -0.88 80.9969 
-0.56 -0.8 92.3195 
-0.56 -0.72 101.499 
-0.56 -0.64 111.352 
-0.56 -0.56 124.423 
-0.56 -0.48 141.423 
-0.56 -0.4 159.871 
-0.56 -0.32 175.649 
-0.56 -0.24 186.522 
-0.56 -0.16 192.944 
-0.56 -0.08 196.4 
-0.56 6.93889e-16 198.175 
-0.56 0.08 199.067 
-0.56 0.16 199.514 
-0.56 0.24 199.738 
-0.56 0.32 199.852 
-0.56 0.4 199.91 
-0.56 0.48 199.936 
-0.56 0.56 199.937 
-0.56 0.64 199.915 
-0.56 0.72 199.937 
-0.56 0.8 199.959 
-0.56 0.88 199.965 
-0.56 0.96 199.956 
-0.56 1.04 199.94 
-0.56 1.12 199.948 
-0.56 1.2 199.934 
-0.56 1.28 199.912 
-0.56 1.36 199.919 
-0.56 1.44 199.93 
-0.56 1.52 199.945 
-0.56 1.6 199.921 
-0.56 1.68 199.939 
-0.56 1.76 199.94 
-0.56 1.84 199.919 
-0.56 1.92 199.913 
-0.56 2 199.926 
-0.48 -2 0.0192781 
-0.48 -1.92 0.0402637 
-0.48 -1.84 0.0840693 
-0.48 -1.76 0.175435 
-0.48 -1.68 0.365689 
-0.48 -1.6 0.760569 
-0.48 -1.52 1.57475 
-0.48 -1.44 3.23117 
-0.48 -1.36 6.51228 
-0.48 -1.28 12.684 
-0.48 -1.2 23.2473 
-0.48 -1.12 38.7314 
-0.48 -1.04 57.0228 
-0.48 -0.96 74.0457 
-0.48 -0.88 87.2194 
-0.48 -0.8 97.1262 
-0.48 -0.72 106.256 
-0.48 -0.64 117.459 
-0.48 -0.56 132.598 
-0.48 -0.48 150.829 
-0.48 -0.4 168.414 
-0.48 -0.32 181.816 
-0.48 -0.24 190.282 
-0.48 -0.16 195.012 
-0.48 -0.08 197.482 
-0.48 6.93889e-16 198.73 
-0.48 0.08 199.353 
-0.48 0.16 199.663 
-0.48 0.24 199.819 
-0.48 0.32 199.898 
-0.48 0.4 199.938 
-0.48 0.48 199.956 
-0.48 0.56 199.956 
-0.48 0.64 199.941 
-0.48 0.72 199.956 
-0.48 0.8 199.972 
-0.48 0.88 199.976 
-0.48 0.96 199.969 
-0.48 1.04 199.959 
-0.48 1.12 199.964 
-0.48 1.2 199.954 
-0.48 1.28 199.939 
-0.48 1.36 199.944 
-0.48 1.44 199.952 
-0.48 1.52 199.962 
-0.48 1.6 199.946 
-0.48 1.68 199.958 
-0.48 1.76 199.959 
-0.48 1.84 199.944 
-0.48 1.92 199.94 
-0.48 2 199.949 
-0.4 -2 0.027863 
-0.4 -1.92 0.0581884 
-0.4 -1.84 0.121472 
-0.4 -1.76 0.253385 
-0.4 -1.68 0.52773 
-0.4 -1.6 1.09568 
-0.4 -1.52 2.2605 
-0.4 -1.44 4.60482 
-0.4 -1.36 9.15033 
-0.4 -1.28 17.3636 
-0.4 -1.2 30.4857 
-0.4 -1.12 47.8615 
-0.4 -1.04 66.0468 
-0.4 -0.96 81.2666 
-0.4 -0.88 92.5566 
-0.4 -0.8 101.692 
-0.4 -0.72 111.512 
-0.4 -0.64 124.577 
-0.4 -0.56 141.594 
-0.4 -0.48 160.062 
-0.4 -0.4 175.84 
-0.4 -0.32 186.688 
-0.4 -0.24 193.073 
-0.4 -0.16 196.497 
-0.4 -0.08 198.245 
-0.4 6.93889e-16 199.118 
-0.4 0.08 199.551 
-0.4 0.16 199.767 
-0.4 0.24 199.875 
-0.4 0.32 199.929 
-0.4 0.4 199.957 
-0.4 0.48 199.969 
-0.4 0.56 199.97 
-0.4 0.64 199.959 
-0.4 0.72 199.97 
-0.4 0.8 199.981 
-0.4 0.88 199.983 
-0.4 0.96 199.979 
-0.4 1.04 199.971 
-0.4 1.12 199.975 
-0.4 1.2 199.968 
-0.4 1.28 199.958 
-0.4 1.36 199.961 
-0.4 1.44 199.967 
-0.4 1.52 199.974 
-0.4 1.6 199.962 
-0.4 1.68 199.971 
-0.4 1.76 199.971 
-0.4 1.84 199.961 
-0.4 1.92 199.958 
-0.4 2 199.964 
-0.32 -2 0.0402693 
-0.32 -1.92 0.0840863 
-0.32 -1.84 0.175486 
-0.32 -1.76 0.365843 
-0.32 -1.68 0.76103 
-0.32 -1.6 1.57612 
-0.32 -1.52 3.23515 
-0.32 -1.44 6.52348 
-0.32 -1.36 12.7134 
-0.32 -1.28 23.3157 
-0.32 -1.2 38.8626 
-0.32 -1.12 57.2188 
-0.32 -1.04 74.2723 
-0.32 -0.96 87.4331 
-0.32 -0.88 97.3045 
-0.32 -0.8 106.4 
-0.32 -0.72 117.586 
-0.32 -0.64 132.73 
-0.32 -0.56 150.981 
-0.32 -0.48 168.576 
-0.32 -0.4 181.966 
-0.32 -0.32 190.405 
-0.32 -0.24 195.105 
-0.32 -0.16 197.55 
-0.32 -0.08 198.779 
-0.32 6.93889e-16 199.388 
-0.32 0.08 199.689 
-0.32 0.16 199.839 
-0.32 0.24 199.913 
-0.32 0.32 199.951 
-0.32 0.4 199.97 
-0.32 0.48 199.979 
-0.32 0.56 199.979 
-0.32 0.64 199.972 
-0.32 0.72 199.979 
-0.32 0.8 199.987 
-0.32 0.88 199.988 
-0.32 0.96 199.985 
-0.32 1.04 199.98 
-0.32 1.12 199.983 
-0.32 1.2 199.978 
-0.32 1.28 199.971 
-0.32 1.36 199.973 
-0.32 1.44 199.977 
-0.32 1.52 199.982 
-0.32 1.6 199.974 
-0.32 1.68 199.98 
-0.32 1.76 199.98 
-0.32 1.84 199.973 
-0.32 1.92 199.971 
-0.32 2 199.975 
-0.24 -2 0.0581966 
-0.24 -1.92 0.121497 
-0.24 -1.84 0.253459 
-0.24 -1.76 0.527952 
-0.24 -1.68 1.09634 
-0.24 -1.6 2.26245 
-0.24 -1.52 4.61041 
-0.24 -1.44 9.16563 
-0.24 -1.36 17.4018 
-0.24 -1.28 30.5669 
-0.24 -1.2 47.9997 
-0.24 -1.12 66.2278 
-0.24 -1.04 81.4536 
-0.24 -0.96 92.7205 
-0.24 -0.88 101.825 
-0.24 -0.8 111.623 
-0.24 -0.72 124.682 
-0.24 -0.64 141.711 
-0.24 -0.56 160.195 
-0.24 -0.48 175.972 
-0.24 -0.4 186.803 
-0.24 -0.32 193.163 
-0.24 -0.24 196.563 
-0.24 -0.16 198.293 
-0.24 -0.08 199.152 
-0.24 6.93889e-16 199.576 
-0.24 0.08 199.785 
-0.24 0.16 199.888 
-0.24 0.24 199.94 
-0.24 0.32 199.966 
-0.24 0.4 199.979 
-0.24 0.48 199.985 
-0.24 0.56 199.985 
-0.24 0.64 199.981 
-0.24 0.72 199.986 
-0.24 0.8 199.991 
-0.24 0.88 199.992 
-0.24 0.96 199.99 
-0.24 1.04 199.986 
-0.24 1.12 199.988 
-0.24 1.2 199.985 
-0.24 1.28 199.98 
-0.24 1.36 199.981 
-0.24 1.44 199.984 
-0.24 1.52 199.987 
-0.24 1.6 199.982 
-0.24 1.68 199.986 
-0.24 1.76 199.986 
-0.24 1.84 199.981 
-0.24 1.92 199.98 
-0.24 2 199.983 
-0.16 -2 0.084098 
-0.16 -1.92 0.175522 
-0.16 -1.84 0.36595 
-0.16 -1.76 0.761349 
-0.16 -1.68 1.57707 
-0.16 -1.6 3.23791 
-0.16 -1.52 6.53126 
-0.16 -1.44 12.7339 
-0.16 -1.36 23.3632 
-0.16 -1.28 38.9538 
-0.16 -1.2 57.355 
-0.16 -1.12 74.4295 
-0.16 -1.04 87.581 
-0.16 -0.96 97.4277 
-0.16 -0.88 106.5 
-0.16 -0.8 117.674 
-0.16 -0.72 132.821 
-0.16 -0.64 151.085 
-0.16 -0.56 168.687 
-0.16 -0.48 182.07 
-0.16 -0.4 190.489 
-0.16 -0.32 195.17 
-0.16 -0.24 197.597 
-0.16 -0.16 198.813 
-0.16 -0.08 199.412 
-0.16 6.93889e-16 199.706 
-0.16 0.08 199.851 
-0.16 0.16 199.923 
-0.16 0.24 199.958 
-0.16 0.32 199.977 
-0.16 0.4 199.986 
-0.16 0.48 199.99 
-0.16 0.56 199.99 
-0.16 0.64 199.987 
-0.16 0.72 199.99 
-0.16 0.8 199.995 
-0.16 0.88 199.996 
-0.16 0.96 199.995 
-0.16 1.04 199.991 
-0.16 1.12 199.992 
-0.16 1.2 199.99 
-0.16 1.28 199.986 
-0.16 1.36 199.987 
-0.16 1.44 199.989 
-0.16 1.52 199.991 
-0.16 1.6 199.988 
-0.16 1.68 199.99 
-0.16 1.76 199.991 
-0.16 1.84 199.987 
-0.16 1.92 199.986 
-0.16 2 199.988 
-0.08 -2 0.121514 
-0.08 -1.92 0.25351 
-0.08 -1.84 0.528106 
-0.08 -1.76 1.0968 
-0.08 -1.68 2.2638 
-0.08 -1.6 4.61429 
-0.08 -1.52 9.17625 
-0.08 -1.44 17.4282 
-0.08 -1.36 30.6234 
-0.08 -1.28 48.0957 
-0.08 -1.2 66.3533 
-0.08 -1.12 81.5832 
-0.08 -1.04 92.8338 
-0.08 -0.96 101.916 
-0.08 -0.88 111.699 
-0.08 -0.8 124.755 
-0.08 -0.72 141.792 
-0.08 -0.64 160.286 
-0.08 -0.56 176.063 
-0.08 -0.48 186.882 
-0.08 -0.4 193.224 
-0.08 -0.32 196.608 
-0.08 -0.24 198.325 
-0.08 -0.16 199.176 
-0.08 -0.08 199.593 
-0.08 6.93889e-16 199.797 
-0.08 0.08 199.897 
-0.08 0.16 199.946 
-0.08 0.24 199.971 
-0.08 0.32 199.984 
-0.08 0.4 199.99 
-0.08 0.48 199.995 
-0.08 0.56 199.995 
-0.08 0.64 199.991 
-0.08 0.72 199.995 
-0.08 0.8 199.996 
-0.08 0.88 199.997 
-0.08 0.96 199.997 
-0.08 1.04 199.996 
-0.08 1.12 199.996 
-0.08 1.2 199.996 
-0.08 1.28 199.99 
-0.08 1.36 199.991 
-0.08 1.44 199.995 
-0.08 1.52 199.996 
-0.08 1.6 199.991 
-0.08 1.68 199.996 
-0.08 1.76 199.996 
-0.08 1.84 199.991 
-0.08 1.92 199.99 
-0.08 2 199.995 
