# sin^2(theta_24)   Delta_m^2_41   chi^2
1e-05 0.0001 -1.52538
1e-05 0.000125893 -1.35153
1e-05 0.000158489 -1.4358
1e-05 0.000199526 -1.57293
1e-05 0.000251189 -1.53049
1e-05 0.000316228 -1.5318
1e-05 0.000398107 -1.68621
1e-05 0.000501187 -1.45355
1e-05 0.000630957 -1.48828
1e-05 0.000794328 -1.42282
1e-05 0.001 -1.38536
1e-05 0.00125893 -1.52428
1e-05 0.00158489 -1.15265
1e-05 0.00199526 -1.35592
1e-05 0.00251189 -1.47413
1e-05 0.00316228 -1.30435
1e-05 0.00398107 -1.57748
1e-05 0.00501187 -1.35922
1e-05 0.00630957 -1.55417
1e-05 0.00794328 -1.44628
1e-05 0.01 -1.47002
1e-05 0.0125893 -1.54249
1e-05 0.0158489 -1.44529
1e-05 0.0199526 -1.35021
1e-05 0.0251189 -1.30277
1e-05 0.0316228 -1.01536
1e-05 0.0398107 -0.590709
1e-05 0.0501187 0.160433
1e-05 0.0630957 1.26405
1e-05 0.0794328 3.82251
1e-05 0.1 10.8599
1e-05 0.125893 29.0186
1e-05 0.158489 74.5657
1e-05 0.199526 188.687
1e-05 0.251189 474.057
1e-05 0.316228 1184.47
1e-05 0.398107 2941.77
1e-05 0.501187 7239.39
1e-05 0.630957 17611.7
1e-05 0.794328 42199.2
1e-05 1 99248.6
1e-05 1.25893 228121
1e-05 1.58489 506758
1e-05 1.99526 1.05651e+06
1e-05 2.51189 1.96264e+06
1e-05 3.16228 3.07504e+06
1e-05 3.98107 3.97265e+06
1e-05 5.01187 4.36036e+06
1e-05 6.30957 4.33454e+06
1e-05 7.94328 4.06605e+06
1e-05 10 3.35213e+06
1e-05 12.5893 2.26109e+06
1e-05 15.8489 1.63643e+06
1e-05 19.9526 1.318e+06
1e-05 25.1189 907184
1e-05 31.6228 741119
1e-05 39.8107 555349
1e-05 50.1187 325749
1e-05 63.0957 193680
1e-05 79.4328 132386
1.25893e-05 0.0001 -1.50697
1.25893e-05 0.000125893 -1.728
1.25893e-05 0.000158489 -1.44142
1.25893e-05 0.000199526 -1.38955
1.25893e-05 0.000251189 -1.39386
1.25893e-05 0.000316228 -1.41393
1.25893e-05 0.000398107 -1.59887
1.25893e-05 0.000501187 -1.56261
1.25893e-05 0.000630957 -1.57005
1.25893e-05 0.000794328 -1.47729
1.25893e-05 0.001 -1.54846
1.25893e-05 0.00125893 -1.28856
1.25893e-05 0.00158489 -1.41732
1.25893e-05 0.00199526 -1.37377
1.25893e-05 0.00251189 -1.56836
1.25893e-05 0.00316228 -1.70497
1.25893e-05 0.00398107 -1.55816
1.25893e-05 0.00501187 -1.37833
1.25893e-05 0.00630957 -1.6497
1.25893e-05 0.00794328 -1.47378
1.25893e-05 0.01 -1.45253
1.25893e-05 0.0125893 -1.56876
1.25893e-05 0.0158489 -1.38931
1.25893e-05 0.0199526 -1.27897
1.25893e-05 0.0251189 -1.09612
1.25893e-05 0.0316228 -0.899472
1.25893e-05 0.0398107 -0.528656
1.25893e-05 0.0501187 0.391812
1.25893e-05 0.0630957 2.53571
1.25893e-05 0.0794328 6.81158
1.25893e-05 0.1 17.9659
1.25893e-05 0.125893 46.776
1.25893e-05 0.158489 118.462
1.25893e-05 0.199526 298.953
1.25893e-05 0.251189 750.801
1.25893e-05 0.316228 1877.01
1.25893e-05 0.398107 4661.62
1.25893e-05 0.501187 11473.1
1.25893e-05 0.630957 27912
1.25893e-05 0.794328 66880.5
1.25893e-05 1 157297
1.25893e-05 1.25893 361545
1.25893e-05 1.58489 803152
1.25893e-05 1.99526 1.67445e+06
1.25893e-05 2.51189 3.11057e+06
1.25893e-05 3.16228 4.87362e+06
1.25893e-05 3.98107 6.29626e+06
1.25893e-05 5.01187 6.91075e+06
1.25893e-05 6.30957 6.86983e+06
1.25893e-05 7.94328 6.44432e+06
1.25893e-05 10 5.3128e+06
1.25893e-05 12.5893 3.58361e+06
1.25893e-05 15.8489 2.59357e+06
1.25893e-05 19.9526 2.08889e+06
1.25893e-05 25.1189 1.4378e+06
1.25893e-05 31.6228 1.1746e+06
1.25893e-05 39.8107 880174
1.25893e-05 50.1187 516280
1.25893e-05 63.0957 306964
1.25893e-05 79.4328 209819
1.58489e-05 0.0001 -1.60453
1.58489e-05 0.000125893 -1.6066
1.58489e-05 0.000158489 -1.48196
1.58489e-05 0.000199526 -1.51106
1.58489e-05 0.000251189 -1.46974
1.58489e-05 0.000316228 -1.31232
1.58489e-05 0.000398107 -1.48373
1.58489e-05 0.000501187 -1.47382
1.58489e-05 0.000630957 -1.39097
1.58489e-05 0.000794328 -1.35555
1.58489e-05 0.001 -1.72014
1.58489e-05 0.00125893 -1.38047
1.58489e-05 0.00158489 -1.5631
1.58489e-05 0.00199526 -1.59647
1.58489e-05 0.00251189 -1.52005
1.58489e-05 0.00316228 -1.38478
1.58489e-05 0.00398107 -1.81769
1.58489e-05 0.00501187 -1.26427
1.58489e-05 0.00630957 -1.44308
1.58489e-05 0.00794328 -1.3781
1.58489e-05 0.01 -1.40602
1.58489e-05 0.0125893 -1.47288
1.58489e-05 0.0158489 -1.34535
1.58489e-05 0.0199526 -1.2645
1.58489e-05 0.0251189 -0.863737
1.58489e-05 0.0316228 -0.542479
1.58489e-05 0.0398107 0.0594955
1.58489e-05 0.0501187 1.37081
1.58489e-05 0.0630957 4.05522
1.58489e-05 0.0794328 10.9427
1.58489e-05 0.1 29.0015
1.58489e-05 0.125893 73.9742
1.58489e-05 0.158489 187.75
1.58489e-05 0.199526 473.45
1.58489e-05 0.251189 1190.36
1.58489e-05 0.316228 2975.52
1.58489e-05 0.398107 7387.79
1.58489e-05 0.501187 18184.3
1.58489e-05 0.630957 44237.4
1.58489e-05 0.794328 105999
1.58489e-05 1 249296
1.58489e-05 1.25893 573005
1.58489e-05 1.58489 1.2729e+06
1.58489e-05 1.99526 2.65381e+06
1.58489e-05 2.51189 4.9299e+06
1.58489e-05 3.16228 7.72418e+06
1.58489e-05 3.98107 9.97894e+06
1.58489e-05 5.01187 1.09529e+07
1.58489e-05 6.30957 1.08881e+07
1.58489e-05 7.94328 1.02137e+07
1.58489e-05 10 8.4203e+06
1.58489e-05 12.5893 5.67967e+06
1.58489e-05 15.8489 4.11056e+06
1.58489e-05 19.9526 3.31068e+06
1.58489e-05 25.1189 2.27878e+06
1.58489e-05 31.6228 1.86164e+06
1.58489e-05 39.8107 1.39499e+06
1.58489e-05 50.1187 818255
1.58489e-05 63.0957 486507
1.58489e-05 79.4328 332543
1.99526e-05 0.0001 -1.49247
1.99526e-05 0.000125893 -1.61268
1.99526e-05 0.000158489 -1.35563
1.99526e-05 0.000199526 -1.58081
1.99526e-05 0.000251189 -1.54037
1.99526e-05 0.000316228 -1.5108
1.99526e-05 0.000398107 -1.36581
1.99526e-05 0.000501187 -1.42308
1.99526e-05 0.000630957 -1.35535
1.99526e-05 0.000794328 -1.35416
1.99526e-05 0.001 -1.57121
1.99526e-05 0.00125893 -1.33612
1.99526e-05 0.00158489 -1.47346
1.99526e-05 0.00199526 -1.25002
1.99526e-05 0.00251189 -1.46515
1.99526e-05 0.00316228 -1.62036
1.99526e-05 0.00398107 -1.34424
1.99526e-05 0.00501187 -1.60368
1.99526e-05 0.00630957 -1.47278
1.99526e-05 0.00794328 -1.55604
1.99526e-05 0.01 -1.45249
1.99526e-05 0.0125893 -1.51527
1.99526e-05 0.0158489 -1.28074
1.99526e-05 0.0199526 -1.13743
1.99526e-05 0.0251189 -0.790571
1.99526e-05 0.0316228 -0.0738785
1.99526e-05 0.0398107 0.383743
1.99526e-05 0.0501187 2.28912
1.99526e-05 0.0630957 6.52801
1.99526e-05 0.0794328 17.5622
1.99526e-05 0.1 46.097
1.99526e-05 0.125893 117.576
1.99526e-05 0.158489 298.318
1.99526e-05 0.199526 751.101
1.99526e-05 0.251189 1887.27
1.99526e-05 0.316228 4715.84
1.99526e-05 0.398107 11708.9
1.99526e-05 0.501187 28819.8
1.99526e-05 0.630957 70111
1.99526e-05 0.794328 167994
1.99526e-05 1 395105
1.99526e-05 1.25893 908144
1.99526e-05 1.58489 2.01739e+06
1.99526e-05 1.99526 4.20597e+06
1.99526e-05 2.51189 7.81335e+06
1.99526e-05 3.16228 1.2242e+07
1.99526e-05 3.98107 1.58157e+07
1.99526e-05 5.01187 1.73593e+07
1.99526e-05 6.30957 1.72566e+07
1.99526e-05 7.94328 1.61878e+07
1.99526e-05 10 1.33454e+07
1.99526e-05 12.5893 9.00174e+06
1.99526e-05 15.8489 6.51482e+06
1.99526e-05 19.9526 5.24711e+06
1.99526e-05 25.1189 3.61166e+06
1.99526e-05 31.6228 2.95052e+06
1.99526e-05 39.8107 2.21094e+06
1.99526e-05 50.1187 1.29686e+06
1.99526e-05 63.0957 771069
1.99526e-05 79.4328 527049
2.51189e-05 0.0001 -1.48937
2.51189e-05 0.000125893 -1.70262
2.51189e-05 0.000158489 -1.37861
2.51189e-05 0.000199526 -1.51157
2.51189e-05 0.000251189 -1.535
2.51189e-05 0.000316228 -1.50798
2.51189e-05 0.000398107 -1.49334
2.51189e-05 0.000501187 -1.51148
2.51189e-05 0.000630957 -1.39624
2.51189e-05 0.000794328 -1.4882
2.51189e-05 0.001 -1.63112
2.51189e-05 0.00125893 -1.56073
2.51189e-05 0.00158489 -1.41923
2.51189e-05 0.00199526 -1.24419
2.51189e-05 0.00251189 -1.50185
2.51189e-05 0.00316228 -1.53619
2.51189e-05 0.00398107 -1.48484
2.51189e-05 0.00501187 -1.68355
2.51189e-05 0.00630957 -1.5834
2.51189e-05 0.00794328 -1.45975
2.51189e-05 0.01 -1.43834
2.51189e-05 0.0125893 -1.34485
2.51189e-05 0.0158489 -1.3829
2.51189e-05 0.0199526 -0.933992
2.51189e-05 0.0251189 -0.88541
2.51189e-05 0.0316228 -0.0143051
2.51189e-05 0.0398107 1.03486
2.51189e-05 0.0501187 3.8812
2.51189e-05 0.0630957 11.134
2.51189e-05 0.0794328 28.5767
2.51189e-05 0.1 73.2431
2.51189e-05 0.125893 186.832
2.51189e-05 0.158489 472.309
2.51189e-05 0.199526 1191.44
2.51189e-05 0.251189 2991.31
2.51189e-05 0.316228 7474.35
2.51189e-05 0.398107 18557.1
2.51189e-05 0.501187 45676.1
2.51189e-05 0.630957 111117
2.51189e-05 0.794328 266249
2.51189e-05 1 626192
2.51189e-05 1.25893 1.43929e+06
2.51189e-05 1.58489 3.19732e+06
2.51189e-05 1.99526 6.66596e+06
2.51189e-05 2.51189 1.23833e+07
2.51189e-05 3.16228 1.94023e+07
2.51189e-05 3.98107 2.50663e+07
2.51189e-05 5.01187 2.7513e+07
2.51189e-05 6.30957 2.73504e+07
2.51189e-05 7.94328 2.56563e+07
2.51189e-05 10 2.11514e+07
2.51189e-05 12.5893 1.42669e+07
2.51189e-05 15.8489 1.03254e+07
2.51189e-05 19.9526 8.31618e+06
2.51189e-05 25.1189 5.72416e+06
2.51189e-05 31.6228 4.67633e+06
2.51189e-05 39.8107 3.50415e+06
2.51189e-05 50.1187 2.05541e+06
2.51189e-05 63.0957 1.22208e+06
2.51189e-05 79.4328 835322
3.16228e-05 0.0001 -1.44873
3.16228e-05 0.000125893 -1.50194
3.16228e-05 0.000158489 -1.54141
3.16228e-05 0.000199526 -1.49657
3.16228e-05 0.000251189 -1.47368
3.16228e-05 0.000316228 -1.57373
3.16228e-05 0.000398107 -1.52702
3.16228e-05 0.000501187 -1.62324
3.16228e-05 0.000630957 -1.64341
3.16228e-05 0.000794328 -1.37016
3.16228e-05 0.001 -1.61369
3.16228e-05 0.00125893 -1.24851
3.16228e-05 0.00158489 -1.55844
3.16228e-05 0.00199526 -1.26839
3.16228e-05 0.00251189 -1.52479
3.16228e-05 0.00316228 -1.56645
3.16228e-05 0.00398107 -1.51685
3.16228e-05 0.00501187 -1.62464
3.16228e-05 0.00630957 -1.5175
3.16228e-05 0.00794328 -1.66133
3.16228e-05 0.01 -1.23953
3.16228e-05 0.0125893 -1.34847
3.16228e-05 0.0158489 -1.22412
3.16228e-05 0.0199526 -0.957114
3.16228e-05 0.0251189 -0.39657
3.16228e-05 0.0316228 0.477738
3.16228e-05 0.0398107 2.19042
3.16228e-05 0.0501187 6.50057
3.16228e-05 0.0630957 17.5675
3.16228e-05 0.0794328 45.2624
3.16228e-05 0.1 116.104
3.16228e-05 0.125893 296.13
3.16228e-05 0.158489 748.782
3.16228e-05 0.199526 1887.8
3.16228e-05 0.251189 4741.26
3.16228e-05 0.316228 11845.9
3.16228e-05 0.398107 29410.4
3.16228e-05 0.501187 72390.9
3.16228e-05 0.630957 176107
3.16228e-05 0.794328 421969
3.16228e-05 1 992432
3.16228e-05 1.25893 2.28109e+06
3.16228e-05 1.58489 5.06734e+06
3.16228e-05 1.99526 1.05647e+07
3.16228e-05 2.51189 1.96261e+07
3.16228e-05 3.16228 3.07507e+07
3.16228e-05 3.98107 3.97278e+07
3.16228e-05 5.01187 4.36059e+07
3.16228e-05 6.30957 4.33483e+07
3.16228e-05 7.94328 4.06634e+07
3.16228e-05 10 3.35233e+07
3.16228e-05 12.5893 2.26118e+07
3.16228e-05 15.8489 1.63647e+07
3.16228e-05 19.9526 1.31804e+07
3.16228e-05 25.1189 9.07233e+06
3.16228e-05 31.6228 7.41161e+06
3.16228e-05 39.8107 5.55379e+06
3.16228e-05 50.1187 3.25766e+06
3.16228e-05 63.0957 1.93689e+06
3.16228e-05 79.4328 1.32391e+06
3.98107e-05 0.0001 -1.43548
3.98107e-05 0.000125893 -1.43486
3.98107e-05 0.000158489 -1.49549
3.98107e-05 0.000199526 -1.73657
3.98107e-05 0.000251189 -1.65406
3.98107e-05 0.000316228 -1.63162
3.98107e-05 0.000398107 -1.46647
3.98107e-05 0.000501187 -1.55629
3.98107e-05 0.000630957 -1.61931
3.98107e-05 0.000794328 -1.33228
3.98107e-05 0.001 -1.34105
3.98107e-05 0.00125893 -1.75949
3.98107e-05 0.00158489 -1.48328
3.98107e-05 0.00199526 -1.39357
3.98107e-05 0.00251189 -1.41591
3.98107e-05 0.00316228 -1.4443
3.98107e-05 0.00398107 -1.31088
3.98107e-05 0.00501187 -1.49865
3.98107e-05 0.00630957 -1.48309
3.98107e-05 0.00794328 -1.45625
3.98107e-05 0.01 -1.31035
3.98107e-05 0.0125893 -1.18377
3.98107e-05 0.0158489 -1.01367
3.98107e-05 0.0199526 -0.856656
3.98107e-05 0.0251189 0.202185
3.98107e-05 0.0316228 1.15552
3.98107e-05 0.0398107 3.47936
3.98107e-05 0.0501187 10.8887
3.98107e-05 0.0630957 27.4959
3.98107e-05 0.0794328 72.6246
3.98107e-05 0.1 184.655
3.98107e-05 0.125893 469.221
3.98107e-05 0.158489 1187.25
3.98107e-05 0.199526 2992.7
3.98107e-05 0.251189 7513.63
3.98107e-05 0.316228 18773.5
3.98107e-05 0.398107 46612.3
3.98107e-05 0.501187 114729
3.98107e-05 0.630957 279104
3.98107e-05 0.794328 668765
3.98107e-05 1 1.57287e+06
3.98107e-05 1.25893 3.61522e+06
3.98107e-05 1.58489 8.03105e+06
3.98107e-05 1.99526 1.67437e+07
3.98107e-05 2.51189 3.11051e+07
3.98107e-05 3.16228 4.87367e+07
3.98107e-05 3.98107 6.29651e+07
3.98107e-05 5.01187 6.91121e+07
3.98107e-05 6.30957 6.87041e+07
3.98107e-05 7.94328 6.44488e+07
3.98107e-05 10 5.3132e+07
3.98107e-05 12.5893 3.58379e+07
3.98107e-05 15.8489 2.59366e+07
3.98107e-05 19.9526 2.08898e+07
3.98107e-05 25.1189 1.4379e+07
3.98107e-05 31.6228 1.17469e+07
3.98107e-05 39.8107 8.80234e+06
3.98107e-05 50.1187 5.16315e+06
3.98107e-05 63.0957 3.06981e+06
3.98107e-05 79.4328 2.09829e+06
5.01187e-05 0.0001 -1.3938
5.01187e-05 0.000125893 -1.4909
5.01187e-05 0.000158489 -1.3534
5.01187e-05 0.000199526 -1.43281
5.01187e-05 0.000251189 -1.53147
5.01187e-05 0.000316228 -1.42701
5.01187e-05 0.000398107 -1.47181
5.01187e-05 0.000501187 -1.47781
5.01187e-05 0.000630957 -1.36438
5.01187e-05 0.000794328 -1.54553
5.01187e-05 0.001 -1.33812
5.01187e-05 0.00125893 -1.34129
5.01187e-05 0.00158489 -1.57946
5.01187e-05 0.00199526 -1.47002
5.01187e-05 0.00251189 -1.47707
5.01187e-05 0.00316228 -1.41923
5.01187e-05 0.00398107 -1.61404
5.01187e-05 0.00501187 -1.72281
5.01187e-05 0.00630957 -1.60174
5.01187e-05 0.00794328 -1.28891
5.01187e-05 0.01 -1.44834
5.01187e-05 0.0125893 -1.22468
5.01187e-05 0.0158489 -1.00874
5.01187e-05 0.0199526 -0.461394
5.01187e-05 0.0251189 0.743547
5.01187e-05 0.0316228 2.06129
5.01187e-05 0.0398107 5.9325
5.01187e-05 0.0501187 16.9202
5.01187e-05 0.0630957 44.3867
5.01187e-05 0.0794328 115.094
5.01187e-05 0.1 292.538
5.01187e-05 0.125893 743.726
5.01187e-05 0.158489 1881.87
5.01187e-05 0.199526 4743.15
5.01187e-05 0.251189 11908.8
5.01187e-05 0.316228 29754.8
5.01187e-05 0.398107 73873.7
5.01187e-05 0.501187 181830
5.01187e-05 0.630957 442341
5.01187e-05 0.794328 1.0599e+06
5.01187e-05 1 2.49277e+06
5.01187e-05 1.25893 5.72961e+06
5.01187e-05 1.58489 1.27281e+07
5.01187e-05 1.99526 2.65366e+07
5.01187e-05 2.51189 4.92978e+07
5.01187e-05 3.16228 7.72428e+07
5.01187e-05 3.98107 9.97945e+07
5.01187e-05 5.01187 1.09538e+08
5.01187e-05 6.30957 1.08892e+08
5.01187e-05 7.94328 1.02148e+08
5.01187e-05 10 8.4211e+07
5.01187e-05 12.5893 5.68003e+07
5.01187e-05 15.8489 4.11073e+07
5.01187e-05 19.9526 3.31087e+07
5.01187e-05 25.1189 2.27897e+07
5.01187e-05 31.6228 1.8618e+07
5.01187e-05 39.8107 1.39511e+07
5.01187e-05 50.1187 8.18325e+06
5.01187e-05 63.0957 4.86543e+06
5.01187e-05 79.4328 3.32563e+06
6.30957e-05 0.0001 -1.46623
6.30957e-05 0.000125893 -1.54215
6.30957e-05 0.000158489 -1.52634
6.30957e-05 0.000199526 -1.36863
6.30957e-05 0.000251189 -1.22618
6.30957e-05 0.000316228 -1.45569
6.30957e-05 0.000398107 -1.59679
6.30957e-05 0.000501187 -1.49194
6.30957e-05 0.000630957 -1.71595
6.30957e-05 0.000794328 -1.44687
6.30957e-05 0.001 -1.52046
6.30957e-05 0.00125893 -1.32434
6.30957e-05 0.00158489 -1.62749
6.30957e-05 0.00199526 -1.19692
6.30957e-05 0.00251189 -1.45151
6.30957e-05 0.00316228 -1.48634
6.30957e-05 0.00398107 -1.37978
6.30957e-05 0.00501187 -1.5114
6.30957e-05 0.00630957 -1.42476
6.30957e-05 0.00794328 -1.37376
6.30957e-05 0.01 -1.17719
6.30957e-05 0.0125893 -1.17808
6.30957e-05 0.0158489 -0.779221
6.30957e-05 0.0199526 -0.0717004
6.30957e-05 0.0251189 0.613012
6.30957e-05 0.0316228 3.27485
6.30957e-05 0.0398107 10.2316
6.30957e-05 0.0501187 27.3178
6.30957e-05 0.0630957 71.218
6.30957e-05 0.0794328 182.023
6.30957e-05 0.1 464.392
6.30957e-05 0.125893 1178.86
6.30957e-05 0.158489 2982.67
6.30957e-05 0.199526 7517.52
6.30957e-05 0.251189 18873.2
6.30957e-05 0.316228 47156.3
6.30957e-05 0.398107 117078
6.30957e-05 0.501187 288171
6.30957e-05 0.630957 701043
6.30957e-05 0.794328 1.67977e+06
6.30957e-05 1 3.95066e+06
6.30957e-05 1.25893 9.08055e+06
6.30957e-05 1.58489 2.01721e+07
6.30957e-05 1.99526 4.20568e+07
6.30957e-05 2.51189 7.81311e+07
6.30957e-05 3.16228 1.22422e+08
6.30957e-05 3.98107 1.58167e+08
6.30957e-05 5.01187 1.73612e+08
6.30957e-05 6.30957 1.72589e+08
6.30957e-05 7.94328 1.619e+08
6.30957e-05 10 1.3347e+08
6.30957e-05 12.5893 9.00245e+07
6.30957e-05 15.8489 6.51517e+07
6.30957e-05 19.9526 5.24748e+07
6.30957e-05 25.1189 3.61205e+07
6.30957e-05 31.6228 2.95086e+07
6.30957e-05 39.8107 2.21118e+07
6.30957e-05 50.1187 1.297e+07
6.30957e-05 63.0957 7.7114e+06
6.30957e-05 79.4328 5.27091e+06
7.94328e-05 0.0001 -1.42778
7.94328e-05 0.000125893 -1.44831
7.94328e-05 0.000158489 -1.63824
7.94328e-05 0.000199526 -1.46442
7.94328e-05 0.000251189 -1.43738
7.94328e-05 0.000316228 -1.6473
7.94328e-05 0.000398107 -1.6521
7.94328e-05 0.000501187 -1.55694
7.94328e-05 0.000630957 -1.51044
7.94328e-05 0.000794328 -1.53028
7.94328e-05 0.001 -1.4355
7.94328e-05 0.00125893 -1.4893
7.94328e-05 0.00158489 -1.75569
7.94328e-05 0.00199526 -1.56094
7.94328e-05 0.00251189 -1.51167
7.94328e-05 0.00316228 -1.27703
7.94328e-05 0.00398107 -1.3966
7.94328e-05 0.00501187 -1.4458
7.94328e-05 0.00630957 -1.38796
7.94328e-05 0.00794328 -1.21664
7.94328e-05 0.01 -1.1081
7.94328e-05 0.0125893 -0.728475
7.94328e-05 0.0158489 -0.080148
7.94328e-05 0.0199526 0.357161
7.94328e-05 0.0251189 2.22222
7.94328e-05 0.0316228 6.05629
7.94328e-05 0.0398107 16.2009
7.94328e-05 0.0501187 43.2399
7.94328e-05 0.0630957 112.426
7.94328e-05 0.0794328 289.225
7.94328e-05 0.1 736.354
7.94328e-05 0.125893 1869.07
7.94328e-05 0.158489 4726.95
7.94328e-05 0.199526 11914
7.94328e-05 0.251189 29911.6
7.94328e-05 0.316228 74735.2
7.94328e-05 0.398107 185550
7.94328e-05 0.501187 456706
7.94328e-05 0.630957 1.11104e+06
7.94328e-05 0.794328 2.66217e+06
7.94328e-05 1 6.26115e+06
7.94328e-05 1.25893 1.43912e+07
7.94328e-05 1.58489 3.19695e+07
7.94328e-05 1.99526 6.66538e+07
7.94328e-05 2.51189 1.23828e+08
7.94328e-05 3.16228 1.94028e+08
7.94328e-05 3.98107 2.50684e+08
7.94328e-05 5.01187 2.75167e+08
7.94328e-05 6.30957 2.73549e+08
7.94328e-05 7.94328 2.56608e+08
7.94328e-05 10 2.11546e+08
7.94328e-05 12.5893 1.42684e+08
7.94328e-05 15.8489 1.03261e+08
7.94328e-05 19.9526 8.31693e+07
7.94328e-05 25.1189 5.72494e+07
7.94328e-05 31.6228 4.677e+07
7.94328e-05 39.8107 3.50462e+07
7.94328e-05 50.1187 2.05569e+07
7.94328e-05 63.0957 1.22222e+07
7.94328e-05 79.4328 8.35409e+06
0.0001 0.0001 -1.67114
0.0001 0.000125893 -1.63748
0.0001 0.000158489 -1.55753
0.0001 0.000199526 -1.41714
0.0001 0.000251189 -1.49157
0.0001 0.000316228 -1.45604
0.0001 0.000398107 -1.49978
0.0001 0.000501187 -1.54405
0.0001 0.000630957 -1.63284
0.0001 0.000794328 -1.46781
0.0001 0.001 -1.39306
0.0001 0.00125893 -1.62531
0.0001 0.00158489 -1.56977
0.0001 0.00199526 -1.42873
0.0001 0.00251189 -1.39504
0.0001 0.00316228 -1.32235
0.0001 0.00398107 -1.46278
0.0001 0.00501187 -1.71157
0.0001 0.00630957 -1.32399
0.0001 0.00794328 -1.46888
0.0001 0.01 -1.06012
0.0001 0.0125893 -0.46605
0.0001 0.0158489 -0.0962936
0.0001 0.0199526 1.0495
0.0001 0.0251189 3.05579
0.0001 0.0316228 10.1969
0.0001 0.0398107 26.7732
0.0001 0.0501187 69.7244
0.0001 0.0630957 178.743
0.0001 0.0794328 457.689
0.0001 0.1 1167.18
0.0001 0.125893 2962.81
0.0001 0.158489 7491.26
0.0001 0.199526 18881.5
0.0001 0.251189 47403.3
0.0001 0.316228 118442
0.0001 0.398107 294065
0.0001 0.501187 723798
0.0001 0.630957 1.7608e+06
0.0001 0.794328 4.21906e+06
0.0001 1 9.92279e+06
0.0001 1.25893 2.28074e+07
0.0001 1.58489 5.06661e+07
0.0001 1.99526 1.05636e+08
0.0001 2.51189 1.96251e+08
0.0001 3.16228 3.07515e+08
0.0001 3.98107 3.97319e+08
0.0001 5.01187 4.36132e+08
0.0001 6.30957 4.33574e+08
0.0001 7.94328 4.06724e+08
0.0001 10 3.35296e+08
0.0001 12.5893 2.26147e+08
0.0001 15.8489 1.63661e+08
0.0001 19.9526 1.31819e+08
0.0001 25.1189 9.07389e+07
0.0001 31.6228 7.41294e+07
0.0001 39.8107 5.55474e+07
0.0001 50.1187 3.25821e+07
0.0001 63.0957 1.93717e+07
0.0001 79.4328 1.32409e+07
0.000125893 0.0001 -1.27873
0.000125893 0.000125893 -1.52062
0.000125893 0.000158489 -1.37299
0.000125893 0.000199526 -1.42947
0.000125893 0.000251189 -1.55691
0.000125893 0.000316228 -1.52711
0.000125893 0.000398107 -1.46869
0.000125893 0.000501187 -1.48534
0.000125893 0.000630957 -1.38807
0.000125893 0.000794328 -1.51712
0.000125893 0.001 -1.45793
0.000125893 0.00125893 -1.55357
0.000125893 0.00158489 -1.43685
0.000125893 0.00199526 -1.32931
0.000125893 0.00251189 -1.39178
0.000125893 0.00316228 -1.62002
0.000125893 0.00398107 -1.61845
0.000125893 0.00501187 -1.41469
0.000125893 0.00630957 -1.39047
0.000125893 0.00794328 -1.19531
0.000125893 0.01 -1.02202
0.000125893 0.0125893 -0.496223
0.000125893 0.0158489 0.390256
0.000125893 0.0199526 1.52432
0.000125893 0.0251189 6.04196
0.000125893 0.0316228 15.6115
0.000125893 0.0398107 41.7145
0.000125893 0.0501187 109.935
0.000125893 0.0630957 283.264
0.000125893 0.0794328 725.728
0.000125893 0.1 1849.52
0.000125893 0.125893 4695.35
0.000125893 0.158489 11873.1
0.000125893 0.199526 29924.6
0.000125893 0.251189 75126
0.000125893 0.316228 187707
0.000125893 0.398107 466036
0.000125893 0.501187 1.14708e+06
0.000125893 0.630957 2.79053e+06
0.000125893 0.794328 6.68639e+06
0.000125893 1 1.57256e+07
0.000125893 1.25893 3.61451e+07
0.000125893 1.58489 8.02959e+07
0.000125893 1.99526 1.67414e+08
0.000125893 2.51189 3.11031e+08
0.000125893 3.16228 4.87384e+08
0.000125893 3.98107 6.29732e+08
0.000125893 5.01187 6.91265e+08
0.000125893 6.30957 6.87223e+08
0.000125893 7.94328 6.44668e+08
0.000125893 10 5.31447e+08
0.000125893 12.5893 3.58436e+08
0.000125893 15.8489 2.59393e+08
0.000125893 19.9526 2.08928e+08
0.000125893 25.1189 1.43821e+08
0.000125893 31.6228 1.17495e+08
0.000125893 39.8107 8.80425e+07
0.000125893 50.1187 5.16425e+07
0.000125893 63.0957 3.07037e+07
0.000125893 79.4328 2.09864e+07
0.000158489 0.0001 -1.59365
0.000158489 0.000125893 -1.36435
0.000158489 0.000158489 -1.41753
0.000158489 0.000199526 -1.61709
0.000158489 0.000251189 -1.64336
0.000158489 0.000316228 -1.43685
0.000158489 0.000398107 -1.52976
0.000158489 0.000501187 -1.47184
0.000158489 0.000630957 -1.41545
0.000158489 0.000794328 -1.49732
0.000158489 0.001 -1.58889
0.000158489 0.00125893 -1.37823
0.000158489 0.00158489 -1.34634
0.000158489 0.00199526 -1.26936
0.000158489 0.00251189 -1.45848
0.000158489 0.00316228 -1.44981
0.000158489 0.00398107 -1.35075
0.000158489 0.00501187 -1.50903
0.000158489 0.00630957 -1.54672
0.000158489 0.00794328 -1.06734
0.000158489 0.01 -0.667373
0.000158489 0.0125893 -0.400234
0.000158489 0.0158489 0.842486
0.000158489 0.0199526 2.88562
0.000158489 0.0251189 9.59214
0.000158489 0.0316228 25.4761
0.000158489 0.0398107 67.3399
0.000158489 0.0501187 174.455
0.000158489 0.0630957 449.635
0.000158489 0.0794328 1150.62
0.000158489 0.1 2931.76
0.000158489 0.125893 7439.83
0.000158489 0.158489 18816.4
0.000158489 0.199526 47423.1
0.000158489 0.251189 119059
0.000158489 0.316228 297478
0.000158489 0.398107 738567
0.000158489 0.501187 1.81788e+06
0.000158489 0.630957 4.42239e+06
0.000158489 0.794328 1.05965e+07
0.000158489 1 2.49216e+07
0.000158489 1.25893 5.7282e+07
0.000158489 1.58489 1.27252e+08
0.000158489 1.99526 2.65319e+08
0.000158489 2.51189 4.9294e+08
0.000158489 3.16228 7.72461e+08
0.000158489 3.98107 9.98107e+08
0.000158489 5.01187 1.09567e+09
0.000158489 6.30957 1.08928e+09
0.000158489 7.94328 1.02184e+09
0.000158489 10 8.42362e+08
0.000158489 12.5893 5.68116e+08
0.000158489 15.8489 4.11127e+08
0.000158489 19.9526 3.31146e+08
0.000158489 25.1189 2.27959e+08
0.000158489 31.6228 1.86233e+08
0.000158489 39.8107 1.39549e+08
0.000158489 50.1187 8.18544e+07
0.000158489 63.0957 4.86655e+07
0.000158489 79.4328 3.32634e+07
0.000199526 0.0001 -1.50371
0.000199526 0.000125893 -1.41568
0.000199526 0.000158489 -1.55873
0.000199526 0.000199526 -1.5473
0.000199526 0.000251189 -1.32021
0.000199526 0.000316228 -1.42222
0.000199526 0.000398107 -1.45331
0.000199526 0.000501187 -1.50615
0.000199526 0.000630957 -1.54305
0.000199526 0.000794328 -1.4787
0.000199526 0.001 -1.44164
0.000199526 0.00125893 -1.33111
0.000199526 0.00158489 -1.43792
0.000199526 0.00199526 -1.42832
0.000199526 0.00251189 -1.50392
0.000199526 0.00316228 -1.48276
0.000199526 0.00398107 -1.64731
0.000199526 0.00501187 -1.40426
0.000199526 0.00630957 -1.23673
0.000199526 0.00794328 -1.08674
0.000199526 0.01 -0.783825
0.000199526 0.0125893 0.216961
0.000199526 0.0158489 1.53796
0.000199526 0.0199526 5.42962
0.000199526 0.0251189 14.8832
0.000199526 0.0316228 40.4907
0.000199526 0.0398107 106.643
0.000199526 0.0501187 276.487
0.000199526 0.0630957 712.805
0.000199526 0.0794328 1823.9
0.000199526 0.1 4646.57
0.000199526 0.125893 11791
0.000199526 0.158489 29819.8
0.000199526 0.199526 75154.6
0.000199526 0.251189 188679
0.000199526 0.316228 471431
0.000199526 0.398107 1.17045e+06
0.000199526 0.501187 2.8809e+06
0.000199526 0.630957 7.0084e+06
0.000199526 0.794328 1.67927e+07
0.000199526 1 3.94945e+07
0.000199526 1.25893 9.07773e+07
0.000199526 1.58489 2.01663e+08
0.000199526 1.99526 4.20475e+08
0.000199526 2.51189 7.81233e+08
0.000199526 3.16228 1.22429e+09
0.000199526 3.98107 1.58199e+09
0.000199526 5.01187 1.73669e+09
0.000199526 6.30957 1.72662e+09
0.000199526 7.94328 1.61972e+09
0.000199526 10 1.33521e+09
0.000199526 12.5893 9.00471e+08
0.000199526 15.8489 6.51626e+08
0.000199526 19.9526 5.24867e+08
0.000199526 25.1189 3.61328e+08
0.000199526 31.6228 2.95192e+08
0.000199526 39.8107 2.21194e+08
0.000199526 50.1187 1.29744e+08
0.000199526 63.0957 7.71364e+07
0.000199526 79.4328 5.27231e+07
0.000251189 0.0001 -1.61202
0.000251189 0.000125893 -1.60636
0.000251189 0.000158489 -1.42633
0.000251189 0.000199526 -1.28004
0.000251189 0.000251189 -1.51307
0.000251189 0.000316228 -1.56838
0.000251189 0.000398107 -1.39667
0.000251189 0.000501187 -1.50181
0.000251189 0.000630957 -1.43167
0.000251189 0.000794328 -1.47
0.000251189 0.001 -1.30112
0.000251189 0.00125893 -1.61373
0.000251189 0.00158489 -1.47725
0.000251189 0.00199526 -1.61798
0.000251189 0.00251189 -1.56156
0.000251189 0.00316228 -1.34423
0.000251189 0.00398107 -1.458
0.000251189 0.00501187 -1.4061
0.000251189 0.00630957 -1.26759
0.000251189 0.00794328 -0.946977
0.000251189 0.01 -0.226138
0.000251189 0.0125893 0.383081
0.000251189 0.0158489 2.66383
0.000251189 0.0199526 8.94736
0.000251189 0.0251189 24.1586
0.000251189 0.0316228 64.4978
0.000251189 0.0398107 168.864
0.000251189 0.0501187 439.111
0.000251189 0.0630957 1129.68
0.000251189 0.0794328 2891.19
0.000251189 0.1 7363.41
0.000251189 0.125893 18685.4
0.000251189 0.158489 47256.8
0.000251189 0.199526 119100
0.000251189 0.251189 299006
0.000251189 0.316228 747086
0.000251189 0.398107 1.85484e+06
0.000251189 0.501187 4.56542e+06
0.000251189 0.630957 1.11063e+07
0.000251189 0.794328 2.66117e+07
0.000251189 1 6.25873e+07
0.000251189 1.25893 1.43855e+08
0.000251189 1.58489 3.19579e+08
0.000251189 1.99526 6.66352e+08
0.000251189 2.51189 1.23812e+09
0.000251189 3.16228 1.9404e+09
0.000251189 3.98107 2.50746e+09
0.000251189 5.01187 2.7528e+09
0.000251189 6.30957 2.73694e+09
0.000251189 7.94328 2.56751e+09
0.000251189 10 2.11646e+09
0.000251189 12.5893 1.42729e+09
0.000251189 15.8489 1.03282e+09
0.000251189 19.9526 8.31928e+08
0.000251189 25.1189 5.72741e+08
0.000251189 31.6228 4.67911e+08
0.000251189 39.8107 3.50614e+08
0.000251189 50.1187 2.05656e+08
0.000251189 63.0957 1.22266e+08
0.000251189 79.4328 8.3569e+07
0.000316228 0.0001 -1.49394
0.000316228 0.000125893 -1.52114
0.000316228 0.000158489 -1.35049
0.000316228 0.000199526 -1.57934
0.000316228 0.000251189 -1.266
0.000316228 0.000316228 -1.41374
0.000316228 0.000398107 -1.25307
0.000316228 0.000501187 -1.66844
0.000316228 0.000630957 -1.45634
0.000316228 0.000794328 -1.39008
0.000316228 0.001 -1.40673
0.000316228 0.00125893 -1.4944
0.000316228 0.00158489 -1.3142
0.000316228 0.00199526 -1.46147
0.000316228 0.00251189 -1.35959
0.000316228 0.00316228 -1.37033
0.000316228 0.00398107 -1.30414
0.000316228 0.00501187 -1.45164
0.000316228 0.00630957 -1.10564
0.000316228 0.00794328 -0.624685
0.000316228 0.01 -0.0451892
0.000316228 0.0125893 1.39934
0.000316228 0.0158489 5.06439
0.000316228 0.0199526 14.2876
0.000316228 0.0251189 38.7367
0.000316228 0.0316228 102.229
0.000316228 0.0398107 268.416
0.000316228 0.0501187 695.714
0.000316228 0.0630957 1790.07
0.000316228 0.0794328 4580.18
0.000316228 0.1 11670.9
0.000316228 0.125893 29611.4
0.000316228 0.158489 74886.4
0.000316228 0.199526 188735
0.000316228 0.251189 473830
0.000316228 0.316228 1.1839e+06
0.000316228 0.398107 2.93933e+06
0.000316228 0.501187 7.23472e+06
0.000316228 0.630957 1.75999e+07
0.000316228 0.794328 4.21707e+07
0.000316228 1 9.91796e+07
0.000316228 1.25893 2.27962e+08
0.000316228 1.58489 5.06428e+08
0.000316228 1.99526 1.05598e+09
0.000316228 2.51189 1.9622e+09
0.000316228 3.16228 3.07537e+09
0.000316228 3.98107 3.97439e+09
0.000316228 5.01187 4.36354e+09
0.000316228 6.30957 4.33862e+09
0.000316228 7.94328 4.07009e+09
0.000316228 10 3.35497e+09
0.000316228 12.5893 2.26237e+09
0.000316228 15.8489 1.63704e+09
0.000316228 19.9526 1.31866e+09
0.000316228 25.1189 9.07882e+08
0.000316228 31.6228 7.41715e+08
0.000316228 39.8107 5.55776e+08
0.000316228 50.1187 3.25996e+08
0.000316228 63.0957 1.93806e+08
0.000316228 79.4328 1.32465e+08
0.000398107 0.0001 -1.51009
0.000398107 0.000125893 -1.53499
0.000398107 0.000158489 -1.52835
0.000398107 0.000199526 -1.51357
0.000398107 0.000251189 -1.63911
0.000398107 0.000316228 -1.34997
0.000398107 0.000398107 -1.42165
0.000398107 0.000501187 -1.49428
0.000398107 0.000630957 -1.54663
0.000398107 0.000794328 -1.49154
0.000398107 0.001 -1.34407
0.000398107 0.00125893 -1.56801
0.000398107 0.00158489 -1.26099
0.000398107 0.00199526 -1.49939
0.000398107 0.00251189 -1.44686
0.000398107 0.00316228 -1.12758
0.000398107 0.00398107 -1.34669
0.000398107 0.00501187 -1.42116
0.000398107 0.00630957 -0.87013
0.000398107 0.00794328 -0.325259
0.000398107 0.01 0.795159
0.000398107 0.0125893 2.35172
0.000398107 0.0158489 7.97385
0.000398107 0.0199526 22.7688
0.000398107 0.0251189 61.3679
0.000398107 0.0316228 162.44
0.000398107 0.0398107 425.746
0.000398107 0.0501187 1102.37
0.000398107 0.0630957 2837.02
0.000398107 0.0794328 7259.31
0.000398107 0.1 18491
0.000398107 0.125893 46922.9
0.000398107 0.158489 118667
0.000398107 0.199526 299074
0.000398107 0.251189 750843
0.000398107 0.316228 1.87604e+06
0.000398107 0.398107 4.65774e+06
0.000398107 0.501187 1.14643e+07
0.000398107 0.630957 2.78892e+07
0.000398107 0.794328 6.68241e+07
0.000398107 1 1.5716e+08
0.000398107 1.25893 3.61228e+08
0.000398107 1.58489 8.02495e+08
0.000398107 1.99526 1.6734e+09
0.000398107 2.51189 3.10966e+09
0.000398107 3.16228 4.8742e+09
0.000398107 3.98107 6.29959e+09
0.000398107 5.01187 6.91699e+09
0.000398107 6.30957 6.87796e+09
0.000398107 7.94328 6.45237e+09
0.000398107 10 5.31847e+09
0.000398107 12.5893 3.58615e+09
0.000398107 15.8489 2.5948e+09
0.000398107 19.9526 2.09021e+09
0.000398107 25.1189 1.43919e+09
0.000398107 31.6228 1.17579e+09
0.000398107 39.8107 8.81026e+08
0.000398107 50.1187 5.16773e+08
0.000398107 63.0957 3.07216e+08
0.000398107 79.4328 2.09976e+08
0.000501187 0.0001 -1.55923
0.000501187 0.000125893 -1.5372
0.000501187 0.000158489 -1.53285
0.000501187 0.000199526 -1.49829
0.000501187 0.000251189 -1.24264
0.000501187 0.000316228 -1.46956
0.000501187 0.000398107 -1.42595
0.000501187 0.000501187 -1.4485
0.000501187 0.000630957 -1.15485
0.000501187 0.000794328 -1.50495
0.000501187 0.001 -1.40151
0.000501187 0.00125893 -1.09573
0.000501187 0.00158489 -1.35743
0.000501187 0.00199526 -1.50792
0.000501187 0.00251189 -1.30347
0.000501187 0.00316228 -1.51014
0.000501187 0.00398107 -1.50081
0.000501187 0.00501187 -1.16586
0.000501187 0.00630957 -0.972654
0.000501187 0.00794328 -0.0270141
0.000501187 0.01 1.11754
0.000501187 0.0125893 4.4936
0.000501187 0.0158489 12.836
0.000501187 0.0199526 35.952
0.000501187 0.0251189 96.8254
0.000501187 0.0316228 257.888
0.000501187 0.0398107 674.568
0.000501187 0.0501187 1746.91
0.000501187 0.0630957 4495.21
0.000501187 0.0794328 11502.9
0.000501187 0.1 29299.8
0.000501187 0.125893 74352.1
0.000501187 0.158489 188035
0.000501187 0.199526 473899
0.000501187 0.251189 1.18976e+06
0.000501187 0.316228 2.97269e+06
0.000501187 0.398107 7.38045e+06
0.000501187 0.501187 1.81658e+07
0.000501187 0.630957 4.41916e+07
0.000501187 0.794328 1.05885e+08
0.000501187 1 2.49024e+08
0.000501187 1.25893 5.72373e+08
0.000501187 1.58489 1.27159e+09
0.000501187 1.99526 2.6517e+09
0.000501187 2.51189 4.92802e+09
0.000501187 3.16228 7.72512e+09
0.000501187 3.98107 9.98521e+09
0.000501187 5.01187 1.0965e+10
0.000501187 6.30957 1.09041e+10
0.000501187 7.94328 1.02297e+10
0.000501187 10 8.4316e+09
0.000501187 12.5893 5.68475e+09
0.000501187 15.8489 4.11299e+09
0.000501187 19.9526 3.31332e+09
0.000501187 25.1189 2.28155e+09
0.000501187 31.6228 1.86401e+09
0.000501187 39.8107 1.39669e+09
0.000501187 50.1187 8.19239e+08
0.000501187 63.0957 4.87011e+08
0.000501187 79.4328 3.32856e+08
0.000630957 0.0001 -1.52825
0.000630957 0.000125893 -1.5787
0.000630957 0.000158489 -1.48621
0.000630957 0.000199526 -1.51645
0.000630957 0.000251189 -1.45938
0.000630957 0.000316228 -1.31639
0.000630957 0.000398107 -1.52159
0.000630957 0.000501187 -1.54437
0.000630957 0.000630957 -1.37294
0.000630957 0.000794328 -1.57652
0.000630957 0.001 -1.50213
0.000630957 0.00125893 -1.32349
0.000630957 0.00158489 -1.44549
0.000630957 0.00199526 -1.51549
0.000630957 0.00251189 -1.61677
0.000630957 0.00316228 -1.33942
0.000630957 0.00398107 -1.51409
0.000630957 0.00501187 -1.1623
0.000630957 0.00630957 -0.579102
0.000630957 0.00794328 0.118419
0.000630957 0.01 2.01366
0.000630957 0.0125893 7.15539
0.000630957 0.0158489 20.7425
0.000630957 0.0199526 57.3235
0.000630957 0.0251189 154.748
0.000630957 0.0316228 408.794
0.000630957 0.0398107 1068.95
0.000630957 0.0501187 2768.53
0.000630957 0.0630957 7123.61
0.000630957 0.0794328 18226.1
0.000630957 0.1 46423.8
0.000630957 0.125893 117808
0.000630957 0.158489 297935
0.000630957 0.199526 750879
0.000630957 0.251189 1.88513e+06
0.000630957 0.316228 4.71013e+06
0.000630957 0.398107 1.16941e+07
0.000630957 0.501187 2.8783e+07
0.000630957 0.630957 7.00196e+07
0.000630957 0.794328 1.67769e+08
0.000630957 1 3.94561e+08
0.000630957 1.25893 9.06882e+08
0.000630957 1.58489 2.01477e+09
0.000630957 1.99526 4.2017e+09
0.000630957 2.51189 7.80936e+09
0.000630957 3.16228 1.22433e+10
0.000630957 3.98107 1.58272e+10
0.000630957 5.01187 1.73823e+10
0.000630957 6.30957 1.7288e+10
0.000630957 7.94328 1.62198e+10
0.000630957 10 1.3368e+10
0.000630957 12.5893 9.01187e+09
0.000630957 15.8489 6.51967e+09
0.000630957 19.9526 5.25236e+09
0.000630957 25.1189 3.61719e+09
0.000630957 31.6228 2.95526e+09
0.000630957 39.8107 2.21433e+09
0.000630957 50.1187 1.29882e+09
0.000630957 63.0957 7.72074e+08
0.000630957 79.4328 5.27674e+08
0.000794328 0.0001 -1.58266
0.000794328 0.000125893 -1.5058
0.000794328 0.000158489 -1.40804
0.000794328 0.000199526 -1.59255
0.000794328 0.000251189 -1.49132
0.000794328 0.000316228 -1.06737
0.000794328 0.000398107 -1.48964
0.000794328 0.000501187 -1.40632
0.000794328 0.000630957 -1.54763
0.000794328 0.000794328 -1.3505
0.000794328 0.001 -1.43991
0.000794328 0.00125893 -1.34736
0.000794328 0.00158489 -1.35693
0.000794328 0.00199526 -1.47647
0.000794328 0.00251189 -1.41358
0.000794328 0.00316228 -1.44997
0.000794328 0.00398107 -1.24252
0.000794328 0.00501187 -1.19717
0.000794328 0.00630957 -0.557479
0.000794328 0.00794328 1.05314
0.000794328 0.01 3.7618
0.000794328 0.0125893 11.3814
0.000794328 0.0158489 33.3781
0.000794328 0.0199526 90.9694
0.000794328 0.0251189 245.13
0.000794328 0.0316228 647.976
0.000794328 0.0398107 1693.75
0.000794328 0.0501187 4387.25
0.000794328 0.0630957 11286.6
0.000794328 0.0794328 28876.3
0.000794328 0.1 73552.1
0.000794328 0.125893 186649
0.000794328 0.158489 472031
0.000794328 0.199526 1.18966e+06
0.000794328 0.251189 2.98672e+06
0.000794328 0.316228 7.46253e+06
0.000794328 0.398107 1.85276e+07
0.000794328 0.501187 4.56022e+07
0.000794328 0.630957 1.10935e+08
0.000794328 0.794328 2.658e+08
0.000794328 1 6.25104e+08
0.000794328 1.25893 1.43677e+09
0.000794328 1.58489 3.19203e+09
0.000794328 1.99526 6.65723e+09
0.000794328 2.51189 1.23747e+10
0.000794328 3.16228 1.94036e+10
0.000794328 3.98107 2.5087e+10
0.000794328 5.01187 2.75566e+10
0.000794328 6.30957 2.7411e+10
0.000794328 7.94328 2.57194e+10
0.000794328 10 2.11964e+10
0.000794328 12.5893 1.42871e+10
0.000794328 15.8489 1.0335e+10
0.000794328 19.9526 8.32659e+09
0.000794328 25.1189 5.73518e+09
0.000794328 31.6228 4.68578e+09
0.000794328 39.8107 3.51092e+09
0.000794328 50.1187 2.05933e+09
0.000794328 63.0957 1.22408e+09
0.000794328 79.4328 8.36567e+08
0.001 0.0001 -1.53254
0.001 0.000125893 -1.48099
0.001 0.000158489 -1.39596
0.001 0.000199526 -1.55246
0.001 0.000251189 -1.41864
0.001 0.000316228 -1.44738
0.001 0.000398107 -1.7043
0.001 0.000501187 -1.46848
0.001 0.000630957 -1.38152
0.001 0.000794328 -1.2163
0.001 0.001 -1.40148
0.001 0.00125893 -1.50174
0.001 0.00158489 -1.28309
0.001 0.00199526 -1.21994
0.001 0.00251189 -1.49914
0.001 0.00316228 -1.58035
0.001 0.00398107 -1.51333
0.001 0.00501187 -0.643296
0.001 0.00630957 -0.112391
0.001 0.00794328 1.78465
0.001 0.01 5.87211
0.001 0.0125893 18.1047
0.001 0.0158489 52.5519
0.001 0.0199526 144.744
0.001 0.0251189 388.951
0.001 0.0316228 1027.13
0.001 0.0398107 2683.75
0.001 0.0501187 6951.01
0.001 0.0630957 17882.6
0.001 0.0794328 45745.8
0.001 0.1 116520
0.001 0.125893 295688
0.001 0.158489 747792
0.001 0.199526 1.88466e+06
0.001 0.251189 4.73158e+06
0.001 0.316228 1.18222e+07
0.001 0.398107 2.93514e+07
0.001 0.501187 7.22429e+07
0.001 0.630957 1.75741e+08
0.001 0.794328 4.21069e+08
0.001 1 9.90248e+08
0.001 1.25893 2.276e+09
0.001 1.58489 5.0566e+09
0.001 1.99526 1.05461e+10
0.001 2.51189 1.9603e+10
0.001 3.16228 3.07422e+10
0.001 3.98107 3.97582e+10
0.001 5.01187 4.3687e+10
0.001 6.30957 4.34656e+10
0.001 7.94328 4.07859e+10
0.001 10 3.36124e+10
0.001 12.5893 2.26521e+10
0.001 15.8489 1.63837e+10
0.001 19.9526 1.32009e+10
0.001 25.1189 9.09425e+09
0.001 31.6228 7.43048e+09
0.001 39.8107 5.5673e+09
0.001 50.1187 3.26548e+09
0.001 63.0957 1.94088e+09
0.001 79.4328 1.32638e+09
0.00125893 0.0001 -1.51326
0.00125893 0.000125893 -1.55743
0.00125893 0.000158489 -1.49069
0.00125893 0.000199526 -1.52741
0.00125893 0.000251189 -1.53413
0.00125893 0.000316228 -1.48055
0.00125893 0.000398107 -1.51507
0.00125893 0.000501187 -1.51771
0.00125893 0.000630957 -1.56755
0.00125893 0.000794328 -1.53311
0.00125893 0.001 -1.34716
0.00125893 0.00125893 -1.20919
0.00125893 0.00158489 -1.52204
0.00125893 0.00199526 -1.47289
0.00125893 0.00251189 -1.37699
0.00125893 0.00316228 -1.43993
0.00125893 0.00398107 -1.26907
0.00125893 0.00501187 -0.72364
0.00125893 0.00630957 0.711756
0.00125893 0.00794328 2.66587
0.00125893 0.01 9.6529
0.00125893 0.0125893 29.2895
0.00125893 0.0158489 83.2947
0.00125893 0.0199526 229.593
0.00125893 0.0251189 615.878
0.00125893 0.0316228 1626.76
0.00125893 0.0398107 4251.24
0.00125893 0.0501187 11010.9
0.00125893 0.0630957 28325.8
0.00125893 0.0794328 72463.5
0.00125893 0.1 184564
0.00125893 0.125893 468364
0.00125893 0.158489 1.1845e+06
0.00125893 0.199526 2.98531e+06
0.00125893 0.251189 7.49488e+06
0.00125893 0.316228 1.87265e+07
0.00125893 0.398107 4.6493e+07
0.00125893 0.501187 1.14433e+08
0.00125893 0.630957 2.78369e+08
0.00125893 0.794328 6.66949e+08
0.00125893 1 1.56855e+09
0.00125893 1.25893 3.60513e+09
0.00125893 1.58489 8.00894e+09
0.00125893 1.99526 1.67017e+10
0.00125893 2.51189 3.10518e+10
0.00125893 3.16228 4.87097e+10
0.00125893 3.98107 6.30112e+10
0.00125893 5.01187 6.92595e+10
0.00125893 6.30957 6.8934e+10
0.00125893 7.94328 6.46928e+10
0.00125893 10 5.33075e+10
0.00125893 12.5893 3.59172e+10
0.00125893 15.8489 2.59739e+10
0.00125893 19.9526 2.09302e+10
0.00125893 25.1189 1.44223e+10
0.00125893 31.6228 1.17845e+10
0.00125893 39.8107 8.82931e+09
0.00125893 50.1187 5.17876e+09
0.00125893 63.0957 3.07769e+09
0.00125893 79.4328 2.10301e+09
0.00158489 0.0001 -1.37253
0.00158489 0.000125893 -1.44882
0.00158489 0.000158489 -1.52297
0.00158489 0.000199526 -1.56941
0.00158489 0.000251189 -1.4068
0.00158489 0.000316228 -1.63496
0.00158489 0.000398107 -1.50432
0.00158489 0.000501187 -1.42167
0.00158489 0.000630957 -1.38372
0.00158489 0.000794328 -1.44374
0.00158489 0.001 -1.44828
0.00158489 0.00125893 -1.34781
0.00158489 0.00158489 -1.17775
0.00158489 0.00199526 -1.22911
0.00158489 0.00251189 -1.6754
0.00158489 0.00316228 -1.31218
0.00158489 0.00398107 -0.904048
0.00158489 0.00501187 -0.552689
0.00158489 0.00630957 0.988899
0.00158489 0.00794328 4.76564
0.00158489 0.01 15.7909
0.00158489 0.0125893 47.1879
0.00158489 0.0158489 132.321
0.00158489 0.0199526 363.435
0.00158489 0.0251189 975.026
0.00158489 0.0316228 2577.27
0.00158489 0.0398107 6733.72
0.00158489 0.0501187 17446.7
0.00158489 0.0630957 44862.3
0.00158489 0.0794328 114756
0.00158489 0.1 292295
0.00158489 0.125893 741754
0.00158489 0.158489 1.87593e+06
0.00158489 0.199526 4.72798e+06
0.00158489 0.251189 1.187e+07
0.00158489 0.316228 2.96581e+07
0.00158489 0.398107 7.36329e+07
0.00158489 0.501187 1.81229e+08
0.00158489 0.630957 4.40848e+08
0.00158489 0.794328 1.05634e+09
0.00158489 1 2.4841e+09
0.00158489 1.25893 5.70864e+09
0.00158489 1.58489 1.2679e+10
0.00158489 1.99526 2.64451e+10
0.00158489 2.51189 4.91788e+10
0.00158489 3.16228 7.7165e+10
0.00158489 3.98107 9.98479e+10
0.00158489 5.01187 1.09795e+11
0.00158489 6.30957 1.09328e+11
0.00158489 7.94328 1.02624e+11
0.00158489 10 8.45549e+10
0.00158489 12.5893 5.69552e+10
0.00158489 15.8489 4.11801e+10
0.00158489 19.9526 3.31881e+10
0.00158489 25.1189 2.28749e+10
0.00158489 31.6228 1.86929e+10
0.00158489 39.8107 1.4005e+10
0.00158489 50.1187 8.2143e+09
0.00158489 63.0957 4.88066e+09
0.00158489 79.4328 3.33452e+09
0.00199526 0.0001 -1.54635
0.00199526 0.000125893 -1.31166
0.00199526 0.000158489 -1.33721
0.00199526 0.000199526 -1.34395
0.00199526 0.000251189 -1.509
0.00199526 0.000316228 -1.53546
0.00199526 0.000398107 -1.44017
0.00199526 0.000501187 -1.49132
0.00199526 0.000630957 -1.68368
0.00199526 0.000794328 -1.49248
0.00199526 0.001 -1.2708
0.00199526 0.00125893 -1.29541
0.00199526 0.00158489 -1.23182
0.00199526 0.00199526 -1.20578
0.00199526 0.00251189 -1.44576
0.00199526 0.00316228 -1.38964
0.00199526 0.00398107 -0.756314
0.00199526 0.00501187 0.0603766
0.00199526 0.00630957 2.13357
0.00199526 0.00794328 7.90987
0.00199526 0.01 25.0536
0.00199526 0.0125893 74.4839
0.00199526 0.0158489 210.359
0.00199526 0.0199526 575.731
0.00199526 0.0251189 1544.25
0.00199526 0.0316228 4081.4
0.00199526 0.0398107 10663.2
0.00199526 0.0501187 27629.4
0.00199526 0.0630957 71037.5
0.00199526 0.0794328 181696
0.00199526 0.1 462798
0.00199526 0.125893 1.17446e+06
0.00199526 0.158489 2.9703e+06
0.00199526 0.199526 7.4862e+06
0.00199526 0.251189 1.87949e+07
0.00199526 0.316228 4.69602e+07
0.00199526 0.398107 1.16587e+08
0.00199526 0.501187 2.87013e+08
0.00199526 0.630957 6.98155e+08
0.00199526 0.794328 1.67262e+09
0.00199526 1 3.93244e+09
0.00199526 1.25893 9.03381e+09
0.00199526 1.58489 2.00669e+10
0.00199526 1.99526 4.18609e+10
0.00199526 2.51189 7.7864e+10
0.00199526 3.16228 1.22205e+11
0.00199526 3.98107 1.58176e+11
0.00199526 5.01187 1.74032e+11
0.00199526 6.30957 1.73402e+11
0.00199526 7.94328 1.62821e+11
0.00199526 10 1.34143e+11
0.00199526 12.5893 9.03275e+10
0.00199526 15.8489 6.52955e+10
0.00199526 19.9526 5.2632e+10
0.00199526 25.1189 3.6289e+10
0.00199526 31.6228 2.96567e+10
0.00199526 39.8107 2.22185e+10
0.00199526 50.1187 1.30311e+10
0.00199526 63.0957 7.74104e+09
0.00199526 79.4328 5.28812e+09
0.00251189 0.0001 -1.34966
0.00251189 0.000125893 -1.55194
0.00251189 0.000158489 -1.4199
0.00251189 0.000199526 -1.49752
0.00251189 0.000251189 -1.3132
0.00251189 0.000316228 -1.3486
0.00251189 0.000398107 -1.46561
0.00251189 0.000501187 -1.45475
0.00251189 0.000630957 -1.19944
0.00251189 0.000794328 -1.37215
0.00251189 0.001 -1.3211
0.00251189 0.00125893 -1.30628
0.00251189 0.00158489 -1.24834
0.00251189 0.00199526 -1.38862
0.00251189 0.00251189 -1.67727
0.00251189 0.00316228 -1.56087
0.00251189 0.00398107 -0.867323
0.00251189 0.00501187 0.392621
0.00251189 0.00630957 3.10625
0.00251189 0.00794328 12.905
0.00251189 0.01 40.2709
0.00251189 0.0125893 118.17
0.00251189 0.0158489 333.224
0.00251189 0.0199526 911.55
0.00251189 0.0251189 2445.66
0.00251189 0.0316228 6462.72
0.00251189 0.0398107 16888.7
0.00251189 0.0501187 43740.9
0.00251189 0.0630957 112437
0.00251189 0.0794328 287589
0.00251189 0.1 732527
0.00251189 0.125893 1.85899e+06
0.00251189 0.158489 4.70161e+06
0.00251189 0.199526 1.18498e+07
0.00251189 0.251189 2.97648e+07
0.00251189 0.316228 7.4366e+07
0.00251189 0.398107 1.84621e+08
0.00251189 0.501187 4.54374e+08
0.00251189 0.630957 1.10521e+09
0.00251189 0.794328 2.64663e+09
0.00251189 1 6.22028e+09
0.00251189 1.25893 1.42915e+10
0.00251189 1.58489 3.17474e+10
0.00251189 1.99526 6.62329e+10
0.00251189 2.51189 1.2322e+11
0.00251189 3.16228 1.93431e+11
0.00251189 3.98107 2.50443e+11
0.00251189 5.01187 2.75772e+11
0.00251189 6.30957 2.75001e+11
0.00251189 7.94328 2.58372e+11
0.00251189 10 2.12853e+11
0.00251189 12.5893 1.43272e+11
0.00251189 15.8489 1.03539e+11
0.00251189 19.9526 8.3478e+10
0.00251189 25.1189 5.75837e+10
0.00251189 31.6228 4.70642e+10
0.00251189 39.8107 3.52578e+10
0.00251189 50.1187 2.06777e+10
0.00251189 63.0957 1.22804e+10
0.00251189 79.4328 8.38802e+09
0.00316228 0.0001 -1.35263
0.00316228 0.000125893 -1.47771
0.00316228 0.000158489 -1.4362
0.00316228 0.000199526 -1.4046
0.00316228 0.000251189 -1.35675
0.00316228 0.000316228 -1.46123
0.00316228 0.000398107 -1.44783
0.00316228 0.000501187 -1.50222
0.00316228 0.000630957 -1.305
0.00316228 0.000794328 -1.21382
0.00316228 0.001 -1.08015
0.00316228 0.00125893 -1.42209
0.00316228 0.00158489 -1.21373
0.00316228 0.00199526 -1.33827
0.00316228 0.00251189 -1.57673
0.00316228 0.00316228 -1.11002
0.00316228 0.00398107 -0.265024
0.00316228 0.00501187 1.08759
0.00316228 0.00630957 5.90261
0.00316228 0.00794328 20.4774
0.00316228 0.01 63.9013
0.00316228 0.0125893 187.394
0.00316228 0.0158489 527.521
0.00316228 0.0199526 1443.1
0.00316228 0.0251189 3870.92
0.00316228 0.0316228 10228.9
0.00316228 0.0398107 26729.2
0.00316228 0.0501187 69221.4
0.00316228 0.0630957 177893
0.00316228 0.0794328 454993
0.00316228 0.1 1.15894e+06
0.00316228 0.125893 2.94118e+06
0.00316228 0.158489 7.43859e+06
0.00316228 0.199526 1.87478e+07
0.00316228 0.251189 4.711e+07
0.00316228 0.316228 1.17698e+08
0.00316228 0.398107 2.92187e+08
0.00316228 0.501187 7.19172e+08
0.00316228 0.630957 1.74752e+09
0.00316228 0.794328 4.18425e+09
0.00316228 1 9.83568e+09
0.00316228 1.25893 2.25975e+10
0.00316228 1.58489 5.0195e+10
0.00316228 1.99526 1.0472e+11
0.00316228 2.51189 1.94844e+11
0.00316228 3.16228 3.05899e+11
0.00316228 3.98107 3.96207e+11
0.00316228 5.01187 4.36733e+11
0.00316228 6.30957 4.36106e+11
0.00316228 7.94328 4.10005e+11
0.00316228 10 3.37816e+11
0.00316228 12.5893 2.27284e+11
0.00316228 15.8489 1.64193e+11
0.00316228 19.9526 1.32421e+11
0.00316228 25.1189 9.14008e+10
0.00316228 31.6228 7.47147e+10
0.00316228 39.8107 5.59685e+10
0.00316228 50.1187 3.28224e+10
0.00316228 63.0957 1.94876e+10
0.00316228 79.4328 1.3309e+10
0.00398107 0.0001 -1.61477
0.00398107 0.000125893 -1.56159
0.00398107 0.000158489 -1.66822
0.00398107 0.000199526 -1.42735
0.00398107 0.000251189 -1.39527
0.00398107 0.000316228 -1.3147
0.00398107 0.000398107 -1.5006
0.00398107 0.000501187 -1.27229
0.00398107 0.000630957 -1.28719
0.00398107 0.000794328 -1.28524
0.00398107 0.001 -1.05179
0.00398107 0.00125893 -1.34773
0.00398107 0.00158489 -1.12779
0.00398107 0.00199526 -1.05133
0.00398107 0.00251189 -1.41966
0.00398107 0.00316228 -1.19793
0.00398107 0.00398107 -0.152843
0.00398107 0.00501187 2.0416
0.00398107 0.00630957 9.42341
0.00398107 0.00794328 32.4744
0.00398107 0.01 101.248
0.00398107 0.0125893 296.771
0.00398107 0.0158489 834.22
0.00398107 0.0199526 2283.66
0.00398107 0.0251189 6125.39
0.00398107 0.0316228 16185.3
0.00398107 0.0398107 42292.7
0.00398107 0.0501187 109475
0.00398107 0.0630957 281284
0.00398107 0.0794328 719396
0.00398107 0.1 1.83238e+06
0.00398107 0.125893 4.6502e+06
0.00398107 0.158489 1.17606e+07
0.00398107 0.199526 2.9639e+07
0.00398107 0.251189 7.44022e+07
0.00398107 0.316228 1.85867e+08
0.00398107 0.398107 4.61373e+08
0.00398107 0.501187 1.13569e+09
0.00398107 0.630957 2.76098e+09
0.00398107 0.794328 6.61204e+09
0.00398107 1 1.55471e+10
0.00398107 1.25893 3.57172e+10
0.00398107 1.58489 7.93323e+10
0.00398107 1.99526 1.65512e+11
0.00398107 2.51189 3.07954e+11
0.00398107 3.16228 1097.01
0.00398107 3.98107 1096.9
0.00398107 5.01187 1096.9
0.00398107 6.30957 6.91344e+11
0.00398107 7.94328 6.50738e+11
0.00398107 10 5.36243e+11
0.00398107 12.5893 3.60599e+11
0.00398107 15.8489 2.60388e+11
0.00398107 19.9526 2.10086e+11
0.00398107 25.1189 1.45129e+11
0.00398107 31.6228 1.1866e+11
0.00398107 39.8107 8.88828e+10
0.00398107 50.1187 5.21221e+10
0.00398107 63.0957 3.09376e+10
0.00398107 79.4328 2.11258e+10
0.00501187 0.0001 -1.29082
0.00501187 0.000125893 -1.4593
0.00501187 0.000158489 -1.4466
0.00501187 0.000199526 -1.52124
0.00501187 0.000251189 -1.52218
0.00501187 0.000316228 -1.54711
0.00501187 0.000398107 -1.41065
0.00501187 0.000501187 -1.66791
0.00501187 0.000630957 -1.55713
0.00501187 0.000794328 -1.24682
0.00501187 0.001 -1.22015
0.00501187 0.00125893 -1.09592
0.00501187 0.00158489 -1.0875
0.00501187 0.00199526 -1.35893
0.00501187 0.00251189 -1.30055
0.00501187 0.00316228 -1.12705
0.00501187 0.00398107 -0.0227823
0.00501187 0.00501187 3.32836
0.00501187 0.00630957 14.7763
0.00501187 0.00794328 51.62
0.00501187 0.01 160.467
0.00501187 0.0125893 469.681
0.00501187 0.0158489 1320.44
0.00501187 0.0199526 3611.59
0.00501187 0.0251189 9687.11
0.00501187 0.0316228 25598.6
0.00501187 0.0398107 66887.4
0.00501187 0.0501187 173016
0.00501187 0.0630957 444406
0.00501187 0.0794328 1.13643e+06
0.00501187 0.1 2.89441e+06
0.00501187 0.125893 7.34498e+06
0.00501187 0.158489 1.85746e+07
0.00501187 0.199526 4.68082e+07
0.00501187 0.251189 1.17497e+08
0.00501187 0.316228 2.93523e+08
0.00501187 0.398107 7.28603e+08
0.00501187 0.501187 1.7929e+09
0.00501187 0.630957 4.36007e+09
0.00501187 0.794328 1.04417e+10
0.00501187 1 2.45403e+10
0.00501187 1.25893 5.63603e+10
0.00501187 1.58489 1097.18
0.00501187 1.99526 1097.25
0.00501187 2.51189 1097.13
0.00501187 3.16228 1097.14
0.00501187 3.98107 1097.26
0.00501187 5.01187 1097.26
0.00501187 6.30957 1095.34
0.00501187 7.94328 1.03271e+12
0.00501187 10 8.51222e+11
0.00501187 12.5893 5.72171e+11
0.00501187 15.8489 4.12931e+11
0.00501187 19.9526 3.33347e+11
0.00501187 25.1189 2.30538e+11
0.00501187 31.6228 1.88546e+11
0.00501187 39.8107 1.41222e+11
0.00501187 50.1187 8.28135e+10
0.00501187 63.0957 4.91367e+10
0.00501187 79.4328 3.35476e+10
0.00630957 0.0001 -1.41414
0.00630957 0.000125893 -1.64553
0.00630957 0.000158489 -1.53834
0.00630957 0.000199526 -1.1111
0.00630957 0.000251189 -1.33979
0.00630957 0.000316228 -1.59508
0.00630957 0.000398107 -1.55645
0.00630957 0.000501187 -1.28948
0.00630957 0.000630957 -1.17941
0.00630957 0.000794328 -1.18139
0.00630957 0.001 -1.43573
0.00630957 0.00125893 -1.06938
0.00630957 0.00158489 -1.04856
0.00630957 0.00199526 -1.03993
0.00630957 0.00251189 -1.23759
0.00630957 0.00316228 -1.07943
0.00630957 0.00398107 0.764284
0.00630957 0.00501187 5.53316
0.00630957 0.00630957 23.9832
0.00630957 0.00794328 82.5453
0.00630957 0.01 254.157
0.00630957 0.0125893 742.362
0.00630957 0.0158489 1097.18
0.00630957 0.0199526 1097.24
0.00630957 0.0251189 1097.23
0.00630957 0.0316228 1097.64
0.00630957 0.0398107 1097.22
0.00630957 0.0501187 1097.3
0.00630957 0.0630957 1097.54
0.00630957 0.0794328 1097.51
0.00630957 0.1 1097.31
0.00630957 0.125893 1096.95
0.00630957 0.158489 1097.33
0.00630957 0.199526 1097.23
0.00630957 0.251189 1097.43
0.00630957 0.316228 1097.13
0.00630957 0.398107 1097.6
0.00630957 0.501187 1097.24
0.00630957 0.630957 1097.1
0.00630957 0.794328 1097.32
0.00630957 1 1097.2
0.00630957 1.25893 1097.3
0.00630957 1.58489 1097.42
0.00630957 1.99526 1097.41
0.00630957 2.51189 1097.96
0.00630957 3.16228 1097.98
0.00630957 3.98107 1097.84
0.00630957 5.01187 1097.89
0.00630957 6.30957 1097.35
0.00630957 7.94328 1098.51
0.00630957 10 1.35135e+12
0.00630957 12.5893 9.07865e+11
0.00630957 15.8489 6.5482e+11
0.00630957 19.9526 5.28984e+11
0.00630957 25.1189 3.66388e+11
0.00630957 31.6228 2.99771e+11
0.00630957 39.8107 2.24516e+11
0.00630957 50.1187 1.31659e+11
0.00630957 63.0957 7.80832e+10
0.00630957 79.4328 5.32987e+10
0.00794328 0.0001 -1.51109
0.00794328 0.000125893 -1.48686
0.00794328 0.000158489 -1.62209
0.00794328 0.000199526 -1.38439
0.00794328 0.000251189 -1.41404
0.00794328 0.000316228 -1.52622
0.00794328 0.000398107 -1.42281
0.00794328 0.000501187 -1.3419
0.00794328 0.000630957 -1.16555
0.00794328 0.000794328 -1.56277
0.00794328 0.001 -0.939884
0.00794328 0.00125893 -1.03918
0.00794328 0.00158489 -1.01284
0.00794328 0.00199526 -0.919099
0.00794328 0.00251189 -1.54721
0.00794328 0.00316228 -0.71322
0.00794328 0.00398107 1.42213
0.00794328 0.00501187 9.88739
0.00794328 0.00630957 38.53
0.00794328 0.00794328 129.666
0.00794328 0.01 401.503
0.00794328 0.0125893 1097.2
0.00794328 0.0158489 1097.39
0.00794328 0.0199526 1097.36
0.00794328 0.0251189 1097.5
0.00794328 0.0316228 1097.46
0.00794328 0.0398107 1097.61
0.00794328 0.0501187 1097.39
0.00794328 0.0630957 1097.25
0.00794328 0.0794328 1097.5
0.00794328 0.1 1097.62
0.00794328 0.125893 1097.44
0.00794328 0.158489 1097.75
0.00794328 0.199526 1097.34
0.00794328 0.251189 1097.48
0.00794328 0.316228 1097.79
0.00794328 0.398107 1097.25
0.00794328 0.501187 1097.13
0.00794328 0.630957 1097.59
0.00794328 0.794328 1097.8
0.00794328 1 1098.27
0.00794328 1.25893 1098.07
0.00794328 1.58489 1098.28
0.00794328 1.99526 1098.31
0.00794328 2.51189 1097.83
0.00794328 3.16228 1098.03
0.00794328 3.98107 1098.02
0.00794328 5.01187 1098.05
0.00794328 6.30957 1096.9
0.00794328 7.94328 1097.31
0.00794328 10 2.14478e+12
0.00794328 12.5893 1.44037e+12
0.00794328 15.8489 1.03825e+12
0.00794328 19.9526 8.39471e+11
0.00794328 25.1189 5.82603e+11
0.00794328 31.6228 4.76927e+11
0.00794328 39.8107 3.5719e+11
0.00794328 50.1187 2.09469e+11
0.00794328 63.0957 1.2416e+11
0.00794328 79.4328 8.47278e+10
0.01 0.0001 -1.16857
0.01 0.000125893 -1.32498
0.01 0.000158489 -1.41121
0.01 0.000199526 -1.29478
0.01 0.000251189 -1.35499
0.01 0.000316228 -1.5269
0.01 0.000398107 -1.41915
0.01 0.000501187 -1.40944
0.01 0.000630957 -1.16946
0.01 0.000794328 -1.3492
0.01 0.001 -0.697428
0.01 0.00125893 -0.698093
0.01 0.00158489 -0.77733
0.01 0.00199526 -0.850209
0.01 0.00251189 -1.44069
0.01 0.00316228 -0.561926
0.01 0.00398107 2.60406
0.01 0.00501187 16.1505
0.01 0.00630957 61.1909
0.01 0.00794328 205.297
0.01 0.01 634.453
0.01 0.0125893 1097.9
0.01 0.0158489 1097.56
0.01 0.0199526 1097.82
0.01 0.0251189 1097.45
0.01 0.0316228 1098.14
0.01 0.0398107 1097.78
0.01 0.0501187 1097.84
0.01 0.0630957 1097.96
0.01 0.0794328 1098.01
0.01 0.1 1097.46
0.01 0.125893 1097.72
0.01 0.158489 1097.65
0.01 0.199526 1097.7
0.01 0.251189 1097.78
0.01 0.316228 1097.73
0.01 0.398107 1097.68
0.01 0.501187 1097.73
0.01 0.630957 1097.67
0.01 0.794328 1097.6
0.01 1 1097.56
0.01 1.25893 1097.74
0.01 1.58489 1097.97
0.01 1.99526 1097.79
0.01 2.51189 1097.66
0.01 3.16228 1097.79
0.01 3.98107 1097.78
0.01 5.01187 1098.25
0.01 6.30957 1097.29
0.01 7.94328 1097.46
0.01 10 1097.2
0.01 12.5893 2.28426e+12
0.01 15.8489 1.6454e+12
0.01 19.9526 1.33202e+12
0.01 25.1189 9.26945e+11
0.01 31.6228 7.59385e+11
0.01 39.8107 5.68744e+11
0.01 50.1187 3.33562e+11
0.01 63.0957 1097.66
0.01 79.4328 1097.59
0.0125893 0.0001 -1.12999
0.0125893 0.000125893 -1.27422
0.0125893 0.000158489 -1.52917
0.0125893 0.000199526 -1.28301
0.0125893 0.000251189 -1.20249
0.0125893 0.000316228 -1.4723
0.0125893 0.000398107 -1.29145
0.0125893 0.000501187 -1.36678
0.0125893 0.000630957 -1.17108
0.0125893 0.000794328 -0.788344
0.0125893 0.001 -0.43473
0.0125893 0.00125893 -0.561185
0.0125893 0.00158489 -0.407166
0.0125893 0.00199526 -0.600674
0.0125893 0.00251189 -1.34084
0.0125893 0.00316228 -0.43817
0.0125893 0.00398107 4.29695
0.0125893 0.00501187 24.7687
0.0125893 0.00630957 96.2379
0.0125893 0.00794328 323.707
0.0125893 0.01 999.776
0.0125893 0.0125893 1098.14
0.0125893 0.0158489 1098.03
0.0125893 0.0199526 1098.27
0.0125893 0.0251189 1098.21
0.0125893 0.0316228 1097.8
0.0125893 0.0398107 1070.25
0.0125893 0.0501187 1086.91
0.0125893 0.0630957 1094.79
0.0125893 0.0794328 1098.19
0.0125893 0.1 1101.72
0.0125893 0.125893 1100.67
0.0125893 0.158489 1103.53
0.0125893 0.199526 1100.79
0.0125893 0.251189 1099.73
0.0125893 0.316228 1102.46
0.0125893 0.398107 1098.46
0.0125893 0.501187 1098.84
0.0125893 0.630957 1100.32
0.0125893 0.794328 1101.18
0.0125893 1 1100.61
0.0125893 1.25893 1100.4
0.0125893 1.58489 1102.5
0.0125893 1.99526 1102.49
0.0125893 2.51189 1099.03
0.0125893 3.16228 1098.02
0.0125893 3.98107 1098.12
0.0125893 5.01187 1097.93
0.0125893 6.30957 1097.5
0.0125893 7.94328 1097.5
0.0125893 10 1097.57
0.0125893 12.5893 1097.93
0.0125893 15.8489 2.60542e+12
0.0125893 19.9526 2.11272e+12
0.0125893 25.1189 1.47561e+12
0.0125893 31.6228 1097.7
0.0125893 39.8107 1097.56
0.0125893 50.1187 1097.44
0.0125893 63.0957 1097.49
0.0125893 79.4328 1097.52
0.0158489 0.0001 -1.10676
0.0158489 0.000125893 -1.20408
0.0158489 0.000158489 -1.27361
0.0158489 0.000199526 -1.5701
0.0158489 0.000251189 -1.26706
0.0158489 0.000316228 -1.4074
0.0158489 0.000398107 -1.19827
0.0158489 0.000501187 -1.07494
0.0158489 0.000630957 -1.4742
0.0158489 0.000794328 -0.603193
0.0158489 0.001 -0.0792696
0.0158489 0.00125893 -0.0739122
0.0158489 0.00158489 0.280763
0.0158489 0.00199526 -0.428041
0.0158489 0.00251189 -1.14602
0.0158489 0.00316228 -0.193019
0.0158489 0.00398107 7.25013
0.0158489 0.00501187 38.6674
0.0158489 0.00630957 151.577
0.0158489 0.00794328 510.282
0.0158489 0.01 1098.27
0.0158489 0.0125893 1097.97
0.0158489 0.0158489 1098.23
0.0158489 0.0199526 1099.26
0.0158489 0.0251189 1100.38
0.0158489 0.0316228 1095.3
0.0158489 0.0398107 1081.75
0.0158489 0.0501187 1062.06
0.0158489 0.0630957 856.076
0.0158489 0.0794328 879.197
0.0158489 0.1 898.642
0.0158489 0.125893 913.159
0.0158489 0.158489 923.955
0.0158489 0.199526 932.964
0.0158489 0.251189 939.969
0.0158489 0.316228 945.106
0.0158489 0.398107 951.396
0.0158489 0.501187 949.584
0.0158489 0.630957 950.498
0.0158489 0.794328 952.319
0.0158489 1 957.207
0.0158489 1.25893 968.25
0.0158489 1.58489 1000.32
0.0158489 1.99526 1058.98
0.0158489 2.51189 1099.57
0.0158489 3.16228 1097.51
0.0158489 3.98107 1098.16
0.0158489 5.01187 1097.49
0.0158489 6.30957 1097.57
0.0158489 7.94328 1097.79
0.0158489 10 1098.28
0.0158489 12.5893 1097.96
0.0158489 15.8489 1097.91
0.0158489 19.9526 1098.07
0.0158489 25.1189 1097.57
0.0158489 31.6228 1098.31
0.0158489 39.8107 1097.78
0.0158489 50.1187 1097.51
0.0158489 63.0957 1097.49
0.0158489 79.4328 1097.57
0.0199526 0.0001 -0.978127
0.0199526 0.000125893 -1.00321
0.0199526 0.000158489 -1.2354
0.0199526 0.000199526 -1.42762
0.0199526 0.000251189 -1.28923
0.0199526 0.000316228 -1.17935
0.0199526 0.000398107 -1.39785
0.0199526 0.000501187 -1.32765
0.0199526 0.000630957 -1.43861
0.0199526 0.000794328 -0.0163727
0.0199526 0.001 0.208169
0.0199526 0.00125893 0.697865
0.0199526 0.00158489 0.61081
0.0199526 0.00199526 0.471322
0.0199526 0.00251189 -1.0254
0.0199526 0.00316228 0.514677
0.0199526 0.00398107 11.8173
0.0199526 0.00501187 61.3987
0.0199526 0.00630957 238.358
0.0199526 0.00794328 801.994
0.0199526 0.01 1099.51
0.0199526 0.0125893 1088.37
0.0199526 0.0158489 1025.09
0.0199526 0.0199526 947.34
0.0199526 0.0251189 872.818
0.0199526 0.0316228 813.814
0.0199526 0.0398107 764.088
0.0199526 0.0501187 725.535
0.0199526 0.0630957 696.507
0.0199526 0.0794328 673.755
0.0199526 0.1 655.695
0.0199526 0.125893 640.801
0.0199526 0.158489 630.888
0.0199526 0.199526 621.396
0.0199526 0.251189 613.851
0.0199526 0.316228 589.244
0.0199526 0.398107 594.737
0.0199526 0.501187 600.761
0.0199526 0.630957 609.123
0.0199526 0.794328 621.564
0.0199526 1 646.642
0.0199526 1.25893 681.827
0.0199526 1.58489 779.227
0.0199526 1.99526 931.773
0.0199526 2.51189 1069.57
0.0199526 3.16228 1102.37
0.0199526 3.98107 1097.69
0.0199526 5.01187 1097.94
0.0199526 6.30957 1097.86
0.0199526 7.94328 1097.79
0.0199526 10 1097.88
0.0199526 12.5893 1097.76
0.0199526 15.8489 1097.93
0.0199526 19.9526 1097.81
0.0199526 25.1189 1097.66
0.0199526 31.6228 1098.11
0.0199526 39.8107 1097.78
0.0199526 50.1187 1097.97
0.0199526 63.0957 1097.72
0.0199526 79.4328 1098.13
0.0251189 0.0001 -0.793547
0.0251189 0.000125893 -0.618053
0.0251189 0.000158489 -0.994909
0.0251189 0.000199526 -1.06445
0.0251189 0.000251189 -0.903382
0.0251189 0.000316228 -1.11825
0.0251189 0.000398107 -1.37222
0.0251189 0.000501187 -1.22996
0.0251189 0.000630957 -1.39322
0.0251189 0.000794328 0.548288
0.0251189 0.001 1.15387
0.0251189 0.00125893 1.73489
0.0251189 0.00158489 1.20209
0.0251189 0.00199526 0.589811
0.0251189 0.00251189 -0.92157
0.0251189 0.00316228 1.32137
0.0251189 0.00398107 18.6027
0.0251189 0.00501187 96.7753
0.0251189 0.00630957 374.282
0.0251189 0.00794328 1060.04
0.0251189 0.01 908.209
0.0251189 0.0125893 747.898
0.0251189 0.0158489 626.025
0.0251189 0.0199526 541.07
0.0251189 0.0251189 480.146
0.0251189 0.0316228 437.083
0.0251189 0.0398107 406.48
0.0251189 0.0501187 383.522
0.0251189 0.0630957 366.877
0.0251189 0.0794328 354.03
0.0251189 0.1 344.496
0.0251189 0.125893 336.674
0.0251189 0.158489 331.879
0.0251189 0.199526 328.038
0.0251189 0.251189 324.903
0.0251189 0.316228 323.646
0.0251189 0.398107 325.155
0.0251189 0.501187 328.002
0.0251189 0.630957 337.77
0.0251189 0.794328 354.111
0.0251189 1 390.188
0.0251189 1.25893 462.225
0.0251189 1.58489 597.284
0.0251189 1.99526 818.853
0.0251189 2.51189 1035.79
0.0251189 3.16228 1105.49
0.0251189 3.98107 1098.12
0.0251189 5.01187 1098.31
0.0251189 6.30957 1098.01
0.0251189 7.94328 1097.9
0.0251189 10 1098.06
0.0251189 12.5893 1097.87
0.0251189 15.8489 1098.91
0.0251189 19.9526 1098.51
0.0251189 25.1189 1098.14
0.0251189 31.6228 1098.2
0.0251189 39.8107 1098.35
0.0251189 50.1187 1098.09
0.0251189 63.0957 1097.96
0.0251189 79.4328 1098
0.0316228 0.0001 -0.228774
0.0316228 0.000125893 -0.30187
0.0316228 0.000158489 -0.636559
0.0316228 0.000199526 -0.595142
0.0316228 0.000251189 -0.819575
0.0316228 0.000316228 -0.910805
0.0316228 0.000398107 -1.24706
0.0316228 0.000501187 -1.1763
0.0316228 0.000630957 0.66801
0.0316228 0.000794328 1.94938
0.0316228 0.001 2.15931
0.0316228 0.00125893 2.44756
0.0316228 0.00158489 2.16363
0.0316228 0.00199526 4.8172
0.0316228 0.00251189 -0.76891
0.0316228 0.00316228 2.01974
0.0316228 0.00398107 28.9738
0.0316228 0.00501187 150.984
0.0316228 0.00630957 916.607
0.0316228 0.00794328 653.953
0.0316228 0.01 470.996
0.0316228 0.0125893 367.336
0.0316228 0.0158489 304.514
0.0316228 0.0199526 264.516
0.0316228 0.0251189 238.103
0.0316228 0.0316228 219.62
0.0316228 0.0398107 205.788
0.0316228 0.0501187 196.373
0.0316228 0.0630957 188.493
0.0316228 0.0794328 182.598
0.0316228 0.1 178.485
0.0316228 0.125893 175.404
0.0316228 0.158489 173.716
0.0316228 0.199526 172.601
0.0316228 0.251189 172.767
0.0316228 0.316228 173.627
0.0316228 0.398107 175.923
0.0316228 0.501187 181.882
0.0316228 0.630957 191.849
0.0316228 0.794328 210.046
0.0316228 1 252.225
0.0316228 1.25893 329.253
0.0316228 1.58489 484.403
0.0316228 1.99526 730.069
0.0316228 2.51189 1001.66
0.0316228 3.16228 1105.69
0.0316228 3.98107 1098.33
0.0316228 5.01187 1098.39
0.0316228 6.30957 1098.18
0.0316228 7.94328 1098.12
0.0316228 10 1098.5
0.0316228 12.5893 1098.23
0.0316228 15.8489 1098.74
0.0316228 19.9526 1099.03
0.0316228 25.1189 1098.31
0.0316228 31.6228 1098.51
0.0316228 39.8107 1098.31
0.0316228 50.1187 1098.28
0.0316228 63.0957 1098.19
0.0316228 79.4328 1098.17
0.0398107 0.0001 0.251423
0.0398107 0.000125893 0.269534
0.0398107 0.000158489 0.0358496
0.0398107 0.000199526 -0.271322
0.0398107 0.000251189 -0.483104
0.0398107 0.000316228 -1.00308
0.0398107 0.000398107 -0.90028
0.0398107 0.000501187 -1.12644
0.0398107 0.000630957 1.62139
0.0398107 0.000794328 2.31615
0.0398107 0.001 3.34645
0.0398107 0.00125893 4.24966
0.0398107 0.00158489 1.35636
0.0398107 0.00199526 2.75146
0.0398107 0.00251189 -0.784526
0.0398107 0.00316228 3.59732
0.0398107 0.00398107 45.4387
0.0398107 0.00501187 234.978
0.0398107 0.00630957 460.906
0.0398107 0.00794328 289.08
0.0398107 0.01 213.257
0.0398107 0.0125893 173.626
0.0398107 0.0158489 149.489
0.0398107 0.0199526 133.311
0.0398107 0.0251189 122.799
0.0398107 0.0316228 114.418
0.0398107 0.0398107 109.196
0.0398107 0.0501187 105.163
0.0398107 0.0630957 102.987
0.0398107 0.0794328 99.6593
0.0398107 0.1 98.1773
0.0398107 0.125893 97.361
0.0398107 0.158489 96.1246
0.0398107 0.199526 95.7138
0.0398107 0.251189 96.7152
0.0398107 0.316228 97.7186
0.0398107 0.398107 119.883
0.0398107 0.501187 104.979
0.0398107 0.630957 118.419
0.0398107 0.794328 134.59
0.0398107 1 172.592
0.0398107 1.25893 250.155
0.0398107 1.58489 410.994
0.0398107 1.99526 671.316
0.0398107 2.51189 978.207
0.0398107 3.16228 1105.44
0.0398107 3.98107 1098.4
0.0398107 5.01187 1098.66
0.0398107 6.30957 1098.49
0.0398107 7.94328 1098.48
0.0398107 10 1098.69
0.0398107 12.5893 1098.47
0.0398107 15.8489 1098.85
0.0398107 19.9526 1098.35
0.0398107 25.1189 1098.51
0.0398107 31.6228 1098.44
0.0398107 39.8107 1098.51
0.0398107 50.1187 1098.59
0.0398107 63.0957 1098.72
0.0398107 79.4328 1098.4
0.0501187 0.0001 1.55513
0.0501187 0.000125893 1.2476
0.0501187 0.000158489 0.725664
0.0501187 0.000199526 0.640873
0.0501187 0.000251189 0.0528679
0.0501187 0.000316228 -0.537329
0.0501187 0.000398107 -0.771009
0.0501187 0.000501187 -0.84118
0.0501187 0.000630957 2.34778
0.0501187 0.000794328 3.71266
0.0501187 0.001 5.75743
0.0501187 0.00125893 7.24514
0.0501187 0.00158489 1.07284
0.0501187 0.00199526 3.77522
0.0501187 0.00251189 -0.515458
0.0501187 0.00316228 6.0106
0.0501187 0.00398107 70.5271
0.0501187 0.00501187 363.926
0.0501187 0.00630957 183.23
0.0501187 0.00794328 128.934
0.0501187 0.01 11750
0.0501187 0.0125893 36082.9
0.0501187 0.0158489 77.1601
0.0501187 0.0199526 71.4006
0.0501187 0.0251189 66.9234
0.0501187 0.0316228 63.5263
0.0501187 0.0398107 61.8274
0.0501187 0.0501187 59.4265
0.0501187 0.0630957 58.5331
0.0501187 0.0794328 57.5186
0.0501187 0.1 56.5991
0.0501187 0.125893 55.6453
0.0501187 0.158489 55.9996
0.0501187 0.199526 55.974
0.0501187 0.251189 57.166
0.0501187 0.316228 58.0202
0.0501187 0.398107 60.1256
0.0501187 0.501187 64.3454
0.0501187 0.630957 74.1622
0.0501187 0.794328 90.39
0.0501187 1 128.003
0.0501187 1.25893 203.152
0.0501187 1.58489 367.056
0.0501187 1.99526 632.091
0.0501187 2.51189 966.301
0.0501187 3.16228 1104.09
0.0501187 3.98107 1098.64
0.0501187 5.01187 1098.85
0.0501187 6.30957 1098.73
0.0501187 7.94328 1098.67
0.0501187 10 1098.82
0.0501187 12.5893 1099.3
0.0501187 15.8489 1102.79
0.0501187 19.9526 1098.85
0.0501187 25.1189 1098.73
0.0501187 31.6228 1098.77
0.0501187 39.8107 1099.28
0.0501187 50.1187 1098.67
0.0501187 63.0957 1098.5
0.0501187 79.4328 1098.8
0.0630957 0.0001 3.0971
0.0630957 0.000125893 2.90874
0.0630957 0.000158489 2.30225
0.0630957 0.000199526 1.8775
0.0630957 0.000251189 1.11646
0.0630957 0.000316228 0.219047
0.0630957 0.000398107 -0.235501
0.0630957 0.000501187 -0.634874
0.0630957 0.000630957 4.0522
0.0630957 0.000794328 6.56126
0.0630957 0.001 9.00133
0.0630957 0.00125893 -0.529381
0.0630957 0.00158489 10.8516
0.0630957 0.00199526 7.29677
0.0630957 0.00251189 0.0660135
0.0630957 0.00316228 8.54734
0.0630957 0.00398107 108.405
0.0630957 0.00501187 123.343
0.0630957 0.00630957 1572.57
0.0630957 0.00794328 5587.53
0.0630957 0.01 18579
0.0630957 0.0125893 57290.3
0.0630957 0.0158489 44.4685
0.0630957 0.0199526 40.8968
0.0630957 0.0251189 39.6668
0.0630957 0.0316228 37.7282
0.0630957 0.0398107 35.5129
0.0630957 0.0501187 35.7656
0.0630957 0.0630957 34.3091
0.0630957 0.0794328 34.398
0.0630957 0.1 34.2134
0.0630957 0.125893 33.9944
0.0630957 0.158489 34.1877
0.0630957 0.199526 34.9908
0.0630957 0.251189 35.4486
0.0630957 0.316228 35.825
0.0630957 0.398107 39.851
0.0630957 0.501187 43.5602
0.0630957 0.630957 50.6874
0.0630957 0.794328 66.1863
0.0630957 1 100.551
0.0630957 1.25893 175.272
0.0630957 1.58489 340.09
0.0630957 1.99526 605.348
0.0630957 2.51189 942.76
0.0630957 3.16228 1105.72
0.0630957 3.98107 1099.2
0.0630957 5.01187 1099.06
0.0630957 6.30957 1098.92
0.0630957 7.94328 1099.4
0.0630957 10 1099.1
0.0630957 12.5893 1098.98
0.0630957 15.8489 1102.48
0.0630957 19.9526 1098.82
0.0630957 25.1189 1099.15
0.0630957 31.6228 1098.75
0.0630957 39.8107 1098.87
0.0630957 50.1187 1099.02
0.0630957 63.0957 1098.71
0.0630957 79.4328 1098.93
0.0794328 0.0001 5.54081
0.0794328 0.000125893 5.17861
0.0794328 0.000158489 4.7393
0.0794328 0.000199526 3.82667
0.0794328 0.000251189 2.61065
0.0794328 0.000316228 1.08404
0.0794328 0.000398107 0.71419
0.0794328 0.000501187 0.264204
0.0794328 0.000630957 7.03817
0.0794328 0.000794328 10.5642
0.0794328 0.001 -0.537682
0.0794328 0.00125893 -0.634519
0.0794328 0.00158489 17.815
0.0794328 0.00199526 11.187
0.0794328 0.00251189 0.56851
0.0794328 0.00316228 13.1793
0.0794328 0.00398107 163.886
0.0794328 0.00501187 851.892
0.0794328 0.00630957 2390.71
0.0794328 0.00794328 8886.16
0.0794328 0.01 29518.2
0.0794328 0.0125893 90226.6
0.0794328 0.0158489 29.4984
0.0794328 0.0199526 27.9616
0.0794328 0.0251189 24.3311
0.0794328 0.0316228 23.5555
0.0794328 0.0398107 23.1203
0.0794328 0.0501187 22.6964
0.0794328 0.0630957 23.191
0.0794328 0.0794328 22.5479
0.0794328 0.1 22.6262
0.0794328 0.125893 22.9436
0.0794328 0.158489 23.2242
0.0794328 0.199526 22.4372
0.0794328 0.251189 23.9581
0.0794328 0.316228 24.7328
0.0794328 0.398107 27.1684
0.0794328 0.501187 30.8543
0.0794328 0.630957 36.6178
0.0794328 0.794328 52.663
0.0794328 1 83.8738
0.0794328 1.25893 154.067
0.0794328 1.58489 309.056
0.0794328 1.99526 585.93
0.0794328 2.51189 928.086
0.0794328 3.16228 1103.41
0.0794328 3.98107 1098.96
0.0794328 5.01187 1098.44
0.0794328 6.30957 1098.82
0.0794328 7.94328 1098.79
0.0794328 10 1098.63
0.0794328 12.5893 1098.41
0.0794328 15.8489 1101.74
0.0794328 19.9526 1098.28
0.0794328 25.1189 1098.6
0.0794328 31.6228 1098.55
0.0794328 39.8107 1098.64
0.0794328 50.1187 1098.23
0.0794328 63.0957 1099.03
0.0794328 79.4328 1099.11
0.1 0.0001 9.49533
0.1 0.000125893 9.08125
0.1 0.000158489 8.65953
0.1 0.000199526 7.26662
0.1 0.000251189 4.9746
0.1 0.000316228 2.86811
0.1 0.000398107 1.67812
0.1 0.000501187 6.53631
0.1 0.000630957 11.2824
0.1 0.000794328 16.9372
0.1 0.001 0.0229519
0.1 0.00125893 -0.532314
0.1 0.00158489 28.2228
0.1 0.00199526 17.8492
0.1 0.00251189 2.01015
0.1 0.00316228 19.2063
0.1 0.00398107 33.2378
0.1 0.00501187 1283.24
0.1 0.00630957 3795.62
0.1 0.00794328 14079.3
0.1 0.01 46210.5
0.1 0.0125893 139864
0.1 0.0158489 20.074
0.1 0.0199526 21.4629
0.1 0.0251189 19.6498
0.1 0.0316228 15.9816
0.1 0.0398107 16.6717
0.1 0.0501187 16.5342
0.1 0.0630957 15.7076
0.1 0.0794328 15.5781
0.1 0.1 15.8359
0.1 0.125893 15.666
0.1 0.158489 16.0004
0.1 0.199526 16.5424
0.1 0.251189 17.2201
0.1 0.316228 18.4739
0.1 0.398107 20.7683
0.1 0.501187 23.9656
0.1 0.630957 29.9634
0.1 0.794328 43.9102
0.1 1 73.8415
0.1 1.25893 142.833
0.1 1.58489 295.451
0.1 1.99526 569.39
0.1 2.51189 921.363
0.1 3.16228 1101.68
0.1 3.98107 1097.64
0.1 5.01187 1097.75
0.1 6.30957 1098.74
0.1 7.94328 1097.87
0.1 10 1097.8
0.1 12.5893 1097.51
0.1 15.8489 1100.32
0.1 19.9526 1097.77
0.1 25.1189 1097.71
0.1 31.6228 1097.96
0.1 39.8107 1097.43
0.1 50.1187 1097.76
0.1 63.0957 1097.66
0.1 79.4328 1097.85
0.125893 0.0001 15.8625
0.125893 0.000125893 15.5964
0.125893 0.000158489 14.7853
0.125893 0.000199526 12.7664
0.125893 0.000251189 9.25782
0.125893 0.000316228 5.70903
0.125893 0.000398107 3.92655
0.125893 0.000501187 11.2888
0.125893 0.000630957 18.5409
0.125893 0.000794328 2.66498
0.125893 0.001 1.57994
0.125893 0.00125893 0.839751
0.125893 0.00158489 44.625
0.125893 0.00199526 29.3489
0.125893 0.00251189 3.7598
0.125893 0.00316228 27.2203
0.125893 0.00398107 359.338
0.125893 0.00501187 1342.21
0.125893 0.00630957 5974.27
0.125893 0.00794328 21845.9
0.125893 0.01 70858.4
0.125893 0.0125893 212807
0.125893 0.0158489 14.2094
0.125893 0.0199526 16.4914
0.125893 0.0251189 15.3337
0.125893 0.0316228 16.2324
0.125893 0.0398107 11.8461
0.125893 0.0501187 12.3961
0.125893 0.0630957 12.2241
0.125893 0.0794328 12.2207
0.125893 0.1 12.0905
0.125893 0.125893 12.8768
0.125893 0.158489 12.3969
0.125893 0.199526 13.0471
0.125893 0.251189 13.5495
0.125893 0.316228 14.5286
0.125893 0.398107 16.2298
0.125893 0.501187 20.2055
0.125893 0.630957 25.6295
0.125893 0.794328 37.2763
0.125893 1 67.7189
0.125893 1.25893 135.421
0.125893 1.58489 287.565
0.125893 1.99526 560.037
0.125893 2.51189 912.718
0.125893 3.16228 1105.46
0.125893 3.98107 1096.67
0.125893 5.01187 1096.84
0.125893 6.30957 1096.85
0.125893 7.94328 1096.63
0.125893 10 1096.8
0.125893 12.5893 1096.85
0.125893 15.8489 1100.08
0.125893 19.9526 1096.56
0.125893 25.1189 1096.97
0.125893 31.6228 1096.84
0.125893 39.8107 1096.96
0.125893 50.1187 1096.85
0.125893 63.0957 1096.77
0.125893 79.4328 1097.1
0.158489 0.0001 27.2239
0.158489 0.000125893 27.0085
0.158489 0.000158489 24.8186
0.158489 0.000199526 21.9441
0.158489 0.000251189 17.4521
0.158489 0.000316228 11.1365
0.158489 0.000398107 8.65724
0.158489 0.000501187 8.5111
0.158489 0.000630957 31.1319
0.158489 0.000794328 6.67379
0.158489 0.001 5.86268
0.158489 0.00125893 72.758
0.158489 0.00158489 70.8907
0.158489 0.00199526 47.3829
0.158489 0.00251189 7.48582
0.158489 0.00316228 40.9622
0.158489 0.00398107 514.473
0.158489 0.00501187 2081.06
0.158489 0.00630957 9146.11
0.158489 0.00794328 32993.9
0.158489 0.01 106061
0.158489 0.0125893 316735
0.158489 0.0158489 13.2315
0.158489 0.0199526 14.4378
0.158489 0.0251189 12.0261
0.158489 0.0316228 14.7701
0.158489 0.0398107 15.5722
0.158489 0.0501187 15.9028
0.158489 0.0630957 15.5487
0.158489 0.0794328 11.0233
0.158489 0.1 10.5173
0.158489 0.125893 10.7894
0.158489 0.158489 10.2087
0.158489 0.199526 10.638
0.158489 0.251189 11.1563
0.158489 0.316228 12.217
0.158489 0.398107 14.3412
0.158489 0.501187 16.5643
0.158489 0.630957 22.5943
0.158489 0.794328 36.8886
0.158489 1 63.7293
0.158489 1.25893 130.709
0.158489 1.58489 280.519
0.158489 1.99526 552.481
0.158489 2.51189 907.221
0.158489 3.16228 1103.77
0.158489 3.98107 1097.81
0.158489 5.01187 1098.03
0.158489 6.30957 1098.04
0.158489 7.94328 1097.77
0.158489 10 1097.91
0.158489 12.5893 1098.02
0.158489 15.8489 1100.33
0.158489 19.9526 1097.79
0.158489 25.1189 1097.97
0.158489 31.6228 1097.73
0.158489 39.8107 1097.87
0.158489 50.1187 1098.08
0.158489 63.0957 1098.17
0.158489 79.4328 1098.29
0.199526 0.0001 45.1937
0.199526 0.000125893 44.882
0.199526 0.000158489 42.4858
0.199526 0.000199526 37.7204
0.199526 0.000251189 31.1014
0.199526 0.000316228 23.3788
0.199526 0.000398107 19.3234
0.199526 0.000501187 19.0595
0.199526 0.000630957 17.9923
0.199526 0.000794328 16.0722
0.199526 0.001 13.4173
0.199526 0.00125893 115.55
0.199526 0.00158489 112.382
0.199526 0.00199526 76.0321
0.199526 0.00251189 32.0477
0.199526 0.00316228 44.9933
0.199526 0.00398107 482.142
0.199526 0.00501187 3108.85
0.199526 0.00630957 13501.5
0.199526 0.00794328 48244.5
0.199526 0.01 154166
0.199526 0.0125893 13.8731
0.199526 0.0158489 12.7443
0.199526 0.0199526 12.1425
0.199526 0.0251189 11.3477
0.199526 0.0316228 12.464
0.199526 0.0398107 14.6875
0.199526 0.0501187 10.3309
0.199526 0.0630957 10.6549
0.199526 0.0794328 9.74572
0.199526 0.1 11.4751
0.199526 0.125893 11.9753
0.199526 0.158489 8.79858
0.199526 0.199526 10.1394
0.199526 0.251189 10.708
0.199526 0.316228 11.4696
0.199526 0.398107 13.0697
0.199526 0.501187 15.2674
0.199526 0.630957 20.7345
0.199526 0.794328 34.8505
0.199526 1 62.2546
0.199526 1.25893 127.148
0.199526 1.58489 272.06
0.199526 1.99526 545.619
0.199526 2.51189 904.154
0.199526 3.16228 1104.18
0.199526 3.98107 1103.91
0.199526 5.01187 1103.76
0.199526 6.30957 1103.87
0.199526 7.94328 1103.9
0.199526 10 1103.88
0.199526 12.5893 1103.92
0.199526 15.8489 1107.28
0.199526 19.9526 1104.8
0.199526 25.1189 1103.97
0.199526 31.6228 1103.75
0.199526 39.8107 1104
0.199526 50.1187 1103.65
0.199526 63.0957 1104
0.199526 79.4328 1103.79
0.251189 0.0001 75.8452
0.251189 0.000125893 75.5118
0.251189 0.000158489 72.9919
0.251189 0.000199526 67.893
0.251189 0.000251189 57.9474
0.251189 0.000316228 47.4308
0.251189 0.000398107 43.2087
0.251189 0.000501187 43.0968
0.251189 0.000630957 41.3192
0.251189 0.000794328 38.8774
0.251189 0.001 34.844
0.251189 0.00125893 183.125
0.251189 0.00158489 178.281
0.251189 0.00199526 123.688
0.251189 0.00251189 28.7061
0.251189 0.00316228 50.9429
0.251189 0.00398107 673.722
0.251189 0.00501187 4408.31
0.251189 0.00630957 19043.5
0.251189 0.00794328 67732.9
0.251189 0.01 215768
0.251189 0.0125893 641323
0.251189 0.0158489 14.2097
0.251189 0.0199526 15.5664
0.251189 0.0251189 13.775
0.251189 0.0316228 14.7871
0.251189 0.0398107 12.7627
0.251189 0.0501187 15.2668
0.251189 0.0630957 13.6046
0.251189 0.0794328 15.6321
0.251189 0.1 14.2199
0.251189 0.125893 14.5818
0.251189 0.158489 14.2094
0.251189 0.199526 13.4585
0.251189 0.251189 14.2728
0.251189 0.316228 11.4479
0.251189 0.398107 13.3114
0.251189 0.501187 14.2204
0.251189 0.630957 20.4476
0.251189 0.794328 32.4033
0.251189 1 60.9057
0.251189 1.25893 122.323
0.251189 1.58489 270.436
0.251189 1.99526 545.182
0.251189 2.51189 911.025
0.251189 3.16228 1122.41
0.251189 3.98107 1123.72
0.251189 5.01187 1122.97
0.251189 6.30957 1123.09
0.251189 7.94328 1123.25
0.251189 10 1123.38
0.251189 12.5893 1123.18
0.251189 15.8489 1125.62
0.251189 19.9526 1123.28
0.251189 25.1189 1122.8
0.251189 31.6228 1122.96
0.251189 39.8107 1123.19
0.251189 50.1187 1123.03
0.251189 63.0957 1123.02
0.251189 79.4328 1122.97
0.316228 0.0001 129.889
0.316228 0.000125893 132.334
0.316228 0.000158489 130.762
0.316228 0.000199526 124.857
0.316228 0.000251189 113.616
0.316228 0.000316228 98.8348
0.316228 0.000398107 92.6982
0.316228 0.000501187 94.9241
0.316228 0.000630957 93.9565
0.316228 0.000794328 90.4139
0.316228 0.001 84.1769
0.316228 0.00125893 290.039
0.316228 0.00158489 281.221
0.316228 0.00199526 12.6118
0.316228 0.00251189 57.1981
0.316228 0.00316228 47.2665
0.316228 0.00398107 862.689
0.316228 0.00501187 5824.58
0.316228 0.00630957 25285.4
0.316228 0.00794328 89970.9
0.316228 0.01 286533
0.316228 0.0125893 851804
0.316228 0.0158489 46.5915
0.316228 0.0199526 11.4015
0.316228 0.0251189 45.7512
0.316228 0.0316228 12.095
0.316228 0.0398107 11.5424
0.316228 0.0501187 45.0379
0.316228 0.0630957 45.3098
0.316228 0.0794328 13.0603
0.316228 0.1 14.6175
0.316228 0.125893 13.8779
0.316228 0.158489 14.0946
0.316228 0.199526 13.6537
0.316228 0.251189 12.5872
0.316228 0.316228 14.0084
0.316228 0.398107 15.3305
0.316228 0.501187 15.1237
0.316228 0.630957 19.5374
0.316228 0.794328 33.6725
0.316228 1 59.5497
0.316228 1.25893 124.078
0.316228 1.58489 267.853
0.316228 1.99526 570.286
0.316228 2.51189 942.829
0.316228 3.16228 1167.18
0.316228 3.98107 1174.08
0.316228 5.01187 1174.24
0.316228 6.30957 1174.48
0.316228 7.94328 1174.46
0.316228 10 1174.5
0.316228 12.5893 1174.39
0.316228 15.8489 1175.56
0.316228 19.9526 1174.59
0.316228 25.1189 1174.18
0.316228 31.6228 1174.27
0.316228 39.8107 1174.25
0.316228 50.1187 1174.2
0.316228 63.0957 1174.74
0.316228 79.4328 1173.98
0.398107 0.0001 230.881
0.398107 0.000125893 238.549
0.398107 0.000158489 242.097
0.398107 0.000199526 239.315
0.398107 0.000251189 226.843
0.398107 0.000316228 208.783
0.398107 0.000398107 197.732
0.398107 0.000501187 207.497
0.398107 0.000630957 208.671
0.398107 0.000794328 204.735
0.398107 0.001 197.261
0.398107 0.00125893 351.713
0.398107 0.00158489 47.2766
0.398107 0.00199526 237.568
0.398107 0.00251189 117.593
0.398107 0.00316228 28.686
0.398107 0.00398107 1227.47
0.398107 0.00501187 6941.81
0.398107 0.00630957 30725.9
0.398107 0.00794328 110118
0.398107 0.01 351818
0.398107 0.0125893 1.04776e+06
0.398107 0.0158489 139.829
0.398107 0.0199526 138.068
0.398107 0.0251189 10.7976
0.398107 0.0316228 137.326
0.398107 0.0398107 136.129
0.398107 0.0501187 135.052
0.398107 0.0630957 11.3213
0.398107 0.0794328 12.9043
0.398107 0.1 13.7696
0.398107 0.125893 12.8354
0.398107 0.158489 10.4186
0.398107 0.199526 10.7132
0.398107 0.251189 10.0922
0.398107 0.316228 11.942
0.398107 0.398107 12.8282
0.398107 0.501187 134.834
0.398107 0.630957 17.6199
0.398107 0.794328 30.1735
0.398107 1 54.7982
0.398107 1.25893 119.753
0.398107 1.58489 261.838
0.398107 1.99526 658.983
0.398107 2.51189 1039.65
0.398107 3.16228 1286.51
0.398107 3.98107 1297.01
0.398107 5.01187 1298.03
0.398107 6.30957 1298
0.398107 7.94328 1297.61
0.398107 10 1297.72
0.398107 12.5893 1297.43
0.398107 15.8489 1300.99
0.398107 19.9526 1297.36
0.398107 25.1189 1297.57
0.398107 31.6228 1297.41
0.398107 39.8107 1297.23
0.398107 50.1187 1297.28
0.398107 63.0957 1297.13
0.398107 79.4328 1297.33
0.501187 0.0001 426.321
0.501187 0.000125893 448.011
0.501187 0.000158489 465.692
0.501187 0.000199526 473.22
0.501187 0.000251189 464.838
0.501187 0.000316228 440.388
0.501187 0.000398107 418.605
0.501187 0.000501187 438.828
0.501187 0.000630957 451.653
0.501187 0.000794328 449.582
0.501187 0.001 547.35
0.501187 0.00125893 155.079
0.501187 0.00158489 36.0487
0.501187 0.00199526 549.564
0.501187 0.00251189 247.156
0.501187 0.00316228 6.49885
0.501187 0.00398107 1038.6
0.501187 0.00501187 6960.3
0.501187 0.00630957 32279.8
0.501187 0.00794328 117860
0.501187 0.01 379889
0.501187 0.0125893 1.13661e+06
0.501187 0.0158489 3.24073e+06
0.501187 0.0199526 8.94112e+06
0.501187 0.0251189 9.92752
0.501187 0.0316228 9.62469
0.501187 0.0398107 10.2977
0.501187 0.0501187 8.06528
0.501187 0.0630957 10.2159
0.501187 0.0794328 10.6716
0.501187 0.1 8.89378
0.501187 0.125893 10.3688
0.501187 0.158489 7.92703
0.501187 0.199526 10.3292
0.501187 0.251189 7.49592
0.501187 0.316228 9.97152
0.501187 0.398107 10.8966
0.501187 0.501187 4.433e+12
0.501187 0.630957 1.06692e+13
0.501187 0.794328 26.1204
0.501187 1 50.0618
0.501187 1.25893 112.508
0.501187 1.58489 256.503
0.501187 1.99526 534.466
0.501187 2.51189 1282.34
0.501187 3.16228 1551.2
0.501187 3.98107 1571.4
0.501187 5.01187 1571.77
0.501187 6.30957 1571.96
0.501187 7.94328 1572.17
0.501187 10 1571.83
0.501187 12.5893 1571.88
0.501187 15.8489 1573.9
0.501187 19.9526 1571.59
0.501187 25.1189 1571.7
0.501187 31.6228 1571.46
0.501187 39.8107 1571.87
0.501187 50.1187 1571.54
0.501187 63.0957 1571.76
0.501187 79.4328 1571.44
0.630957 0.0001 804.788
0.630957 0.000125893 857.401
0.630957 0.000158489 913.447
0.630957 0.000199526 1148.05
0.630957 0.000251189 1148
0.630957 0.000316228 1148.56
0.630957 0.000398107 1148.13
0.630957 0.000501187 1135.64
0.630957 0.000630957 909.803
0.630957 0.000794328 751.562
0.630957 0.001 359.711
0.630957 0.00125893 129.248
0.630957 0.00158489 70.7814
0.630957 0.00199526 802.198
0.630957 0.00251189 545.087
0.630957 0.00316228 66.2753
0.630957 0.00398107 352.585
0.630957 0.00501187 4882.33
0.630957 0.00630957 25493.4
0.630957 0.00794328 97516.1
0.630957 0.01 321315
0.630957 0.0125893 972460
0.630957 0.0158489 2.79026e+06
0.630957 0.0199526 7.72637e+06
0.630957 0.0251189 2.08725e+07
0.630957 0.0316228 5.53957e+07
0.630957 0.0398107 1.45118e+08
0.630957 0.0501187 3.76464e+08
0.630957 0.0630957 9.6934e+08
0.630957 0.0794328 2.4813e+09
0.630957 0.1 6.32138e+09
0.630957 0.125893 1.60388e+10
0.630957 0.158489 4.05399e+10
0.630957 0.199526 1.02068e+11
0.630957 0.251189 2.55811e+11
0.630957 0.316228 6.37393e+11
0.630957 0.398107 1.57555e+12
0.630957 0.501187 3.85164e+12
0.630957 0.630957 9.27617e+12
0.630957 0.794328 2.19329e+13
0.630957 1 5.08981e+13
0.630957 1.25893 125.284
0.630957 1.58489 267.237
0.630957 1.99526 547.016
0.630957 2.51189 918.087
0.630957 3.16228 1143.97
0.630957 3.98107 1147.9
0.630957 5.01187 2138.39
0.630957 6.30957 2138.55
0.630957 7.94328 2138.34
0.630957 10 2138.35
0.630957 12.5893 1148.15
0.630957 15.8489 1151.86
0.630957 19.9526 1148.08
0.630957 25.1189 1148.02
0.630957 31.6228 1148.18
0.630957 39.8107 1148.43
0.630957 50.1187 1147.68
0.630957 63.0957 1147.65
0.630957 79.4328 1148.37
0.794328 0.0001 1390.78
0.794328 0.000125893 1390.65
0.794328 0.000158489 1390.29
0.794328 0.000199526 1390.49
0.794328 0.000251189 1390.85
0.794328 0.000316228 1390.4
0.794328 0.000398107 1390.5
0.794328 0.000501187 1327.19
0.794328 0.000630957 1109.87
0.794328 0.000794328 751.072
0.794328 0.001 449.355
0.794328 0.00125893 330.49
0.794328 0.00158489 1422.23
0.794328 0.00199526 1438.12
0.794328 0.00251189 1183.38
0.794328 0.00316228 619.52
0.794328 0.00398107 23.9855
0.794328 0.00501187 983.782
0.794328 0.00630957 8880.39
0.794328 0.00794328 40510.9
0.794328 0.01 144309
0.794328 0.0125893 454407
0.794328 0.0158489 1.33235e+06
0.794328 0.0199526 3.73512e+06
0.794328 0.0251189 1.01633e+07
0.794328 0.0316228 2.70897e+07
0.794328 0.0398107 7.11503e+07
0.794328 0.0501187 1.84871e+08
0.794328 0.0630957 4.76487e+08
0.794328 0.0794328 1.22049e+09
0.794328 0.1 3.11072e+09
0.794328 0.125893 7.89546e+09
0.794328 0.158489 1.99637e+10
0.794328 0.199526 5.02843e+10
0.794328 0.251189 1.26099e+11
0.794328 0.316228 3.14471e+11
0.794328 0.398107 7.78374e+11
0.794328 0.501187 1.90673e+12
0.794328 0.630957 4.60573e+12
0.794328 0.794328 1.09312e+13
0.794328 1 2.5459e+13
0.794328 1.25893 5.83694e+13
0.794328 1.58489 1.32312e+14
0.794328 1.99526 2.93891e+14
0.794328 2.51189 6.17483e+14
0.794328 3.16228 1.17165e+15
0.794328 3.98107 1.94872e+15
0.794328 5.01187 2.77629e+15
0.794328 6.30957 1390.77
0.794328 7.94328 1390.49
0.794328 10 2.41644e+15
0.794328 12.5893 1.29607e+15
0.794328 15.8489 7.89249e+14
0.794328 19.9526 7.21005e+14
0.794328 25.1189 6.11878e+14
0.794328 31.6228 5.15156e+14
0.794328 39.8107 3.75403e+14
0.794328 50.1187 2.18343e+14
0.794328 63.0957 1.18297e+14
0.794328 79.4328 7.72117e+13
