1e-05 0.0001 4.16821e-07 
1e-05 0.000125893 4.54867e-07 
1e-05 0.000158489 5.1437e-07 
1e-05 0.000199526 6.07762e-07 
1e-05 0.000251189 7.57265e-07 
1e-05 0.000316228 1.00436e-06 
1e-05 0.000398107 1.4226e-06 
1e-05 0.000501187 2.12546e-06 
1e-05 0.000630957 3.25384e-06 
1e-05 0.000794328 4.91296e-06 
1e-05 0.001 6.91666e-06 
1e-05 0.00125893 8.10199e-06 
1e-05 0.00158489 6.41877e-06 
1e-05 0.00199526 2.37559e-06 
1e-05 0.00251189 2.65753e-07 
1e-05 0.00316228 1.08527e-06 
1e-05 0.00398107 3.40307e-06 
1e-05 0.00501187 5.92593e-06 
1e-05 0.00630957 2.6173e-06 
1e-05 0.00794328 2.59864e-06 
1e-05 0.01 1.61701e-06 
1e-05 0.0125893 1.19956e-06 
1e-05 0.0158489 8.51843e-07 
1e-05 0.0199526 5.72568e-07 
1e-05 0.0251189 5.12342e-07 
1e-05 0.0316228 6.54748e-07 
1e-05 0.0398107 6.65636e-07 
1e-05 0.0501187 5.57024e-07 
1e-05 0.0630957 4.62943e-07 
1e-05 0.0794328 8.39139e-07 
1e-05 0.1 4.91155e-07 
1e-05 0.125893 7.75686e-07 
1e-05 0.158489 5.71345e-07 
1e-05 0.199526 7.65364e-07 
1e-05 0.251189 1.10651e-06 
1e-05 0.316228 8.55782e-07 
1e-05 0.398107 5.46534e-07 
1e-05 0.501187 5.3299e-07 
1e-05 0.630957 8.50317e-07 
1e-05 0.794328 7.50857e-07 
1e-05 1 6.853e-07 
1e-05 1.25893 6.37942e-07 
1e-05 1.58489 6.14357e-07 
1e-05 1.99526 5.42272e-07 
1e-05 2.51189 5.26932e-07 
1e-05 3.16228 6.02154e-07 
1e-05 3.98107 5.40437e-07 
1e-05 5.01187 6.69433e-07 
1e-05 6.30957 8.02666e-07 
1e-05 7.94328 8.2714e-07 
1e-05 10 6.0511e-07 
1e-05 12.5893 7.1465e-07 
1e-05 15.8489 7.42392e-07 
1e-05 19.9526 5.67548e-07 
1e-05 25.1189 4.76225e-07 
1e-05 31.6228 1.17073e-06 
1e-05 39.8107 1.14384e-06 
1e-05 50.1187 9.41165e-07 
1e-05 63.0957 7.83783e-07 
1e-05 79.4328 9.47706e-07 
1.25893e-05 0.0001 6.60609e-07 
1.25893e-05 0.000125893 7.20906e-07 
1.25893e-05 0.000158489 8.15211e-07 
1.25893e-05 0.000199526 9.63226e-07 
1.25893e-05 0.000251189 1.20017e-06 
1.25893e-05 0.000316228 1.59179e-06 
1.25893e-05 0.000398107 2.25465e-06 
1.25893e-05 0.000501187 3.36861e-06 
1.25893e-05 0.000630957 5.15697e-06 
1.25893e-05 0.000794328 7.78651e-06 
1.25893e-05 0.001 1.09622e-05 
1.25893e-05 0.00125893 1.28408e-05 
1.25893e-05 0.00158489 1.01731e-05 
1.25893e-05 0.00199526 3.76506e-06 
1.25893e-05 0.00251189 4.21199e-07 
1.25893e-05 0.00316228 1.72004e-06 
1.25893e-05 0.00398107 5.39351e-06 
1.25893e-05 0.00501187 9.392e-06 
1.25893e-05 0.00630957 4.14816e-06 
1.25893e-05 0.00794328 4.1186e-06 
1.25893e-05 0.01 2.5628e-06 
1.25893e-05 0.0125893 1.90118e-06 
1.25893e-05 0.0158489 1.35009e-06 
1.25893e-05 0.0199526 9.07462e-07 
1.25893e-05 0.0251189 8.12007e-07 
1.25893e-05 0.0316228 1.03771e-06 
1.25893e-05 0.0398107 1.05497e-06 
1.25893e-05 0.0501187 8.82824e-07 
1.25893e-05 0.0630957 7.33718e-07 
1.25893e-05 0.0794328 1.32996e-06 
1.25893e-05 0.1 7.7843e-07 
1.25893e-05 0.125893 1.22939e-06 
1.25893e-05 0.158489 9.0552e-07 
1.25893e-05 0.199526 1.21303e-06 
1.25893e-05 0.251189 1.75371e-06 
1.25893e-05 0.316228 1.35632e-06 
1.25893e-05 0.398107 8.66206e-07 
1.25893e-05 0.501187 8.44744e-07 
1.25893e-05 0.630957 1.34766e-06 
1.25893e-05 0.794328 1.19004e-06 
1.25893e-05 1 1.08613e-06 
1.25893e-05 1.25893 1.01106e-06 
1.25893e-05 1.58489 9.73686e-07 
1.25893e-05 1.99526 8.59448e-07 
1.25893e-05 2.51189 8.35125e-07 
1.25893e-05 3.16228 9.54351e-07 
1.25893e-05 3.98107 8.56539e-07 
1.25893e-05 5.01187 1.06099e-06 
1.25893e-05 6.30957 1.27214e-06 
1.25893e-05 7.94328 1.31095e-06 
1.25893e-05 10 9.59044e-07 
1.25893e-05 12.5893 1.13265e-06 
1.25893e-05 15.8489 1.17662e-06 
1.25893e-05 19.9526 8.99501e-07 
1.25893e-05 25.1189 7.54772e-07 
1.25893e-05 31.6228 1.85548e-06 
1.25893e-05 39.8107 1.81286e-06 
1.25893e-05 50.1187 1.49164e-06 
1.25893e-05 63.0957 1.24221e-06 
1.25893e-05 79.4328 1.50201e-06 
1.58489e-05 0.0001 1.04698e-06 
1.58489e-05 0.000125893 1.14254e-06 
1.58489e-05 0.000158489 1.292e-06 
1.58489e-05 0.000199526 1.52658e-06 
1.58489e-05 0.000251189 1.90211e-06 
1.58489e-05 0.000316228 2.52278e-06 
1.58489e-05 0.000398107 3.57335e-06 
1.58489e-05 0.000501187 5.33885e-06 
1.58489e-05 0.000630957 8.17321e-06 
1.58489e-05 0.000794328 1.23408e-05 
1.58489e-05 0.001 1.73739e-05 
1.58489e-05 0.00125893 2.03514e-05 
1.58489e-05 0.00158489 1.61232e-05 
1.58489e-05 0.00199526 5.9672e-06 
1.58489e-05 0.00251189 6.67573e-07 
1.58489e-05 0.00316228 2.72608e-06 
1.58489e-05 0.00398107 8.54813e-06 
1.58489e-05 0.00501187 1.48854e-05 
1.58489e-05 0.00630957 6.57441e-06 
1.58489e-05 0.00794328 6.52761e-06 
1.58489e-05 0.01 4.06177e-06 
1.58489e-05 0.0125893 3.0132e-06 
1.58489e-05 0.0158489 2.13977e-06 
1.58489e-05 0.0199526 1.43824e-06 
1.58489e-05 0.0251189 1.28694e-06 
1.58489e-05 0.0316228 1.64467e-06 
1.58489e-05 0.0398107 1.67202e-06 
1.58489e-05 0.0501187 1.39918e-06 
1.58489e-05 0.0630957 1.16287e-06 
1.58489e-05 0.0794328 2.10787e-06 
1.58489e-05 0.1 1.23373e-06 
1.58489e-05 0.125893 1.94849e-06 
1.58489e-05 0.158489 1.43515e-06 
1.58489e-05 0.199526 1.92253e-06 
1.58489e-05 0.251189 2.77948e-06 
1.58489e-05 0.316228 2.14963e-06 
1.58489e-05 0.398107 1.37286e-06 
1.58489e-05 0.501187 1.33885e-06 
1.58489e-05 0.630957 2.13589e-06 
1.58489e-05 0.794328 1.88612e-06 
1.58489e-05 1 1.72142e-06 
1.58489e-05 1.25893 1.60241e-06 
1.58489e-05 1.58489 1.54318e-06 
1.58489e-05 1.99526 1.36214e-06 
1.58489e-05 2.51189 1.32357e-06 
1.58489e-05 3.16228 1.51255e-06 
1.58489e-05 3.98107 1.35753e-06 
1.58489e-05 5.01187 1.68157e-06 
1.58489e-05 6.30957 2.0162e-06 
1.58489e-05 7.94328 2.07775e-06 
1.58489e-05 10 1.52e-06 
1.58489e-05 12.5893 1.79513e-06 
1.58489e-05 15.8489 1.86482e-06 
1.58489e-05 19.9526 1.42561e-06 
1.58489e-05 25.1189 1.19624e-06 
1.58489e-05 31.6228 2.94075e-06 
1.58489e-05 39.8107 2.87319e-06 
1.58489e-05 50.1187 2.36408e-06 
1.58489e-05 63.0957 1.96878e-06 
1.58489e-05 79.4328 2.38052e-06 
1.99526e-05 0.0001 1.65932e-06 
1.99526e-05 0.000125893 1.81077e-06 
1.99526e-05 0.000158489 2.04764e-06 
1.99526e-05 0.000199526 2.41942e-06 
1.99526e-05 0.000251189 3.01459e-06 
1.99526e-05 0.000316228 3.99827e-06 
1.99526e-05 0.000398107 5.66331e-06 
1.99526e-05 0.000501187 8.46143e-06 
1.99526e-05 0.000630957 1.29536e-05 
1.99526e-05 0.000794328 1.95588e-05 
1.99526e-05 0.001 2.75358e-05 
1.99526e-05 0.00125893 3.22548e-05 
1.99526e-05 0.00158489 2.55536e-05 
1.99526e-05 0.00199526 9.45737e-06 
1.99526e-05 0.00251189 1.05806e-06 
1.99526e-05 0.00316228 4.32054e-06 
1.99526e-05 0.00398107 1.35479e-05 
1.99526e-05 0.00501187 2.35919e-05 
1.99526e-05 0.00630957 1.04198e-05 
1.99526e-05 0.00794328 1.03457e-05 
1.99526e-05 0.01 6.43749e-06 
1.99526e-05 0.0125893 4.77566e-06 
1.99526e-05 0.0158489 3.39135e-06 
1.99526e-05 0.0199526 2.27946e-06 
1.99526e-05 0.0251189 2.03966e-06 
1.99526e-05 0.0316228 2.60665e-06 
1.99526e-05 0.0398107 2.64999e-06 
1.99526e-05 0.0501187 2.21755e-06 
1.99526e-05 0.0630957 1.84303e-06 
1.99526e-05 0.0794328 3.34079e-06 
1.99526e-05 0.1 1.95535e-06 
1.99526e-05 0.125893 3.08822e-06 
1.99526e-05 0.158489 2.27456e-06 
1.99526e-05 0.199526 3.04702e-06 
1.99526e-05 0.251189 4.40525e-06 
1.99526e-05 0.316228 3.40693e-06 
1.99526e-05 0.398107 2.17587e-06 
1.99526e-05 0.501187 2.12198e-06 
1.99526e-05 0.630957 3.38515e-06 
1.99526e-05 0.794328 2.98935e-06 
1.99526e-05 1 2.72828e-06 
1.99526e-05 1.25893 2.53961e-06 
1.99526e-05 1.58489 2.44576e-06 
1.99526e-05 1.99526 2.15887e-06 
1.99526e-05 2.51189 2.0977e-06 
1.99526e-05 3.16228 2.39723e-06 
1.99526e-05 3.98107 2.15155e-06 
1.99526e-05 5.01187 2.66513e-06 
1.99526e-05 6.30957 3.19546e-06 
1.99526e-05 7.94328 3.29308e-06 
1.99526e-05 10 2.40907e-06 
1.99526e-05 12.5893 2.8451e-06 
1.99526e-05 15.8489 2.95555e-06 
1.99526e-05 19.9526 2.25942e-06 
1.99526e-05 25.1189 1.89594e-06 
1.99526e-05 31.6228 4.66079e-06 
1.99526e-05 39.8107 4.55371e-06 
1.99526e-05 50.1187 3.7468e-06 
1.99526e-05 63.0957 3.1203e-06 
1.99526e-05 79.4328 3.77287e-06 
2.51189e-05 0.0001 2.62978e-06 
2.51189e-05 0.000125893 2.8698e-06 
2.51189e-05 0.000158489 3.24521e-06 
2.51189e-05 0.000199526 3.83443e-06 
2.51189e-05 0.000251189 4.77768e-06 
2.51189e-05 0.000316228 6.3367e-06 
2.51189e-05 0.000398107 8.97559e-06 
2.51189e-05 0.000501187 1.34103e-05 
2.51189e-05 0.000630957 2.053e-05 
2.51189e-05 0.000794328 3.09985e-05 
2.51189e-05 0.001 4.36414e-05 
2.51189e-05 0.00125893 5.11206e-05 
2.51189e-05 0.00158489 4.04998e-05 
2.51189e-05 0.00199526 1.49889e-05 
2.51189e-05 0.00251189 1.67698e-06 
2.51189e-05 0.00316228 6.84759e-06 
2.51189e-05 0.00398107 2.14719e-05 
2.51189e-05 0.00501187 3.73909e-05 
2.51189e-05 0.00630957 1.65143e-05 
2.51189e-05 0.00794328 1.63971e-05 
2.51189e-05 0.01 1.02028e-05 
2.51189e-05 0.0125893 7.56903e-06 
2.51189e-05 0.0158489 5.375e-06 
2.51189e-05 0.0199526 3.61274e-06 
2.51189e-05 0.0251189 3.23263e-06 
2.51189e-05 0.0316228 4.1313e-06 
2.51189e-05 0.0398107 4.19999e-06 
2.51189e-05 0.0501187 3.51458e-06 
2.51189e-05 0.0630957 2.92103e-06 
2.51189e-05 0.0794328 5.2949e-06 
2.51189e-05 0.1 3.09904e-06 
2.51189e-05 0.125893 4.89462e-06 
2.51189e-05 0.158489 3.60492e-06 
2.51189e-05 0.199526 4.82924e-06 
2.51189e-05 0.251189 6.98198e-06 
2.51189e-05 0.316228 5.39962e-06 
2.51189e-05 0.398107 3.44859e-06 
2.51189e-05 0.501187 3.36321e-06 
2.51189e-05 0.630957 5.36508e-06 
2.51189e-05 0.794328 4.73791e-06 
2.51189e-05 1 4.32407e-06 
2.51189e-05 1.25893 4.02495e-06 
2.51189e-05 1.58489 3.87624e-06 
2.51189e-05 1.99526 3.4216e-06 
2.51189e-05 2.51189 3.32459e-06 
2.51189e-05 3.16228 3.79936e-06 
2.51189e-05 3.98107 3.41e-06 
2.51189e-05 5.01187 4.22399e-06 
2.51189e-05 6.30957 5.06446e-06 
2.51189e-05 7.94328 5.21933e-06 
2.51189e-05 10 3.81818e-06 
2.51189e-05 12.5893 4.50919e-06 
2.51189e-05 15.8489 4.68425e-06 
2.51189e-05 19.9526 3.58092e-06 
2.51189e-05 25.1189 3.00489e-06 
2.51189e-05 31.6228 7.3869e-06 
2.51189e-05 39.8107 7.21715e-06 
2.51189e-05 50.1187 5.93824e-06 
2.51189e-05 63.0957 4.94534e-06 
2.51189e-05 79.4328 5.97957e-06 
3.16228e-05 0.0001 4.16778e-06 
3.16228e-05 0.000125893 4.54818e-06 
3.16228e-05 0.000158489 5.14313e-06 
3.16228e-05 0.000199526 6.07696e-06 
3.16228e-05 0.000251189 7.57188e-06 
3.16228e-05 0.000316228 1.00427e-05 
3.16228e-05 0.000398107 1.42251e-05 
3.16228e-05 0.000501187 2.12536e-05 
3.16228e-05 0.000630957 3.25375e-05 
3.16228e-05 0.000794328 4.91292e-05 
3.16228e-05 0.001 6.91671e-05 
3.16228e-05 0.00125893 8.1021e-05 
3.16228e-05 0.00158489 6.41879e-05 
3.16228e-05 0.00199526 2.37557e-05 
3.16228e-05 0.00251189 2.65797e-06 
3.16228e-05 0.00316228 1.08527e-05 
3.16228e-05 0.00398107 3.40307e-05 
3.16228e-05 0.00501187 5.92612e-05 
3.16228e-05 0.00630957 2.61736e-05 
3.16228e-05 0.00794328 2.59881e-05 
3.16228e-05 0.01 1.61704e-05 
3.16228e-05 0.0125893 1.19963e-05 
3.16228e-05 0.0158489 8.51896e-06 
3.16228e-05 0.0199526 5.72585e-06 
3.16228e-05 0.0251189 5.12336e-06 
3.16228e-05 0.0316228 6.54775e-06 
3.16228e-05 0.0398107 6.65661e-06 
3.16228e-05 0.0501187 5.57024e-06 
3.16228e-05 0.0630957 4.62957e-06 
3.16228e-05 0.0794328 8.39204e-06 
3.16228e-05 0.1 4.91168e-06 
3.16228e-05 0.125893 7.7577e-06 
3.16228e-05 0.158489 5.71341e-06 
3.16228e-05 0.199526 7.65391e-06 
3.16228e-05 0.251189 1.1066e-05 
3.16228e-05 0.316228 8.55782e-06 
3.16228e-05 0.398107 5.46578e-06 
3.16228e-05 0.501187 5.3305e-06 
3.16228e-05 0.630957 8.50304e-06 
3.16228e-05 0.794328 7.50931e-06 
3.16228e-05 1 6.85326e-06 
3.16228e-05 1.25893 6.37897e-06 
3.16228e-05 1.58489 6.14336e-06 
3.16228e-05 1.99526 5.42294e-06 
3.16228e-05 2.51189 5.26903e-06 
3.16228e-05 3.16228 6.02158e-06 
3.16228e-05 3.98107 5.40454e-06 
3.16228e-05 5.01187 6.69468e-06 
3.16228e-05 6.30957 8.02661e-06 
3.16228e-05 7.94328 8.27236e-06 
3.16228e-05 10 6.05154e-06 
3.16228e-05 12.5893 7.14662e-06 
3.16228e-05 15.8489 7.42408e-06 
3.16228e-05 19.9526 5.67534e-06 
3.16228e-05 25.1189 4.76252e-06 
3.16228e-05 31.6228 1.17075e-05 
3.16228e-05 39.8107 1.14384e-05 
3.16228e-05 50.1187 9.4114e-06 
3.16228e-05 63.0957 7.83784e-06 
3.16228e-05 79.4328 9.47695e-06 
3.98107e-05 0.0001 6.60523e-06 
3.98107e-05 0.000125893 7.20809e-06 
3.98107e-05 0.000158489 8.15098e-06 
3.98107e-05 0.000199526 9.63093e-06 
3.98107e-05 0.000251189 1.20002e-05 
3.98107e-05 0.000316228 1.59161e-05 
3.98107e-05 0.000398107 2.25446e-05 
3.98107e-05 0.000501187 3.36841e-05 
3.98107e-05 0.000630957 5.1568e-05 
3.98107e-05 0.000794328 7.78644e-05 
3.98107e-05 0.001 0.000109623 
3.98107e-05 0.00125893 0.00012841 
3.98107e-05 0.00158489 0.000101731 
3.98107e-05 0.00199526 3.76502e-05 
3.98107e-05 0.00251189 4.21287e-06 
3.98107e-05 0.00316228 1.72003e-05 
3.98107e-05 0.00398107 5.3935e-05 
3.98107e-05 0.00501187 9.39239e-05 
3.98107e-05 0.00630957 4.14826e-05 
3.98107e-05 0.00794328 4.11894e-05 
3.98107e-05 0.01 2.56285e-05 
3.98107e-05 0.0125893 1.90134e-05 
3.98107e-05 0.0158489 1.3502e-05 
3.98107e-05 0.0199526 9.07497e-06 
3.98107e-05 0.0251189 8.11994e-06 
3.98107e-05 0.0316228 1.03777e-05 
3.98107e-05 0.0398107 1.05502e-05 
3.98107e-05 0.0501187 8.82822e-06 
3.98107e-05 0.0630957 7.33745e-06 
3.98107e-05 0.0794328 1.33009e-05 
3.98107e-05 0.1 7.78457e-06 
3.98107e-05 0.125893 1.22956e-05 
3.98107e-05 0.158489 9.05511e-06 
3.98107e-05 0.199526 1.21308e-05 
3.98107e-05 0.251189 1.75389e-05 
3.98107e-05 0.316228 1.35632e-05 
3.98107e-05 0.398107 8.66293e-06 
3.98107e-05 0.501187 8.44863e-06 
3.98107e-05 0.630957 1.34763e-05 
3.98107e-05 0.794328 1.19019e-05 
3.98107e-05 1 1.08618e-05 
3.98107e-05 1.25893 1.01097e-05 
3.98107e-05 1.58489 9.73644e-06 
3.98107e-05 1.99526 8.59491e-06 
3.98107e-05 2.51189 8.35067e-06 
3.98107e-05 3.16228 9.54359e-06 
3.98107e-05 3.98107 8.56572e-06 
3.98107e-05 5.01187 1.06106e-05 
3.98107e-05 6.30957 1.27213e-05 
3.98107e-05 7.94328 1.31114e-05 
3.98107e-05 10 9.59129e-06 
3.98107e-05 12.5893 1.13267e-05 
3.98107e-05 15.8489 1.17665e-05 
3.98107e-05 19.9526 8.99472e-06 
3.98107e-05 25.1189 7.54823e-06 
3.98107e-05 31.6228 1.85553e-05 
3.98107e-05 39.8107 1.81287e-05 
3.98107e-05 50.1187 1.49159e-05 
3.98107e-05 63.0957 1.24221e-05 
3.98107e-05 79.4328 1.50199e-05 
5.01187e-05 0.0001 1.04681e-05 
5.01187e-05 0.000125893 1.14235e-05 
5.01187e-05 0.000158489 1.29177e-05 
5.01187e-05 0.000199526 1.52632e-05 
5.01187e-05 0.000251189 1.9018e-05 
5.01187e-05 0.000316228 2.52243e-05 
5.01187e-05 0.000398107 3.57296e-05 
5.01187e-05 0.000501187 5.33846e-05 
5.01187e-05 0.000630957 8.17287e-05 
5.01187e-05 0.000794328 0.000123406 
5.01187e-05 0.001 0.000173741 
5.01187e-05 0.00125893 0.000203518 
5.01187e-05 0.00158489 0.000161233 
5.01187e-05 0.00199526 5.96713e-05 
5.01187e-05 0.00251189 6.67747e-06 
5.01187e-05 0.00316228 2.72607e-05 
5.01187e-05 0.00398107 8.54811e-05 
5.01187e-05 0.00501187 0.000148862 
5.01187e-05 0.00630957 6.57462e-05 
5.01187e-05 0.00794328 6.52827e-05 
5.01187e-05 0.01 4.06187e-05 
5.01187e-05 0.0125893 3.01351e-05 
5.01187e-05 0.0158489 2.13998e-05 
5.01187e-05 0.0199526 1.43831e-05 
5.01187e-05 0.0251189 1.28692e-05 
5.01187e-05 0.0316228 1.64478e-05 
5.01187e-05 0.0398107 1.67212e-05 
5.01187e-05 0.0501187 1.39918e-05 
5.01187e-05 0.0630957 1.16292e-05 
5.01187e-05 0.0794328 2.10813e-05 
5.01187e-05 0.1 1.23379e-05 
5.01187e-05 0.125893 1.94883e-05 
5.01187e-05 0.158489 1.43513e-05 
5.01187e-05 0.199526 1.92263e-05 
5.01187e-05 0.251189 2.77984e-05 
5.01187e-05 0.316228 2.14963e-05 
5.01187e-05 0.398107 1.37303e-05 
5.01187e-05 0.501187 1.33909e-05 
5.01187e-05 0.630957 2.13584e-05 
5.01187e-05 0.794328 1.88641e-05 
5.01187e-05 1 1.72152e-05 
5.01187e-05 1.25893 1.60223e-05 
5.01187e-05 1.58489 1.5431e-05 
5.01187e-05 1.99526 1.36223e-05 
5.01187e-05 2.51189 1.32346e-05 
5.01187e-05 3.16228 1.51256e-05 
5.01187e-05 3.98107 1.3576e-05 
5.01187e-05 5.01187 1.6817e-05 
5.01187e-05 6.30957 2.01618e-05 
5.01187e-05 7.94328 2.07813e-05 
5.01187e-05 10 1.52017e-05 
5.01187e-05 12.5893 1.79518e-05 
5.01187e-05 15.8489 1.86488e-05 
5.01187e-05 19.9526 1.42555e-05 
5.01187e-05 25.1189 1.19635e-05 
5.01187e-05 31.6228 2.94086e-05 
5.01187e-05 39.8107 2.87322e-05 
5.01187e-05 50.1187 2.36398e-05 
5.01187e-05 63.0957 1.96878e-05 
5.01187e-05 79.4328 2.38048e-05 
6.30957e-05 0.0001 1.65897e-05 
6.30957e-05 0.000125893 1.81038e-05 
6.30957e-05 0.000158489 2.04719e-05 
6.30957e-05 0.000199526 2.4189e-05 
6.30957e-05 0.000251189 3.01397e-05 
6.30957e-05 0.000316228 3.99757e-05 
6.30957e-05 0.000398107 5.66253e-05 
6.30957e-05 0.000501187 8.46065e-05 
6.30957e-05 0.000630957 0.000129529 
6.30957e-05 0.000794328 0.000195585 
6.30957e-05 0.001 0.000275362 
6.30957e-05 0.00125893 0.000322557 
6.30957e-05 0.00158489 0.000255538 
6.30957e-05 0.00199526 9.45723e-05 
6.30957e-05 0.00251189 1.05841e-05 
6.30957e-05 0.00316228 4.32052e-05 
6.30957e-05 0.00398107 0.000135478 
6.30957e-05 0.00501187 0.000235934 
6.30957e-05 0.00630957 0.000104202 
6.30957e-05 0.00794328 0.00010347 
6.30957e-05 0.01 6.43768e-05 
6.30957e-05 0.0125893 4.77627e-05 
6.30957e-05 0.0158489 3.39176e-05 
6.30957e-05 0.0199526 2.2796e-05 
6.30957e-05 0.0251189 2.03961e-05 
6.30957e-05 0.0316228 2.60687e-05 
6.30957e-05 0.0398107 2.65019e-05 
6.30957e-05 0.0501187 2.21755e-05 
6.30957e-05 0.0630957 1.84314e-05 
6.30957e-05 0.0794328 3.34131e-05 
6.30957e-05 0.1 1.95545e-05 
6.30957e-05 0.125893 3.08888e-05 
6.30957e-05 0.158489 2.27452e-05 
6.30957e-05 0.199526 3.04723e-05 
6.30957e-05 0.251189 4.40597e-05 
6.30957e-05 0.316228 3.40693e-05 
6.30957e-05 0.398107 2.17622e-05 
6.30957e-05 0.501187 2.12245e-05 
6.30957e-05 0.630957 3.38504e-05 
6.30957e-05 0.794328 2.98993e-05 
6.30957e-05 1 2.72848e-05 
6.30957e-05 1.25893 2.53925e-05 
6.30957e-05 1.58489 2.44559e-05 
6.30957e-05 1.99526 2.15903e-05 
6.30957e-05 2.51189 2.09747e-05 
6.30957e-05 3.16228 2.39725e-05 
6.30957e-05 3.98107 2.15168e-05 
6.30957e-05 5.01187 2.6654e-05 
6.30957e-05 6.30957 3.19542e-05 
6.30957e-05 7.94328 3.29385e-05 
6.30957e-05 10 2.40941e-05 
6.30957e-05 12.5893 2.84519e-05 
6.30957e-05 15.8489 2.95567e-05 
6.30957e-05 19.9526 2.25931e-05 
6.30957e-05 25.1189 1.89614e-05 
6.30957e-05 31.6228 4.66101e-05 
6.30957e-05 39.8107 4.55376e-05 
6.30957e-05 50.1187 3.74659e-05 
6.30957e-05 63.0957 3.1203e-05 
6.30957e-05 79.4328 3.77278e-05 
7.94328e-05 0.0001 2.62909e-05 
7.94328e-05 0.000125893 2.86902e-05 
7.94328e-05 0.000158489 3.24431e-05 
7.94328e-05 0.000199526 3.83338e-05 
7.94328e-05 0.000251189 4.77645e-05 
7.94328e-05 0.000316228 6.33529e-05 
7.94328e-05 0.000398107 8.97405e-05 
7.94328e-05 0.000501187 0.000134087 
7.94328e-05 0.000630957 0.000205286 
7.94328e-05 0.000794328 0.000309979 
7.94328e-05 0.001 0.000436423 
7.94328e-05 0.00125893 0.000511224 
7.94328e-05 0.00158489 0.000405002 
7.94328e-05 0.00199526 0.000149886 
7.94328e-05 0.00251189 1.67768e-05 
7.94328e-05 0.00316228 6.84756e-05 
7.94328e-05 0.00398107 0.000214718 
7.94328e-05 0.00501187 0.00037394 
7.94328e-05 0.00630957 0.000165151 
7.94328e-05 0.00794328 0.000163997 
7.94328e-05 0.01 0.000102032 
7.94328e-05 0.0125893 7.57025e-05 
7.94328e-05 0.0158489 5.37583e-05 
7.94328e-05 0.0199526 3.61301e-05 
7.94328e-05 0.0251189 3.23253e-05 
7.94328e-05 0.0316228 4.13173e-05 
7.94328e-05 0.0398107 4.20038e-05 
7.94328e-05 0.0501187 3.51457e-05 
7.94328e-05 0.0630957 2.92125e-05 
7.94328e-05 0.0794328 5.29593e-05 
7.94328e-05 0.1 3.09924e-05 
7.94328e-05 0.125893 4.89595e-05 
7.94328e-05 0.158489 3.60485e-05 
7.94328e-05 0.199526 4.82966e-05 
7.94328e-05 0.251189 6.98344e-05 
7.94328e-05 0.316228 5.39962e-05 
7.94328e-05 0.398107 3.44928e-05 
7.94328e-05 0.501187 3.36414e-05 
7.94328e-05 0.630957 5.36487e-05 
7.94328e-05 0.794328 4.73908e-05 
7.94328e-05 1 4.32448e-05 
7.94328e-05 1.25893 4.02423e-05 
7.94328e-05 1.58489 3.8759e-05 
7.94328e-05 1.99526 3.42194e-05 
7.94328e-05 2.51189 3.32412e-05 
7.94328e-05 3.16228 3.79941e-05 
7.94328e-05 3.98107 3.41027e-05 
7.94328e-05 5.01187 4.22454e-05 
7.94328e-05 6.30957 5.06438e-05 
7.94328e-05 7.94328 5.22085e-05 
7.94328e-05 10 3.81886e-05 
7.94328e-05 12.5893 4.50938e-05 
7.94328e-05 15.8489 4.6845e-05 
7.94328e-05 19.9526 3.5807e-05 
7.94328e-05 25.1189 3.0053e-05 
7.94328e-05 31.6228 7.38733e-05 
7.94328e-05 39.8107 7.21726e-05 
7.94328e-05 50.1187 5.93782e-05 
7.94328e-05 63.0957 4.94535e-05 
7.94328e-05 79.4328 5.97939e-05 
0.0001 0.0001 4.16641e-05 
0.0001 0.000125893 4.54663e-05 
0.0001 0.000158489 5.14134e-05 
0.0001 0.000199526 6.07486e-05 
0.0001 0.000251189 7.56943e-05 
0.0001 0.000316228 0.000100399 
0.0001 0.000398107 0.00014222 
0.0001 0.000501187 0.000212505 
0.0001 0.000630957 0.000325348 
0.0001 0.000794328 0.000491281 
0.0001 0.001 0.000691689 
0.0001 0.00125893 0.000810246 
0.0001 0.00158489 0.000641887 
0.0001 0.00199526 0.000237552 
0.0001 0.00251189 2.65936e-05 
0.0001 0.00316228 0.000108526 
0.0001 0.00398107 0.000340305 
0.0001 0.00501187 0.000592673 
0.0001 0.00630957 0.000261753 
0.0001 0.00794328 0.000259934 
0.0001 0.01 0.000161711 
0.0001 0.0125893 0.000119988 
0.0001 0.0158489 8.52061e-05 
0.0001 0.0199526 5.72641e-05 
0.0001 0.0251189 5.12315e-05 
0.0001 0.0316228 6.54861e-05 
0.0001 0.0398107 6.65739e-05 
0.0001 0.0501187 5.57021e-05 
0.0001 0.0630957 4.63e-05 
0.0001 0.0794328 8.39411e-05 
0.0001 0.1 4.91209e-05 
0.0001 0.125893 7.76036e-05 
0.0001 0.158489 5.71326e-05 
0.0001 0.199526 7.65474e-05 
0.0001 0.251189 0.000110689 
0.0001 0.316228 8.55781e-05 
0.0001 0.398107 5.46715e-05 
0.0001 0.501187 5.33237e-05 
0.0001 0.630957 8.50262e-05 
0.0001 0.794328 7.51163e-05 
0.0001 1 6.85408e-05 
0.0001 1.25893 6.37754e-05 
0.0001 1.58489 6.14269e-05 
0.0001 1.99526 5.4236e-05 
0.0001 2.51189 5.2681e-05 
0.0001 3.16228 6.02169e-05 
0.0001 3.98107 5.40507e-05 
0.0001 5.01187 6.69578e-05 
0.0001 6.30957 8.02644e-05 
0.0001 7.94328 8.27541e-05 
0.0001 10 6.0529e-05 
0.0001 12.5893 7.147e-05 
0.0001 15.8489 7.42459e-05 
0.0001 19.9526 5.67489e-05 
0.0001 25.1189 4.76333e-05 
0.0001 31.6228 0.000117084 
0.0001 39.8107 0.000114386 
0.0001 50.1187 9.41057e-05 
0.0001 63.0957 7.83785e-05 
0.0001 79.4328 9.47659e-05 
0.000125893 0.0001 6.60249e-05 
0.000125893 0.000125893 7.20499e-05 
0.000125893 0.000158489 8.1474e-05 
0.000125893 0.000199526 9.62674e-05 
0.000125893 0.000251189 0.000119953 
0.000125893 0.000316228 0.000159105 
0.000125893 0.000398107 0.000225385 
0.000125893 0.000501187 0.000336779 
0.000125893 0.000630957 0.000515626 
0.000125893 0.000794328 0.000778621 
0.000125893 0.001 0.00109626 
0.000125893 0.00125893 0.00128417 
0.000125893 0.00158489 0.00101733 
0.000125893 0.00199526 0.000376491 
0.000125893 0.00251189 4.21563e-05 
0.000125893 0.00316228 0.000172002 
0.000125893 0.00398107 0.000539346 
0.000125893 0.00501187 0.00093936 
0.000125893 0.00630957 0.00041486 
0.000125893 0.00794328 0.000411998 
0.000125893 0.01 0.0002563 
0.000125893 0.0125893 0.000190182 
0.000125893 0.0158489 0.000135052 
0.000125893 0.0199526 9.07607e-05 
0.000125893 0.0251189 8.11952e-05 
0.000125893 0.0316228 0.000103794 
0.000125893 0.0398107 0.000105517 
0.000125893 0.0501187 8.82817e-05 
0.000125893 0.0630957 7.33832e-05 
0.000125893 0.0794328 0.00013305 
0.000125893 0.1 7.78539e-05 
0.000125893 0.125893 0.000123009 
0.000125893 0.158489 9.05483e-05 
0.000125893 0.199526 0.000121324 
0.000125893 0.251189 0.000175447 
0.000125893 0.316228 0.000135632 
0.000125893 0.398107 8.66568e-05 
0.000125893 0.501187 8.45237e-05 
0.000125893 0.630957 0.000134755 
0.000125893 0.794328 0.000119065 
0.000125893 1 0.000108635 
0.000125893 1.25893 0.000101069 
0.000125893 1.58489 9.73511e-05 
0.000125893 1.99526 8.59623e-05 
0.000125893 2.51189 8.34883e-05 
0.000125893 3.16228 9.5438e-05 
0.000125893 3.98107 8.56679e-05 
0.000125893 5.01187 0.000106127 
0.000125893 6.30957 0.00012721 
0.000125893 7.94328 0.000131175 
0.000125893 10 9.59401e-05 
0.000125893 12.5893 0.000113275 
0.000125893 15.8489 0.000117675 
0.000125893 19.9526 8.99382e-05 
0.000125893 25.1189 7.54986e-05 
0.000125893 31.6228 0.00018557 
0.000125893 39.8107 0.000181292 
0.000125893 50.1187 0.000149142 
0.000125893 63.0957 0.000124222 
0.000125893 79.4328 0.000150192 
0.000158489 0.0001 0.000104626 
0.000158489 0.000125893 0.000114173 
0.000158489 0.000158489 0.000129106 
0.000158489 0.000199526 0.000152548 
0.000158489 0.000251189 0.000190083 
0.000158489 0.000316228 0.000252131 
0.000158489 0.000398107 0.000357174 
0.000158489 0.000501187 0.000533721 
0.000158489 0.000630957 0.00081718 
0.000158489 0.000794328 0.00123402 
0.000158489 0.001 0.00173748 
0.000158489 0.00125893 0.00203532 
0.000158489 0.00158489 0.00161236 
0.000158489 0.00199526 0.000596692 
0.000158489 0.00251189 6.68298e-05 
0.000158489 0.00316228 0.000272605 
0.000158489 0.00398107 0.000854804 
0.000158489 0.00501187 0.00148886 
0.000158489 0.00630957 0.000657529 
0.000158489 0.00794328 0.000653036 
0.000158489 0.01 0.000406217 
0.000158489 0.0125893 0.000301448 
0.000158489 0.0158489 0.000214064 
0.000158489 0.0199526 0.000143853 
0.000158489 0.0251189 0.000128683 
0.000158489 0.0316228 0.000164512 
0.000158489 0.0398107 0.000167243 
0.000158489 0.0501187 0.000139917 
0.000158489 0.0630957 0.00011631 
0.000158489 0.0794328 0.000210895 
0.000158489 0.1 0.000123395 
0.000158489 0.125893 0.000194988 
0.000158489 0.158489 0.000143508 
0.000158489 0.199526 0.000192296 
0.000158489 0.251189 0.0002781 
0.000158489 0.316228 0.000214962 
0.000158489 0.398107 0.000137358 
0.000158489 0.501187 0.000133983 
0.000158489 0.630957 0.000213567 
0.000158489 0.794328 0.000188733 
0.000158489 1 0.000172184 
0.000158489 1.25893 0.000160166 
0.000158489 1.58489 0.000154283 
0.000158489 1.99526 0.000136249 
0.000158489 2.51189 0.000132309 
0.000158489 3.16228 0.00015126 
0.000158489 3.98107 0.000135781 
0.000158489 5.01187 0.000168214 
0.000158489 6.30957 0.000201612 
0.000158489 7.94328 0.000207934 
0.000158489 10 0.000152071 
0.000158489 12.5893 0.000179533 
0.000158489 15.8489 0.000186508 
0.000158489 19.9526 0.000142537 
0.000158489 25.1189 0.000119667 
0.000158489 31.6228 0.00029412 
0.000158489 39.8107 0.00028733 
0.000158489 50.1187 0.000236365 
0.000158489 63.0957 0.000196878 
0.000158489 79.4328 0.000238034 
0.000199526 0.0001 0.000165788 
0.000199526 0.000125893 0.000180914 
0.000199526 0.000158489 0.000204576 
0.000199526 0.000199526 0.000241723 
0.000199526 0.000251189 0.000301203 
0.000199526 0.000316228 0.000399534 
0.000199526 0.000398107 0.000566009 
0.000199526 0.000501187 0.000845816 
0.000199526 0.000630957 0.00129508 
0.000199526 0.000794328 0.00195576 
0.000199526 0.001 0.00275376 
0.000199526 0.00125893 0.00322585 
0.000199526 0.00158489 0.00255544 
0.000199526 0.00199526 0.000945679 
0.000199526 0.00251189 0.000105951 
0.000199526 0.00316228 0.000432048 
0.000199526 0.00398107 0.00135477 
0.000199526 0.00501187 0.00235983 
0.000199526 0.00630957 0.00104215 
0.000199526 0.00794328 0.00103512 
0.000199526 0.01 0.000643829 
0.000199526 0.0125893 0.000477822 
0.000199526 0.0158489 0.000339307 
0.000199526 0.0199526 0.000228004 
0.000199526 0.0251189 0.000203944 
0.000199526 0.0316228 0.000260755 
0.000199526 0.0398107 0.00026508 
0.000199526 0.0501187 0.000221752 
0.000199526 0.0630957 0.000184349 
0.000199526 0.0794328 0.000334295 
0.000199526 0.1 0.000195578 
0.000199526 0.125893 0.000309099 
0.000199526 0.158489 0.000227441 
0.000199526 0.199526 0.000304788 
0.000199526 0.251189 0.000440828 
0.000199526 0.316228 0.000340692 
0.000199526 0.398107 0.000217731 
0.000199526 0.501187 0.000212394 
0.000199526 0.630957 0.000338471 
0.000199526 0.794328 0.000299178 
0.000199526 1 0.000272913 
0.000199526 1.25893 0.000253812 
0.000199526 1.58489 0.000244506 
0.000199526 1.99526 0.000215956 
0.000199526 2.51189 0.000209673 
0.000199526 3.16228 0.000239734 
0.000199526 3.98107 0.000215211 
0.000199526 5.01187 0.000266627 
0.000199526 6.30957 0.000319529 
0.000199526 7.94328 0.000329627 
0.000199526 10 0.000241049 
0.000199526 12.5893 0.000284549 
0.000199526 15.8489 0.000295607 
0.000199526 19.9526 0.000225895 
0.000199526 25.1189 0.000189679 
0.000199526 31.6228 0.000466169 
0.000199526 39.8107 0.000455393 
0.000199526 50.1187 0.000374593 
0.000199526 63.0957 0.000312031 
0.000199526 79.4328 0.000377249 
0.000251189 0.0001 0.000262691 
0.000251189 0.000125893 0.000286656 
0.000251189 0.000158489 0.000324146 
0.000251189 0.000199526 0.000383005 
0.000251189 0.000251189 0.000477257 
0.000251189 0.000316228 0.000633085 
0.000251189 0.000398107 0.000896918 
0.000251189 0.000501187 0.00134038 
0.000251189 0.000630957 0.00205243 
0.000251189 0.000794328 0.00309961 
0.000251189 0.001 0.0043645 
0.000251189 0.00125893 0.0051128 
0.000251189 0.00158489 0.00405014 
0.000251189 0.00199526 0.00149877 
0.000251189 0.00251189 0.000167987 
0.000251189 0.00316228 0.000684748 
0.000251189 0.00398107 0.00214716 
0.000251189 0.00501187 0.00374036 
0.000251189 0.00630957 0.00165178 
0.000251189 0.00794328 0.0016408 
0.000251189 0.01 0.00102044 
0.000251189 0.0125893 0.000757413 
0.000251189 0.0158489 0.000537845 
0.000251189 0.0199526 0.000361389 
0.000251189 0.0251189 0.00032322 
0.000251189 0.0316228 0.00041331 
0.000251189 0.0398107 0.000420161 
0.000251189 0.0501187 0.000351452 
0.000251189 0.0630957 0.000292194 
0.000251189 0.0794328 0.00052992 
0.000251189 0.1 0.00030999 
0.000251189 0.125893 0.000490016 
0.000251189 0.158489 0.000360463 
0.000251189 0.199526 0.000483096 
0.000251189 0.251189 0.000698803 
0.000251189 0.316228 0.00053996 
0.000251189 0.398107 0.000345146 
0.000251189 0.501187 0.000336712 
0.000251189 0.630957 0.000536421 
0.000251189 0.794328 0.000474275 
0.000251189 1 0.000432576 
0.000251189 1.25893 0.000402196 
0.000251189 1.58489 0.000387484 
0.000251189 1.99526 0.000342299 
0.000251189 2.51189 0.000332266 
0.000251189 3.16228 0.000379958 
0.000251189 3.98107 0.000341112 
0.000251189 5.01187 0.000422628 
0.000251189 6.30957 0.000506411 
0.000251189 7.94328 0.000522568 
0.000251189 10 0.000382102 
0.000251189 12.5893 0.000450999 
0.000251189 15.8489 0.00046853 
0.000251189 19.9526 0.000357998 
0.000251189 25.1189 0.00030066 
0.000251189 31.6228 0.000738868 
0.000251189 39.8107 0.000721759 
0.000251189 50.1187 0.000593651 
0.000251189 63.0957 0.000494537 
0.000251189 79.4328 0.000597883 
0.000316228 0.0001 0.000416206 
0.000316228 0.000125893 0.000454171 
0.000316228 0.000158489 0.000513566 
0.000316228 0.000199526 0.000606822 
0.000316228 0.000251189 0.000756168 
0.000316228 0.000316228 0.00100311 
0.000316228 0.000398107 0.00142123 
0.000316228 0.000501187 0.00212406 
0.000316228 0.000630957 0.00325263 
0.000316228 0.000794328 0.00491244 
0.000316228 0.001 0.00691743 
0.000316228 0.00125893 0.00810357 
0.000316228 0.00158489 0.00641911 
0.000316228 0.00199526 0.00237534 
0.000316228 0.00251189 0.000266374 
0.000316228 0.00316228 0.00108525 
0.000316228 0.00398107 0.003403 
0.000316228 0.00501187 0.00592865 
0.000316228 0.00630957 0.00261806 
0.000316228 0.00794328 0.002601 
0.000316228 0.01 0.00161736 
0.000316228 0.0125893 0.00120065 
0.000316228 0.0158489 0.000852584 
0.000316228 0.0199526 0.000572816 
0.000316228 0.0251189 0.000512249 
0.000316228 0.0316228 0.000655134 
0.000316228 0.0398107 0.000665984 
0.000316228 0.0501187 0.000557012 
0.000316228 0.0630957 0.000463139 
0.000316228 0.0794328 0.000840064 
0.000316228 0.1 0.00049134 
0.000316228 0.125893 0.000776876 
0.000316228 0.158489 0.000571281 
0.000316228 0.199526 0.000765735 
0.000316228 0.251189 0.0011078 
0.000316228 0.316228 0.000855779 
0.000316228 0.398107 0.000547151 
0.000316228 0.501187 0.000533831 
0.000316228 0.630957 0.00085013 
0.000316228 0.794328 0.000751897 
0.000316228 1 0.000685665 
0.000316228 1.25893 0.000637301 
0.000316228 1.58489 0.000614058 
0.000316228 1.99526 0.000542571 
0.000316228 2.51189 0.000526518 
0.000316228 3.16228 0.000602203 
0.000316228 3.98107 0.000540677 
0.000316228 5.01187 0.000669924 
0.000316228 6.30957 0.000802591 
0.000316228 7.94328 0.000828505 
0.000316228 10 0.000605721 
0.000316228 12.5893 0.000714821 
0.000316228 15.8489 0.000742619 
0.000316228 19.9526 0.000567346 
0.000316228 25.1189 0.000476592 
0.000316228 31.6228 0.00117111 
0.000316228 39.8107 0.00114393 
0.000316228 50.1187 0.000940793 
0.000316228 63.0957 0.00078379 
0.000316228 79.4328 0.000947546 
0.000398107 0.0001 0.000659381 
0.000398107 0.000125893 0.000719518 
0.000398107 0.000158489 0.000813607 
0.000398107 0.000199526 0.00096135 
0.000398107 0.000251189 0.00119798 
0.000398107 0.000316228 0.00158928 
0.000398107 0.000398107 0.00225191 
0.000398107 0.000501187 0.00336581 
0.000398107 0.000630957 0.00515456 
0.000398107 0.000794328 0.00778548 
0.000398107 0.001 0.0109637 
0.000398107 0.00125893 0.012844 
0.000398107 0.00158489 0.0101738 
0.000398107 0.00199526 0.00376456 
0.000398107 0.00251189 0.000422437 
0.000398107 0.00316228 0.00171999 
0.000398107 0.00398107 0.00539335 
0.000398107 0.00501187 0.00939743 
0.000398107 0.00630957 0.00414966 
0.000398107 0.00794328 0.0041233 
0.000398107 0.01 0.00256348 
0.000398107 0.0125893 0.00190337 
0.000398107 0.0158489 0.00135157 
0.000398107 0.0199526 0.000907958 
0.000398107 0.0251189 0.000811821 
0.000398107 0.0316228 0.00103848 
0.000398107 0.0398107 0.00105566 
0.000398107 0.0501187 0.000882799 
0.000398107 0.0630957 0.000734108 
0.000398107 0.0794328 0.0013318 
0.000398107 0.1 0.000778799 
0.000398107 0.125893 0.00123177 
0.000398107 0.158489 0.000905393 
0.000398107 0.199526 0.00121377 
0.000398107 0.251189 0.0017563 
0.000398107 0.316228 0.00135632 
0.000398107 0.398107 0.000867438 
0.000398107 0.501187 0.000846421 
0.000398107 0.630957 0.00134728 
0.000398107 0.794328 0.00119212 
0.000398107 1 0.00108686 
0.000398107 1.25893 0.00100978 
0.000398107 1.58489 0.000973089 
0.000398107 1.99526 0.000860045 
0.000398107 2.51189 0.0008343 
0.000398107 3.16228 0.000954447 
0.000398107 3.98107 0.000857017 
0.000398107 5.01187 0.00106197 
0.000398107 6.30957 0.00127199 
0.000398107 7.94328 0.00131367 
0.000398107 10 0.000960261 
0.000398107 12.5893 0.00113299 
0.000398107 15.8489 0.00117707 
0.000398107 19.9526 0.000899097 
0.000398107 25.1189 0.000755504 
0.000398107 31.6228 0.00185624 
0.000398107 39.8107 0.00181305 
0.000398107 50.1187 0.0014909 
0.000398107 63.0957 0.00124223 
0.000398107 79.4328 0.00150169 
0.000501187 0.0001 0.00104453 
0.000501187 0.000125893 0.00113977 
0.000501187 0.000158489 0.0012888 
0.000501187 0.000199526 0.00152284 
0.000501187 0.000251189 0.00189774 
0.000501187 0.000316228 0.00251778 
0.000501187 0.000398107 0.00356787 
0.000501187 0.000501187 0.00533326 
0.000501187 0.000630957 0.00816841 
0.000501187 0.000794328 0.0123387 
0.000501187 0.001 0.017377 
0.000501187 0.00125893 0.0203576 
0.000501187 0.00158489 0.0161246 
0.000501187 0.00199526 0.00596622 
0.000501187 0.00251189 0.000670042 
0.000501187 0.00316228 0.00272598 
0.000501187 0.00398107 0.00854782 
0.000501187 0.00501187 0.0148962 
0.000501187 0.00630957 0.0065774 
0.000501187 0.00794328 0.00653698 
0.000501187 0.01 0.00406314 
0.000501187 0.0125893 0.00301756 
0.000501187 0.0158489 0.00214272 
0.000501187 0.0199526 0.00143923 
0.000501187 0.0251189 0.00128657 
0.000501187 0.0316228 0.00164621 
0.000501187 0.0398107 0.0016734 
0.000501187 0.0501187 0.00139913 
0.000501187 0.0630957 0.00116365 
0.000501187 0.0794328 0.00211155 
0.000501187 0.1 0.00123447 
0.000501187 0.125893 0.00195323 
0.000501187 0.158489 0.0014349 
0.000501187 0.199526 0.001924 
0.000501187 0.251189 0.00278465 
0.000501187 0.316228 0.00214962 
0.000501187 0.398107 0.00137532 
0.000501187 0.501187 0.0013422 
0.000501187 0.630957 0.00213514 
0.000501187 0.794328 0.00189026 
0.000501187 1 0.00172287 
0.000501187 1.25893 0.00159985 
0.000501187 1.58489 0.00154199 
0.000501187 1.99526 0.00136333 
0.000501187 2.51189 0.00132193 
0.000501187 3.16228 0.00151274 
0.000501187 3.98107 0.00135848 
0.000501187 5.01187 0.00168352 
0.000501187 6.30957 0.0020159 
0.000501187 7.94328 0.00208319 
0.000501187 10 0.00152243 
0.000501187 12.5893 0.00179581 
0.000501187 15.8489 0.00186572 
0.000501187 19.9526 0.0014248 
0.000501187 25.1189 0.0011977 
0.000501187 31.6228 0.00294227 
0.000501187 39.8107 0.00287356 
0.000501187 50.1187 0.0023626 
0.000501187 63.0957 0.0019688 
0.000501187 79.4328 0.00237988 
0.000630957 0.0001 0.00165442 
0.000630957 0.000125893 0.00180524 
0.000630957 0.000158489 0.00204125 
0.000630957 0.000199526 0.00241195 
0.000630957 0.000251189 0.00300587 
0.000630957 0.000316228 0.0039883 
0.000630957 0.000398107 0.00565236 
0.000630957 0.000501187 0.00845028 
0.000630957 0.000630957 0.012944 
0.000630957 0.000794328 0.0195547 
0.000630957 0.001 0.0275419 
0.000630957 0.00125893 0.0322674 
0.000630957 0.00158489 0.0255564 
0.000630957 0.00199526 0.0094554 
0.000630957 0.00251189 0.00106299 
0.000630957 0.00316228 0.00432035 
0.000630957 0.00398107 0.0135472 
0.000630957 0.00501187 0.0236135 
0.000630957 0.00630957 0.0104257 
0.000630957 0.00794328 0.0103644 
0.000630957 0.01 0.00644022 
0.000630957 0.0125893 0.00478437 
0.000630957 0.0158489 0.00339724 
0.000630957 0.0199526 0.00228144 
0.000630957 0.0251189 0.00203892 
0.000630957 0.0316228 0.00260973 
0.000630957 0.0398107 0.00265275 
0.000630957 0.0501187 0.00221746 
0.000630957 0.0630957 0.00184459 
0.000630957 0.0794328 0.00334815 
0.000630957 0.1 0.00195682 
0.000630957 0.125893 0.00309768 
0.000630957 0.158489 0.00227405 
0.000630957 0.199526 0.00304996 
0.000630957 0.251189 0.00441557 
0.000630957 0.316228 0.00340691 
0.000630957 0.398107 0.00218078 
0.000630957 0.501187 0.00212867 
0.000630957 0.630957 0.00338366 
0.000630957 0.794328 0.00299762 
0.000630957 1 0.00273118 
0.000630957 1.25893 0.00253451 
0.000630957 1.58489 0.00244339 
0.000630957 1.99526 0.00216124 
0.000630957 2.51189 0.00209441 
0.000630957 3.16228 0.00239761 
0.000630957 3.98107 0.00215346 
0.000630957 5.01187 0.00266902 
0.000630957 6.30957 0.00319487 
0.000630957 7.94328 0.00330393 
0.000630957 10 0.00241392 
0.000630957 12.5893 0.00284646 
0.000630957 15.8489 0.00295735 
0.000630957 19.9526 0.00225782 
0.000630957 25.1189 0.00189886 
0.000630957 31.6228 0.00466384 
0.000630957 39.8107 0.00455445 
0.000630957 50.1187 0.00374384 
0.000630957 63.0957 0.00312036 
0.000630957 79.4328 0.00377159 
0.000794328 0.0001 0.00262001 
0.000794328 0.000125893 0.00285876 
0.000794328 0.000158489 0.00323245 
0.000794328 0.000199526 0.00381952 
0.000794328 0.000251189 0.00476028 
0.000794328 0.000316228 0.00631679 
0.000794328 0.000398107 0.00895375 
0.000794328 0.000501187 0.013388 
0.000794328 0.000630957 0.0205108 
0.000794328 0.000794328 0.0309903 
0.000794328 0.001 0.0436536 
0.000794328 0.00125893 0.0511456 
0.000794328 0.00158489 0.0405053 
0.000794328 0.00199526 0.014985 
0.000794328 0.00251189 0.00168682 
0.000794328 0.00316228 0.00684721 
0.000794328 0.00398107 0.0214707 
0.000794328 0.00501187 0.037434 
0.000794328 0.00630957 0.0165262 
0.000794328 0.00794328 0.0164344 
0.000794328 0.01 0.0102082 
0.000794328 0.0125893 0.00758641 
0.000794328 0.0158489 0.00538676 
0.000794328 0.0199526 0.00361669 
0.000794328 0.0251189 0.00323117 
0.000794328 0.0316228 0.00413745 
0.000794328 0.0398107 0.00420551 
0.000794328 0.0501187 0.00351439 
0.000794328 0.0630957 0.00292415 
0.000794328 0.0794328 0.00530959 
0.000794328 0.1 0.00310198 
0.000794328 0.125893 0.00491351 
0.000794328 0.158489 0.00360392 
0.000794328 0.199526 0.00483512 
0.000794328 0.251189 0.00700259 
0.000794328 0.316228 0.00539958 
0.000794328 0.398107 0.00345839 
0.000794328 0.501187 0.00337655 
0.000794328 0.630957 0.0053621 
0.000794328 0.794328 0.00475442 
0.000794328 1 0.00432986 
0.000794328 1.25893 0.00401477 
0.000794328 1.58489 0.0038715 
0.000794328 1.99526 0.00342635 
0.000794328 2.51189 0.00331803 
0.000794328 3.16228 0.00380012 
0.000794328 3.98107 0.00341382 
0.000794328 5.01187 0.00423177 
0.000794328 6.30957 0.00506327 
0.000794328 7.94328 0.00524099 
0.000794328 10 0.00382787 
0.000794328 12.5893 0.00451191 
0.000794328 15.8489 0.00468785 
0.000794328 19.9526 0.00357773 
0.000794328 25.1189 0.00301073 
0.000794328 31.6228 0.00739297 
0.000794328 39.8107 0.00721863 
0.000794328 50.1187 0.00593233 
0.000794328 63.0957 0.00494546 
0.000794328 79.4328 0.00597703 
0.001 0.0001 0.00414829 
0.001 0.000125893 0.00452614 
0.001 0.000158489 0.00511768 
0.001 0.000199526 0.0060472 
0.001 0.000251189 0.00753714 
0.001 0.000316228 0.010003 
0.001 0.000398107 0.0141815 
0.001 0.000501187 0.0212092 
0.001 0.000630957 0.0324992 
0.001 0.000794328 0.0491128 
0.001 0.001 0.0691915 
0.001 0.00125893 0.0810709 
0.001 0.00158489 0.0641988 
0.001 0.00199526 0.0237479 
0.001 0.00251189 0.0026776 
0.001 0.00316228 0.0108519 
0.001 0.00398107 0.0340281 
0.001 0.00501187 0.0593471 
0.001 0.00630957 0.0261973 
0.001 0.00794328 0.0260625 
0.001 0.01 0.0161812 
0.001 0.0125893 0.012031 
0.001 0.0158489 0.00854244 
0.001 0.0199526 0.00573376 
0.001 0.0251189 0.00512045 
0.001 0.0316228 0.00656003 
0.001 0.0398107 0.00666763 
0.001 0.0501187 0.00556987 
0.001 0.0630957 0.00463581 
0.001 0.0794328 0.00842138 
0.001 0.1 0.00491756 
0.001 0.125893 0.00779542 
0.001 0.158489 0.0057114 
0.001 0.199526 0.00766565 
0.001 0.251189 0.0111071 
0.001 0.316228 0.00855775 
0.001 0.398107 0.00548536 
0.001 0.501187 0.00535716 
0.001 0.630957 0.00849709 
0.001 0.794328 0.00754227 
0.001 1 0.00686483 
0.001 1.25893 0.00635866 
0.001 1.58489 0.00613391 
0.001 1.99526 0.00543244 
0.001 2.51189 0.00525596 
0.001 3.16228 0.00602312 
0.001 3.98107 0.00541216 
0.001 5.01187 0.00671022 
0.001 6.30957 0.00802423 
0.001 7.94328 0.00831562 
0.001 10 0.0060709 
0.001 12.5893 0.00715206 
0.001 15.8489 0.00743128 
0.001 19.9526 0.00566896 
0.001 25.1189 0.00477418 
0.001 31.6228 0.0117196 
0.001 39.8107 0.0114414 
0.001 50.1187 0.00939959 
0.001 63.0957 0.00783808 
0.001 79.4328 0.00947187 
0.00125893 0.0001 0.00656631 
0.00125893 0.000125893 0.00716408 
0.00125893 0.000158489 0.00810017 
0.00125893 0.000199526 0.00957153 
0.00125893 0.000251189 0.0119308 
0.00125893 0.000316228 0.0158368 
0.00125893 0.000398107 0.0224576 
0.00125893 0.000501187 0.0335953 
0.00125893 0.000630957 0.0514915 
0.00125893 0.000794328 0.0778314 
0.00125893 0.001 0.109671 
0.00125893 0.00125893 0.12851 
0.00125893 0.00158489 0.101753 
0.00125893 0.00199526 0.0376346 
0.00125893 0.00251189 0.00425204 
0.00125893 0.00316228 0.0171989 
0.00125893 0.00398107 0.0539298 
0.00125893 0.00501187 0.094095 
0.00125893 0.00630957 0.04153 
0.00125893 0.00794328 0.0413379 
0.00125893 0.01 0.0256501 
0.00125893 0.0125893 0.0190827 
0.00125893 0.0158489 0.0135489 
0.00125893 0.0199526 0.00909079 
0.00125893 0.0251189 0.00811415 
0.00125893 0.0316228 0.0104022 
0.00125893 0.0398107 0.0105722 
0.00125893 0.0501187 0.00882751 
0.00125893 0.0630957 0.00734994 
0.00125893 0.0794328 0.0133595 
0.00125893 0.1 0.00779633 
0.00125893 0.125893 0.0123709 
0.00125893 0.158489 0.00905112 
0.00125893 0.199526 0.0121542 
0.00125893 0.251189 0.0176211 
0.00125893 0.316228 0.0135631 
0.00125893 0.398107 0.00870206 
0.00125893 0.501187 0.00850188 
0.00125893 0.630957 0.0134644 
0.00125893 0.794328 0.0119677 
0.00125893 1 0.010885 
0.00125893 1.25893 0.0100692 
0.00125893 1.58489 0.00971759 
0.00125893 1.99526 0.0086139 
0.00125893 2.51189 0.0083246 
0.00125893 3.16228 0.00954669 
0.00125893 3.98107 0.00858097 
0.00125893 5.01187 0.0106416 
0.00125893 6.30957 0.0127165 
0.00125893 7.94328 0.0131978 
0.00125893 10 0.00962999 
0.00125893 12.5893 0.0113376 
0.00125893 15.8489 0.0117809 
0.00125893 19.9526 0.00898201 
0.00125893 25.1189 0.00757156 
0.00125893 31.6228 0.0185795 
0.00125893 39.8107 0.0181346 
0.00125893 50.1187 0.0148923 
0.00125893 63.0957 0.0124226 
0.00125893 79.4328 0.0150097 
0.00158489 0.0001 0.0103903 
0.00158489 0.000125893 0.0113356 
0.00158489 0.000158489 0.0128163 
0.00158489 0.000199526 0.0151446 
0.00158489 0.000251189 0.0188796 
0.00158489 0.000316228 0.0250659 
0.00158489 0.000398107 0.0355558 
0.00158489 0.000501187 0.0532072 
0.00158489 0.000630957 0.0815758 
0.00158489 0.000794328 0.12334 
0.00158489 0.001 0.173838 
0.00158489 0.00125893 0.203716 
0.00158489 0.00158489 0.161276 
0.00158489 0.00199526 0.0596401 
0.00158489 0.00251189 0.00675564 
0.00158489 0.00316228 0.0272578 
0.00158489 0.00398107 0.0854705 
0.00158489 0.00501187 0.149203 
0.00158489 0.00630957 0.0658406 
0.00158489 0.00794328 0.0655791 
0.00158489 0.01 0.0406617 
0.00158489 0.0125893 0.0302735 
0.00158489 0.0158489 0.0214935 
0.00158489 0.0199526 0.0144147 
0.00158489 0.0251189 0.0128577 
0.00158489 0.0316228 0.0164969 
0.00158489 0.0398107 0.0167652 
0.00158489 0.0501187 0.0139904 
0.00158489 0.0630957 0.0116543 
0.00158489 0.0794328 0.0211984 
0.00158489 0.1 0.0123614 
0.00158489 0.125893 0.0196387 
0.00158489 0.158489 0.0143434 
0.00158489 0.199526 0.0192732 
0.00158489 0.251189 0.0279625 
0.00158489 0.316228 0.0214961 
0.00158489 0.398107 0.0138085 
0.00158489 0.501187 0.0134973 
0.00158489 0.630957 0.0213347 
0.00158489 0.794328 0.0189957 
0.00158489 1 0.0172614 
0.00158489 1.25893 0.0159413 
0.00158489 1.58489 0.0153934 
0.00158489 1.99526 0.0136603 
0.00158489 2.51189 0.0131826 
0.00158489 3.16228 0.0151319 
0.00158489 3.98107 0.0136065 
0.00158489 5.01187 0.0168791 
0.00158489 6.30957 0.0201523 
0.00158489 7.94328 0.0209538 
0.00158489 10 0.015279 
0.00158489 12.5893 0.0179735 
0.00158489 15.8489 0.0186776 
0.00158489 19.9526 0.0142302 
0.00158489 25.1189 0.0120101 
0.00158489 31.6228 0.0294568 
0.00158489 39.8107 0.0287439 
0.00158489 50.1187 0.0235927 
0.00158489 63.0957 0.0196888 
0.00158489 79.4328 0.0237845 
0.00199526 0.0001 0.0164345 
0.00199526 0.000125893 0.0179283 
0.00199526 0.000158489 0.0202694 
0.00199526 0.000199526 0.0239522 
0.00199526 0.000251189 0.0298634 
0.00199526 0.000316228 0.0396595 
0.00199526 0.000398107 0.0562782 
0.00199526 0.000501187 0.084252 
0.00199526 0.000630957 0.129223 
0.00199526 0.000794328 0.195452 
0.00199526 0.001 0.275554 
0.00199526 0.00125893 0.322952 
0.00199526 0.00158489 0.255623 
0.00199526 0.00199526 0.0945098 
0.00199526 0.00251189 0.0107401 
0.00199526 0.00316228 0.0431995 
0.00199526 0.00398107 0.135457 
0.00199526 0.00501187 0.236615 
0.00199526 0.00630957 0.10439 
0.00199526 0.00794328 0.104062 
0.00199526 0.01 0.0644625 
0.00199526 0.0125893 0.0480391 
0.00199526 0.0158489 0.034105 
0.00199526 0.0199526 0.0228595 
0.00199526 0.0251189 0.0203734 
0.00199526 0.0316228 0.0261669 
0.00199526 0.0398107 0.0265901 
0.00199526 0.0501187 0.0221729 
0.00199526 0.0630957 0.0184816 
0.00199526 0.0794328 0.0336472 
0.00199526 0.1 0.0196018 
0.00199526 0.125893 0.0311894 
0.00199526 0.158489 0.0227294 
0.00199526 0.199526 0.0305659 
0.00199526 0.251189 0.0443875 
0.00199526 0.316228 0.0340691 
0.00199526 0.398107 0.0219185 
0.00199526 0.501187 0.0214374 
0.00199526 0.630957 0.033803 
0.00199526 0.794328 0.0301623 
0.00199526 1 0.0273773 
0.00199526 1.25893 0.0252308 
0.00199526 1.58489 0.0243809 
0.00199526 1.99526 0.0216664 
0.00199526 2.51189 0.0208711 
0.00199526 3.16228 0.0239852 
0.00199526 3.98107 0.021578 
0.00199526 5.01187 0.0267781 
0.00199526 6.30957 0.0319353 
0.00199526 7.94328 0.033283 
0.00199526 10 0.0242488 
0.00199526 12.5893 0.0284956 
0.00199526 15.8489 0.0296143 
0.00199526 19.9526 0.0225426 
0.00199526 25.1189 0.0190549 
0.00199526 31.6228 0.0467064 
0.00199526 39.8107 0.0455609 
0.00199526 50.1187 0.0373717 
0.00199526 63.0957 0.0312052 
0.00199526 79.4328 0.0376872 
0.00251189 0.0001 0.0259808 
0.00251189 0.000125893 0.0283398 
0.00251189 0.000158489 0.0320386 
0.00251189 0.000199526 0.0378609 
0.00251189 0.000251189 0.0472127 
0.00251189 0.000316228 0.0627216 
0.00251189 0.000398107 0.0890471 
0.00251189 0.000501187 0.133379 
0.00251189 0.000630957 0.204674 
0.00251189 0.000794328 0.309713 
0.00251189 0.001 0.436804 
0.00251189 0.00125893 0.512011 
0.00251189 0.00158489 0.405171 
0.00251189 0.00199526 0.149761 
0.00251189 0.00251189 0.0170882 
0.00251189 0.00316228 0.0684644 
0.00251189 0.00398107 0.214674 
0.00251189 0.00501187 0.375296 
0.00251189 0.00630957 0.165527 
0.00251189 0.00794328 0.165177 
0.00251189 0.01 0.102202 
0.00251189 0.0125893 0.0762548 
0.00251189 0.0158489 0.0541331 
0.00251189 0.0199526 0.0362574 
0.00251189 0.0251189 0.0322805 
0.00251189 0.0316228 0.0415141 
0.00251189 0.0398107 0.0421804 
0.00251189 0.0501187 0.0351411 
0.00251189 0.0630957 0.0293134 
0.00251189 0.0794328 0.0534275 
0.00251189 0.1 0.0310874 
0.00251189 0.125893 0.0495601 
0.00251189 0.158489 0.0360172 
0.00251189 0.199526 0.0484838 
0.00251189 0.251189 0.0704892 
0.00251189 0.316228 0.0539961 
0.00251189 0.398107 0.0348055 
0.00251189 0.501187 0.0340672 
0.00251189 0.630957 0.053554 
0.00251189 0.794328 0.0479167 
0.00251189 1 0.04343 
0.00251189 1.25893 0.0399192 
0.00251189 1.58489 0.0386095 
0.00251189 1.99526 0.034372 
0.00251189 2.51189 0.0330347 
0.00251189 3.16228 0.0380197 
0.00251189 3.98107 0.0342252 
0.00251189 5.01187 0.0424935 
0.00251189 6.30957 0.0506061 
0.00251189 7.94328 0.0528969 
0.00251189 10 0.0384982 
0.00251189 12.5893 0.0451814 
0.00251189 15.8489 0.0469603 
0.00251189 19.9526 0.0357064 
0.00251189 25.1189 0.0302404 
0.00251189 31.6228 0.0740654 
0.00251189 39.8107 0.072219 
0.00251189 50.1187 0.0591899 
0.00251189 63.0957 0.0494581 
0.00251189 79.4328 0.0597129 
0.00316228 0.0001 0.0410445 
0.00316228 0.000125893 0.0447661 
0.00316228 0.000158489 0.0506053 
0.00316228 0.000199526 0.0598041 
0.00316228 0.000251189 0.0745921 
0.00316228 0.000316228 0.0991382 
0.00316228 0.000398107 0.140834 
0.00316228 0.000501187 0.211088 
0.00316228 0.000630957 0.324123 
0.00316228 0.000794328 0.490744 
0.00316228 0.001 0.692445 
0.00316228 0.00125893 0.811813 
0.00316228 0.00158489 0.642221 
0.00316228 0.00199526 0.237301 
0.00316228 0.00251189 0.0272153 
0.00316228 0.00316228 0.108504 
0.00316228 0.00398107 0.340213 
0.00316228 0.00501187 0.595374 
0.00316228 0.00630957 0.262501 
0.00316228 0.00794328 0.262289 
0.00316228 0.01 0.162051 
0.00316228 0.0125893 0.121092 
0.00316228 0.0158489 0.0859562 
0.00316228 0.0199526 0.0575197 
0.00316228 0.0251189 0.0511434 
0.00316228 0.0316228 0.0658806 
0.00316228 0.0398107 0.0669279 
0.00316228 0.0501187 0.055694 
0.00316228 0.0630957 0.0465029 
0.00316228 0.0794328 0.084878 
0.00316228 0.1 0.049312 
0.00316228 0.125893 0.0788043 
0.00316228 0.158489 0.0570704 
0.00316228 0.199526 0.076922 
0.00316228 0.251189 0.111998 
0.00316228 0.316228 0.0855789 
0.00316228 0.398107 0.0552974 
0.00316228 0.501187 0.0541761 
0.00316228 0.630957 0.0848368 
0.00316228 0.794328 0.0761686 
0.00316228 1 0.068912 
0.00316228 1.25893 0.0631297 
0.00316228 1.58489 0.0611288 
0.00316228 1.99526 0.0545423 
0.00316228 2.51189 0.0522696 
0.00316228 3.16228 0.0602689 
0.00316228 3.98107 0.0542967 
0.00316228 5.01187 0.0674544 
0.00316228 6.30957 0.0801893 
0.00316228 7.94328 0.0841301 
0.00316228 10 0.0611489 
0.00316228 12.5893 0.0716461 
0.00316228 15.8489 0.0744771 
0.00316228 19.9526 0.0565488 
0.00316228 25.1189 0.0480092 
0.00316228 31.6228 0.117467 
0.00316228 39.8107 0.114479 
0.00316228 50.1187 0.0937289 
0.00316228 63.0957 0.0783886 
0.00316228 79.4328 0.0946038 
0.00398107 0.0001 0.0647864 
0.00398107 0.000125893 0.0706505 
0.00398107 0.000158489 0.0798593 
0.00398107 0.000199526 0.0943805 
0.00398107 0.000251189 0.117751 
0.00398107 0.000316228 0.156586 
0.00398107 0.000398107 0.222615 
0.00398107 0.000501187 0.333944 
0.00398107 0.000630957 0.513169 
0.00398107 0.000794328 0.777537 
0.00398107 0.001 1.09776 
0.00398107 0.00125893 1.28729 
0.00398107 0.00158489 1.01799 
0.00398107 0.00199526 0.375989 
0.00398107 0.00251189 0.0433975 
0.00398107 0.00316228 0.17196 
0.00398107 0.00398107 0.539154 
0.00398107 0.00501187 0.94474 
0.00398107 0.00630957 0.416351 
0.00398107 0.00794328 0.416698 
0.00398107 0.01 0.256974 
0.00398107 0.0125893 0.19239 
0.00398107 0.0158489 0.136555 
0.00398107 0.0199526 0.0912751 
0.00398107 0.0251189 0.0810225 
0.00398107 0.0316228 0.104585 
0.00398107 0.0398107 0.106228 
0.00398107 0.0501187 0.0882683 
0.00398107 0.0630957 0.0737923 
0.00398107 0.0794328 0.134926 
0.00398107 0.1 0.078239 
0.00398107 0.125893 0.125411 
0.00398107 0.158489 0.090425 
0.00398107 0.199526 0.122074 
0.00398107 0.251189 0.178065 
0.00398107 0.316228 0.135636 
0.00398107 0.398107 0.0879106 
0.00398107 0.501187 0.0862317 
0.00398107 0.630957 0.134376 
0.00398107 0.794328 0.121172 
0.00398107 1 0.10938 
0.00398107 1.25893 0.0997777 
0.00398107 1.58489 0.096757 
0.00398107 1.99526 0.0865779 
0.00398107 2.51189 0.0826689 
0.00398107 3.16228 0.0955443 
0.00398107 3.98107 0.0861623 
0.00398107 5.01187 0.107122 
0.00398107 6.30957 0.12706 
0.00398107 7.94328 0.133926 
0.00398107 10 0.0971827 
0.00398107 12.5893 0.113629 
0.00398107 15.8489 0.118139 
0.00398107 19.9526 0.0895402 
0.00398107 25.1189 0.0762541 
0.00398107 31.6228 0.186335 
0.00398107 39.8107 0.181475 
0.00398107 50.1187 0.148388 
0.00398107 63.0957 0.124244 
0.00398107 79.4328 0.149867 
0.00501187 0.0001 0.102149 
0.00501187 0.000125893 0.111375 
0.00501187 0.000158489 0.125878 
0.00501187 0.000199526 0.148777 
0.00501187 0.000251189 0.185682 
0.00501187 0.000316228 0.247095 
0.00501187 0.000398107 0.351635 
0.00501187 0.000501187 0.528045 
0.00501187 0.000630957 0.812249 
0.00501187 0.000794328 1.23182 
0.00501187 0.001 1.74045 
0.00501187 0.00125893 2.04153 
0.00501187 0.00158489 1.61366 
0.00501187 0.00199526 0.595685 
0.00501187 0.00251189 0.0693082 
0.00501187 0.00316228 0.272523 
0.00501187 0.00398107 0.854401 
0.00501187 0.00501187 1.49957 
0.00501187 0.00630957 0.6605 
0.00501187 0.00794328 0.662414 
0.00501187 0.01 0.407556 
0.00501187 0.0125893 0.305864 
0.00501187 0.0158489 0.217075 
0.00501187 0.0199526 0.14489 
0.00501187 0.0251189 0.128346 
0.00501187 0.0316228 0.166104 
0.00501187 0.0398107 0.168671 
0.00501187 0.0501187 0.139897 
0.00501187 0.0630957 0.117137 
0.00501187 0.0794328 0.214656 
0.00501187 0.1 0.124173 
0.00501187 0.125893 0.199796 
0.00501187 0.158489 0.143264 
0.00501187 0.199526 0.193799 
0.00501187 0.251189 0.283338 
0.00501187 0.316228 0.214976 
0.00501187 0.398107 0.139873 
0.00501187 0.501187 0.137409 
0.00501187 0.630957 0.212809 
0.00501187 0.794328 0.192957 
0.00501187 1 0.173681 
0.00501187 1.25893 0.157584 
0.00501187 1.58489 0.1531 
0.00501187 1.99526 0.137489 
0.00501187 2.51189 0.130678 
0.00501187 3.16228 0.151479 
0.00501187 3.98107 0.136777 
0.00501187 5.01187 0.170209 
0.00501187 6.30957 0.201313 
0.00501187 7.94328 0.21344 
0.00501187 10 0.154565 
0.00501187 12.5893 0.180248 
0.00501187 15.8489 0.187442 
0.00501187 19.9526 0.141746 
0.00501187 25.1189 0.121188 
0.00501187 31.6228 0.295646 
0.00501187 39.8107 0.287696 
0.00501187 50.1187 0.234854 
0.00501187 63.0957 0.196928 
0.00501187 79.4328 0.237384 
0.00630957 0.0001 0.160831 
0.00630957 0.000125893 0.175317 
0.00630957 0.000158489 0.198121 
0.00630957 0.000199526 0.234182 
0.00630957 0.000251189 0.292404 
0.00630957 0.000316228 0.389463 
0.00630957 0.000398107 0.554925 
0.00630957 0.000501187 0.83444 
0.00630957 0.000630957 1.28517 
0.00630957 0.000794328 1.9513 
0.00630957 0.001 2.75961 
0.00630957 0.00125893 3.23819 
0.00630957 0.00158489 2.55799 
0.00630957 0.00199526 0.943658 
0.00630957 0.00251189 0.110901 
0.00630957 0.00316228 0.431892 
0.00630957 0.00398107 1.35391 
0.00630957 0.00501187 2.38113 
0.00630957 0.00630957 1.04807 
0.00630957 0.00794328 1.05383 
0.00630957 0.01 0.646484 
0.00630957 0.0125893 0.486664 
0.00630957 0.0158489 0.345352 
0.00630957 0.0199526 0.230101 
0.00630957 0.0251189 0.203292 
0.00630957 0.0316228 0.263961 
0.00630957 0.0398107 0.267958 
0.00630957 0.0501187 0.22173 
0.00630957 0.0630957 0.186027 
0.00630957 0.0794328 0.341845 
0.00630957 0.1 0.197156 
0.00630957 0.125893 0.318731 
0.00630957 0.158489 0.226961 
0.00630957 0.199526 0.307804 
0.00630957 0.251189 0.451317 
0.00630957 0.316228 0.340734 
0.00630957 0.398107 0.22278 
0.00630957 0.501187 0.219276 
0.00630957 0.630957 0.336954 
0.00630957 0.794328 0.307653 
0.00630957 1 0.275928 
0.00630957 1.25893 0.248644 
0.00630957 1.58489 0.24215 
0.00630957 1.99526 0.218459 
0.00630957 2.51189 0.206429 
0.00630957 3.16228 0.240186 
0.00630957 3.98107 0.217222 
0.00630957 5.01187 0.270634 
0.00630957 6.30957 0.318934 
0.00630957 7.94328 0.340652 
0.00630957 10 0.246061 
0.00630957 12.5893 0.285996 
0.00630957 15.8489 0.297489 
0.00630957 19.9526 0.224325 
0.00630957 25.1189 0.192749 
0.00630957 31.6228 0.469213 
0.00630957 39.8107 0.456121 
0.00630957 50.1187 0.371562 
0.00630957 63.0957 0.312144 
0.00630957 79.4328 0.375947 
0.00794328 0.0001 0.252763 
0.00794328 0.000125893 0.275449 
0.00794328 0.000158489 0.311228 
0.00794328 0.000199526 0.367919 
0.00794328 0.000251189 0.459657 
0.00794328 0.000316228 0.612936 
0.00794328 0.000398107 0.87472 
0.00794328 0.000501187 1.31755 
0.00794328 0.000630957 2.03247 
0.00794328 0.000794328 3.09053 
0.00794328 0.001 4.37601 
0.00794328 0.00125893 5.1373 
0.00794328 0.00158489 4.0551 
0.00794328 0.00199526 1.49471 
0.00794328 0.00251189 0.177875 
0.00794328 0.00316228 0.684456 
0.00794328 0.00398107 2.14532 
0.00794328 0.00501187 3.7827 
0.00794328 0.00630957 1.66356 
0.00794328 0.00794328 1.67814 
0.00794328 0.01 1.02569 
0.00794328 0.0125893 0.775133 
0.00794328 0.0158489 0.549996 
0.00794328 0.0199526 0.365643 
0.00794328 0.0251189 0.321969 
0.00794328 0.0316228 0.419782 
0.00794328 0.0398107 0.425972 
0.00794328 0.0501187 0.351454 
0.00794328 0.0630957 0.295611 
0.00794328 0.0794328 0.545098 
0.00794328 0.1 0.313204 
0.00794328 0.125893 0.50933 
0.00794328 0.158489 0.35952 
0.00794328 0.199526 0.489156 
0.00794328 0.251189 0.719827 
0.00794328 0.316228 0.540083 
0.00794328 0.398107 0.355299 
0.00794328 0.501187 0.350557 
0.00794328 0.630957 0.533381 
0.00794328 0.794328 0.491308 
0.00794328 1 0.438662 
0.00794328 1.25893 0.391847 
0.00794328 1.58489 0.382795 
0.00794328 1.99526 0.347367 
0.00794328 2.51189 0.325819 
0.00794328 3.16228 0.380902 
0.00794328 3.98107 0.345185 
0.00794328 5.01187 0.430687 
0.00794328 6.30957 0.505228 
0.00794328 7.94328 0.544664 
0.00794328 10 0.392194 
0.00794328 12.5893 0.453935 
0.00794328 15.8489 0.472332 
0.00794328 19.9526 0.354887 
0.00794328 25.1189 0.306873 
0.00794328 31.6228 0.744943 
0.00794328 39.8107 0.723207 
0.00794328 50.1187 0.587565 
0.00794328 63.0957 0.494795 
0.00794328 79.4328 0.59527 
0.01 0.0001 0.396303 
0.01 0.000125893 0.431717 
0.01 0.000158489 0.487695 
0.01 0.000199526 0.576622 
0.01 0.000251189 0.720942 
0.01 0.000316228 0.962765 
0.01 0.000398107 1.37673 
0.01 0.000501187 2.0782 
0.01 0.000630957 3.21235 
0.01 0.000794328 4.89382 
0.01 0.001 6.93997 
0.01 0.00125893 8.15217 
0.01 0.00158489 6.42872 
0.01 0.00199526 2.36714 
0.01 0.00251189 0.28613 
0.01 0.00316228 1.08471 
0.01 0.00398107 3.39902 
0.01 0.00501187 6.01269 
0.01 0.00630957 2.64149 
0.01 0.00794328 2.6755 
0.01 0.01 1.62774 
0.01 0.0125893 1.2362 
0.01 0.0158489 0.87706 
0.01 0.0199526 0.581481 
0.01 0.0251189 0.509883 
0.01 0.0316228 0.668241 
0.01 0.0398107 0.677753 
0.01 0.0501187 0.557131 
0.01 0.0630957 0.470133 
0.01 0.0794328 0.870632 
0.01 0.1 0.497916 
0.01 0.125893 0.815656 
0.01 0.158489 0.569442 
0.01 0.199526 0.777932 
0.01 0.251189 1.14999 
0.01 0.316228 0.856125 
0.01 0.398107 0.567612 
0.01 0.501187 0.561746 
0.01 0.630957 0.844034 
0.01 0.794328 0.786189 
0.01 1 0.697985 
0.01 1.25893 0.616557 
0.01 1.58489 0.604737 
0.01 1.99526 0.552871 
0.01 2.51189 0.513722 
0.01 3.16228 0.604194 
0.01 3.98107 0.548958 
0.01 5.01187 0.686167 
0.01 6.30957 0.80024 
0.01 7.94328 0.872835 
0.01 10 0.626091 
0.01 12.5893 0.720808 
0.01 15.8489 0.750324 
0.01 19.9526 0.561194 
0.01 25.1189 0.489212 
0.01 31.6228 1.18323 
0.01 39.8107 1.14681 
0.01 50.1187 0.928556 
0.01 63.0957 0.784394 
0.01 79.4328 0.9423 
0.0125893 0.0001 0.619432 
0.0125893 0.000125893 0.674478 
0.0125893 0.000158489 0.761748 
0.0125893 0.000199526 0.900842 
0.0125893 0.000251189 1.12742 
0.0125893 0.000316228 1.50845 
0.0125893 0.000398107 2.16263 
0.0125893 0.000501187 3.27349 
0.0125893 0.000630957 5.07303 
0.0125893 0.000794328 7.74707 
0.0125893 0.001 11.0076 
0.0125893 0.00125893 12.9402 
0.0125893 0.00158489 10.1922 
0.0125893 0.00199526 3.74799 
0.0125893 0.00251189 0.461923 
0.0125893 0.00316228 1.71904 
0.0125893 0.00398107 5.3846 
0.0125893 0.00501187 9.56401 
0.0125893 0.00630957 4.19623 
0.0125893 0.00794328 4.27197 
0.0125893 0.01 2.58393 
0.0125893 0.0125893 1.97479 
0.0125893 0.0158489 1.40099 
0.0125893 0.0199526 0.9257 
0.0125893 0.0251189 0.807433 
0.0125893 0.0316228 1.06513 
0.0125893 0.0398107 1.07959 
0.0125893 0.0501187 0.883334 
0.0125893 0.0630957 0.748513 
0.0125893 0.0794328 1.39352 
0.0125893 0.1 0.792338 
0.0125893 0.125893 1.30975 
0.0125893 0.158489 0.901831 
0.0125893 0.199526 1.23837 
0.0125893 0.251189 1.84108 
0.0125893 0.316228 1.35727 
0.0125893 0.398107 0.908776 
0.0125893 0.501187 0.902853 
0.0125893 0.630957 1.33505 
0.0125893 0.794328 1.26132 
0.0125893 1 1.1119 
0.0125893 1.25893 0.96816 
0.0125893 1.58489 0.95459 
0.0125893 1.99526 0.881076 
0.0125893 2.51189 0.808949 
0.0125893 3.16228 0.958698 
0.0125893 3.98107 0.873934 
0.0125893 5.01187 1.09479 
0.0125893 6.30957 1.26733 
0.0125893 7.94328 1.40273 
0.0125893 10 1.0015 
0.0125893 12.5893 1.14526 
0.0125893 15.8489 1.19275 
0.0125893 19.9526 0.88697 
0.0125893 25.1189 0.781254 
0.0125893 31.6228 1.88042 
0.0125893 39.8107 1.81878 
0.0125893 50.1187 1.46625 
0.0125893 63.0957 1.24366 
0.0125893 79.4328 1.49114 
0.0158489 0.0001 0.964224 
0.0158489 0.000125893 1.04931 
0.0158489 0.000158489 1.18473 
0.0158489 0.000199526 1.40149 
0.0158489 0.000251189 1.75628 
0.0158489 0.000316228 2.35565 
0.0158489 0.000398107 3.38847 
0.0158489 0.000501187 5.14703 
0.0158489 0.000630957 8.00281 
0.0158489 0.000794328 12.2589 
0.0158489 0.001 17.4619 
0.0158489 0.00125893 20.5477 
0.0158489 0.00158489 16.1595 
0.0158489 0.00199526 5.93262 
0.0158489 0.00251189 0.748987 
0.0158489 0.00316228 2.72439 
0.0158489 0.00398107 8.52832 
0.0158489 0.00501187 15.2257 
0.0158489 0.00630957 6.66989 
0.0158489 0.00794328 6.83361 
0.0158489 0.01 4.10328 
0.0158489 0.0125893 3.16132 
0.0158489 0.0158489 2.24282 
0.0158489 0.0199526 1.47579 
0.0158489 0.0251189 1.27868 
0.0158489 0.0316228 1.70064 
0.0158489 0.0398107 1.7223 
0.0158489 0.0501187 1.40097 
0.0158489 0.0630957 1.19354 
0.0158489 0.0794328 2.23653 
0.0158489 0.1 1.26255 
0.0158489 0.125893 2.11036 
0.0158489 0.158489 1.42808 
0.0158489 0.199526 1.97377 
0.0158489 0.251189 2.95531 
0.0158489 0.316228 2.1522 
0.0158489 0.398107 1.4591 
0.0158489 0.501187 1.45665 
0.0158489 0.630957 2.11057 
0.0158489 0.794328 2.0303 
0.0158489 1 1.77399 
0.0158489 1.25893 1.51624 
0.0158489 1.58489 1.50535 
0.0158489 1.99526 1.40653 
0.0158489 2.51189 1.27182 
0.0158489 3.16228 1.52194 
0.0158489 3.98107 1.39325 
0.0158489 5.01187 1.75006 
0.0158489 6.30957 2.0067 
0.0158489 7.94328 2.26241 
0.0158489 10 1.6062 
0.0158489 12.5893 1.82114 
0.0158489 15.8489 1.89781 
0.0158489 19.9526 1.401 
0.0158489 25.1189 1.25054 
0.0158489 31.6228 2.99051 
0.0158489 39.8107 2.88497 
0.0158489 50.1187 2.31283 
0.0158489 63.0957 1.97227 
0.0158489 79.4328 2.35866 
0.0199526 0.0001 1.4927 
0.0199526 0.000125893 1.62326 
0.0199526 0.000158489 1.8321 
0.0199526 0.000199526 2.1683 
0.0199526 0.000251189 2.72195 
0.0199526 0.000316228 3.66275 
0.0199526 0.000398107 5.29131 
0.0199526 0.000501187 8.07359 
0.0199526 0.000630957 12.6063 
0.0199526 0.000794328 19.3876 
0.0199526 0.001 27.7045 
0.0199526 0.00125893 32.6417 
0.0199526 0.00158489 25.6213 
0.0199526 0.00199526 9.38702 
0.0199526 0.00251189 1.22088 
0.0199526 0.00316228 4.31793 
0.0199526 0.00398107 13.5032 
0.0199526 0.00501187 24.2633 
0.0199526 0.00630957 10.6092 
0.0199526 0.00794328 10.9561 
0.0199526 0.01 6.51868 
0.0199526 0.0125893 5.07433 
0.0199526 0.0158489 3.6008 
0.0199526 0.0199526 2.3574 
0.0199526 0.0251189 2.02541 
0.0199526 0.0316228 2.72155 
0.0199526 0.0398107 2.75326 
0.0199526 0.0501187 2.22312 
0.0199526 0.0630957 1.90719 
0.0199526 0.0794328 3.6022 
0.0199526 0.1 2.01558 
0.0199526 0.125893 3.41501 
0.0199526 0.158489 2.26124 
0.0199526 0.199526 3.15098 
0.0199526 0.251189 4.75987 
0.0199526 0.316228 3.41386 
0.0199526 0.398107 2.35124 
0.0199526 0.501187 2.36171 
0.0199526 0.630957 3.33426 
0.0199526 0.794328 3.28205 
0.0199526 1 2.83619 
0.0199526 1.25893 2.36634 
0.0199526 1.58489 2.37106 
0.0199526 1.99526 2.25062 
0.0199526 2.51189 1.99574 
0.0199526 3.16228 2.41786 
0.0199526 3.98107 2.22541 
0.0199526 5.01187 2.80448 
0.0199526 6.30957 3.17681 
0.0199526 7.94328 3.66531 
0.0199526 10 2.58489 
0.0199526 12.5893 2.89913 
0.0199526 15.8489 3.02345 
0.0199526 19.9526 2.21139 
0.0199526 25.1189 2.008 
0.0199526 31.6228 4.76008 
0.0199526 39.8107 4.57721 
0.0199526 50.1187 3.64313 
0.0199526 63.0957 3.12885 
0.0199526 79.4328 3.72883 
0.0251189 0.0001 2.2936 
0.0251189 0.000125893 2.49195 
0.0251189 0.000158489 2.81145 
0.0251189 0.000199526 3.32964 
0.0251189 0.000251189 4.18983 
0.0251189 0.000316228 5.66231 
0.0251189 0.000398107 8.22572 
0.0251189 0.000501187 12.6237 
0.0251189 0.000630957 19.8188 
0.0251189 0.000794328 30.6375 
0.0251189 0.001 43.9605 
0.0251189 0.00125893 51.8799 
0.0251189 0.00158489 40.6229 
0.0251189 0.00199526 14.8452 
0.0251189 0.00251189 2.00271 
0.0251189 0.00316228 6.8443 
0.0251189 0.00398107 21.3697 
0.0251189 0.00501187 38.7103 
0.0251189 0.00630957 16.8896 
0.0251189 0.00794328 17.6145 
0.0251189 0.01 10.3608 
0.0251189 0.0125893 8.17289 
0.0251189 0.0158489 5.80278 
0.0251189 0.0199526 3.77603 
0.0251189 0.0251189 3.21008 
0.0251189 0.0316228 4.36894 
0.0251189 0.0398107 4.41369 
0.0251189 0.0501187 3.53092 
0.0251189 0.0630957 3.05665 
0.0251189 0.0794328 5.82845 
0.0251189 0.1 3.22626 
0.0251189 0.125893 5.55624 
0.0251189 0.158489 3.58054 
0.0251189 0.199526 5.04104 
0.0251189 0.251189 7.69908 
0.0251189 0.316228 5.41827 
0.0251189 0.398107 3.80687 
0.0251189 0.501187 3.8534 
0.0251189 0.630957 5.26281 
0.0251189 0.794328 5.33468 
0.0251189 1 4.5472 
0.0251189 1.25893 3.67607 
0.0251189 1.58489 3.72943 
0.0251189 1.99526 3.61293 
0.0251189 2.51189 3.12468 
0.0251189 3.16228 3.8455 
0.0251189 3.98107 3.56406 
0.0251189 5.01187 4.50891 
0.0251189 6.30957 5.0282 
0.0251189 7.94328 5.97142 
0.0251189 10 4.17874 
0.0251189 12.5893 4.62255 
0.0251189 15.8489 4.82513 
0.0251189 19.9526 3.48801 
0.0251189 25.1189 3.23812 
0.0251189 31.6228 7.58499 
0.0251189 39.8107 7.26425 
0.0251189 50.1187 5.728 
0.0251189 63.0957 4.96663 
0.0251189 79.4328 5.89086 
0.0316228 0.0001 3.48774 
0.0316228 0.000125893 3.78512 
0.0316228 0.000158489 4.26871 
0.0316228 0.000199526 5.06098 
0.0316228 0.000251189 6.38991 
0.0316228 0.000316228 8.68581 
0.0316228 0.000398107 12.7106 
0.0316228 0.000501187 19.6527 
0.0316228 0.000630957 31.0737 
0.0316228 0.000794328 48.3604 
0.0316228 0.001 69.7592 
0.0316228 0.00125893 82.5037 
0.0316228 0.00158489 64.4028 
0.0316228 0.00199526 23.4605 
0.0316228 0.00251189 3.30979 
0.0316228 0.00316228 10.851 
0.0316228 0.00398107 33.7936 
0.0316228 0.00501187 61.8392 
0.0316228 0.00630957 26.916 
0.0316228 0.00794328 28.4151 
0.0316228 0.01 16.4758 
0.0316228 0.0125893 13.2212 
0.0316228 0.0158489 9.398 
0.0316228 0.0199526 6.07198 
0.0316228 0.0251189 5.09389 
0.0316228 0.0316228 7.04366 
0.0316228 0.0398107 7.10288 
0.0316228 0.0501187 5.61669 
0.0316228 0.0630957 4.91989 
0.0316228 0.0794328 9.4873 
0.0316228 0.1 5.1838 
0.0316228 0.125893 9.1017 
0.0316228 0.158489 5.67085 
0.0316228 0.199526 8.08755 
0.0316228 0.251189 12.5207 
0.0316228 0.316228 8.60803 
0.0316228 0.398107 6.20196 
0.0316228 0.501187 6.33869 
0.0316228 0.630957 8.29766 
0.0316228 0.794328 49.4141 
0.0316228 1 7.31893 
0.0316228 1.25893 5.67571 
0.0316228 1.58489 5.85701 
0.0316228 1.99526 5.82627 
0.0316228 2.51189 4.87994 
0.0316228 3.16228 6.12698 
0.0316228 3.98107 5.72934 
0.0316228 5.01187 7.28074 
0.0316228 6.30957 7.9573 
0.0316228 7.94328 9.79617 
0.0316228 10 6.79588 
0.0316228 12.5893 7.38712 
0.0316228 15.8489 7.71935 
0.0316228 19.9526 5.49809 
0.0316228 25.1189 5.25277 
0.0316228 31.6228 12.1027 
0.0316228 39.8107 11.5337 
0.0316228 50.1187 8.98391 
0.0316228 63.0957 7.8917 
0.0316228 79.4328 9.29843 
0.0398107 0.0001 5.22578 
0.0398107 0.000125893 5.66369 
0.0398107 0.000158489 6.38552 
0.0398107 0.000199526 7.58453 
0.0398107 0.000251189 9.62303 
0.0398107 0.000316228 13.185 
0.0398107 0.000398107 19.4814 
0.0398107 0.000501187 30.4141 
0.0398107 0.000630957 48.5394 
0.0398107 0.000794328 76.212 
0.0398107 0.001 110.69 
0.0398107 0.00125893 75.3754 
0.0398107 0.00158489 87.6205 
0.0398107 0.00199526 37.0401 
0.0398107 0.00251189 5.51735 
0.0398107 0.00316228 17.209 
0.0398107 0.00398107 53.3781 
0.0398107 0.00501187 98.9187 
0.0398107 0.00630957 42.9486 
0.0398107 0.00794328 46.0234 
0.0398107 0.01 26.2144 
0.0398107 0.0125893 21.5081 
0.0398107 0.0158489 15.3222 
0.0398107 0.0199526 65.129 
0.0398107 0.0251189 8.10256 
0.0398107 0.0316228 59.5641 
0.0398107 0.0398107 49.3256 
0.0398107 0.0501187 52.1296 
0.0398107 0.0630957 7.96814 
0.0398107 0.0794328 67.6511 
0.0398107 0.1 40.243 
0.0398107 0.125893 44.6131 
0.0398107 0.158489 8.98758 
0.0398107 0.199526 45.6531 
0.0398107 0.251189 42.1783 
0.0398107 0.316228 13.6989 
0.0398107 0.398107 56.7724 
0.0398107 0.501187 10.5366 
0.0398107 0.630957 83.41 
0.0398107 0.794328 50.4754 
0.0398107 1 56.7212 
0.0398107 1.25893 8.69114 
0.0398107 1.58489 55.4171 
0.0398107 1.99526 55.3511 
0.0398107 2.51189 7.60173 
0.0398107 3.16228 9.78986 
0.0398107 3.98107 49.2245 
0.0398107 5.01187 43.8804 
0.0398107 6.30957 64.6783 
0.0398107 7.94328 16.2084 
0.0398107 10 75.448 
0.0398107 12.5893 11.8438 
0.0398107 15.8489 12.3932 
0.0398107 19.9526 8.66401 
0.0398107 25.1189 8.59126 
0.0398107 31.6228 58.0594 
0.0398107 39.8107 64.7259 
0.0398107 50.1187 14.0446 
0.0398107 63.0957 12.5606 
0.0398107 79.4328 14.6619 
0.0501187 0.0001 7.66348 
0.0501187 0.000125893 8.2934 
0.0501187 0.000158489 9.35255 
0.0501187 0.000199526 11.1456 
0.0501187 0.000251189 14.2465 
0.0501187 0.000316228 19.7369 
0.0501187 0.000398107 29.5345 
0.0501187 0.000501187 46.6881 
0.0501187 0.000630957 75.4393 
0.0501187 0.000794328 119.826 
0.0501187 0.001 96.706 
0.0501187 0.00125893 94.1237 
0.0501187 0.00158489 100.624 
0.0501187 0.00199526 58.4012 
0.0501187 0.00251189 9.28762 
0.0501187 0.00316228 27.3083 
0.0501187 0.00398107 84.1583 
0.0501187 0.00501187 158.414 
0.0501187 0.00630957 68.635 
0.0501187 0.00794328 74.8978 
0.0501187 0.01 41.7333 
0.0501187 0.0125893 119.417 
0.0501187 0.0158489 85.1887 
0.0501187 0.0199526 65.8032 
0.0501187 0.0251189 53.3151 
0.0501187 0.0316228 64.5093 
0.0501187 0.0398107 52.0356 
0.0501187 0.0501187 53.0158 
0.0501187 0.0630957 63.7886 
0.0501187 0.0794328 77.409 
0.0501187 0.1 39.5763 
0.0501187 0.125893 46.1541 
0.0501187 0.158489 126.762 
0.0501187 0.199526 44.3823 
0.0501187 0.251189 39.8382 
0.0501187 0.316228 73.0514 
0.0501187 0.398107 55.997 
0.0501187 0.501187 73.5971 
0.0501187 0.630957 87.8394 
0.0501187 0.794328 54.6504 
0.0501187 1 58.2341 
0.0501187 1.25893 13.1622 
0.0501187 1.58489 57.5573 
0.0501187 1.99526 54.6886 
0.0501187 2.51189 11.818 
0.0501187 3.16228 60.7254 
0.0501187 3.98107 49.8279 
0.0501187 5.01187 42.9734 
0.0501187 6.30957 70.588 
0.0501187 7.94328 27.0977 
0.0501187 10 79.3988 
0.0501187 12.5893 84.6839 
0.0501187 15.8489 51.8976 
0.0501187 19.9526 61.4016 
0.0501187 25.1189 63.8772 
0.0501187 31.6228 60.6303 
0.0501187 39.8107 69.8439 
0.0501187 50.1187 100.879 
0.0501187 63.0957 79.0564 
0.0501187 79.4328 70.1644 
0.0630957 0.0001 10.8903 
0.0630957 0.000125893 11.7735 
0.0630957 0.000158489 13.3022 
0.0630957 0.000199526 15.955 
0.0630957 0.000251189 20.6328 
0.0630957 0.000316228 29.0283 
0.0630957 0.000398107 44.1541 
0.0630957 0.000501187 70.9111 
0.0630957 0.000630957 116.474 
0.0630957 0.000794328 187.779 
0.0630957 0.001 123.428 
0.0630957 0.00125893 114.095 
0.0630957 0.00158489 256.01 
0.0630957 0.00199526 91.9064 
0.0630957 0.00251189 15.8029 
0.0630957 0.00316228 43.3754 
0.0630957 0.00398107 132.304 
0.0630957 0.00501187 371.22 
0.0630957 0.00630957 109.884 
0.0630957 0.00794328 122.551 
0.0630957 0.01 66.4825 
0.0630957 0.0125893 129.879 
0.0630957 0.0158489 88.1184 
0.0630957 0.0199526 69.0364 
0.0630957 0.0251189 55.0727 
0.0630957 0.0316228 71.8858 
0.0630957 0.0398107 57.8752 
0.0630957 0.0501187 56.0805 
0.0630957 0.0630957 71.0215 
0.0630957 0.0794328 90.7982 
0.0630957 0.1 40.4349 
0.0630957 0.125893 49.8352 
0.0630957 0.158489 143.041 
0.0630957 0.199526 43.9964 
0.0630957 0.251189 40.2127 
0.0630957 0.316228 78.765 
0.0630957 0.398107 57.4802 
0.0630957 0.501187 30.4093 
0.0630957 0.630957 92.712 
0.0630957 0.794328 61.6609 
0.0630957 1 62.634 
0.0630957 1.25893 119.035 
0.0630957 1.58489 61.7446 
0.0630957 1.99526 56.4953 
0.0630957 2.51189 18.3717 
0.0630957 3.16228 67.7008 
0.0630957 3.98107 52.4639 
0.0630957 5.01187 44.8848 
0.0630957 6.30957 78.6196 
0.0630957 7.94328 45.8661 
0.0630957 10 87.1584 
0.0630957 12.5893 93.4298 
0.0630957 15.8489 58.7751 
0.0630957 19.9526 69.7447 
0.0630957 25.1189 67.7548 
0.0630957 31.6228 64.5012 
0.0630957 39.8107 76.6922 
0.0630957 50.1187 114.503 
0.0630957 63.0957 89.2495 
0.0630957 79.4328 80.3379 
0.0794328 0.0001 14.8201 
0.0794328 0.000125893 16.0474 
0.0794328 0.000158489 18.2485 
0.0794328 0.000199526 22.1663 
0.0794328 0.000251189 29.1894 
0.0794328 0.000316228 41.9183 
0.0794328 0.000398107 65.0201 
0.0794328 0.000501187 106.391 
0.0794328 0.000630957 178.42 
0.0794328 0.000794328 167.439 
0.0794328 0.001 154.342 
0.0794328 0.00125893 137.052 
0.0794328 0.00158489 404.589 
0.0794328 0.00199526 144.24 
0.0794328 0.00251189 27.1938 
0.0794328 0.00316228 68.9989 
0.0794328 0.00398107 207.044 
0.0794328 0.00501187 442.91 
0.0794328 0.00630957 363.368 
0.0794328 0.00794328 201.719 
0.0794328 0.01 106.01 
0.0794328 0.0125893 146.785 
0.0794328 0.0158489 96.3458 
0.0794328 0.0199526 76.1387 
0.0794328 0.0251189 59.6786 
0.0794328 0.0316228 83.0935 
0.0794328 0.0398107 68.1081 
0.0794328 0.0501187 62.6696 
0.0794328 0.0630957 81.9409 
0.0794328 0.0794328 109.146 
0.0794328 0.1 37.6902 
0.0794328 0.125893 72.8824 
0.0794328 0.158489 162.624 
0.0794328 0.199526 56.4805 
0.0794328 0.251189 44.7583 
0.0794328 0.316228 87.6196 
0.0794328 0.398107 62.7977 
0.0794328 0.501187 53.1836 
0.0794328 0.630957 50.5687 
0.0794328 0.794328 72.9129 
0.0794328 1 70.9402 
0.0794328 1.25893 139.258 
0.0794328 1.58489 69.2254 
0.0794328 1.99526 62.1943 
0.0794328 2.51189 173.71 
0.0794328 3.16228 77.9114 
0.0794328 3.98107 58.6836 
0.0794328 5.01187 50.928 
0.0794328 6.30957 90.001 
0.0794328 7.94328 78.7498 
0.0794328 10 99.9911 
0.0794328 12.5893 104.812 
0.0794328 15.8489 68.657 
0.0794328 19.9526 81.5971 
0.0794328 25.1189 75.4193 
0.0794328 31.6228 71.1542 
0.0794328 39.8107 86.6473 
0.0794328 50.1187 131.087 
0.0794328 63.0957 102.946 
0.0794328 79.4328 94.0651 
0.1 0.0001 19.2996 
0.1 0.000125893 21.0854 
0.1 0.000158489 24.3582 
0.1 0.000199526 30.2478 
0.1 0.000251189 40.8415 
0.1 0.000316228 60.0382 
0.1 0.000398107 94.9413 
0.1 0.000501187 158.214 
0.1 0.000630957 210.493 
0.1 0.000794328 216.076 
0.1 0.001 195.652 
0.1 0.00125893 169.626 
0.1 0.00158489 637.522 
0.1 0.00199526 225.483 
0.1 0.00251189 47.3214 
0.1 0.00316228 110.008 
0.1 0.00398107 416.04 
0.1 0.00501187 515.909 
0.1 0.00630957 409.812 
0.1 0.00794328 334.045 
0.1 0.01 169.393 
0.1 0.0125893 175.206 
0.1 0.0158489 115.538 
0.1 0.0199526 93.1188 
0.1 0.0251189 56.9657 
0.1 0.0316228 104.416 
0.1 0.0398107 88.8602 
0.1 0.0501187 63.0954 
0.1 0.0630957 102.49 
0.1 0.0794328 138.566 
0.1 0.1 64.728 
0.1 0.125893 127.316 
0.1 0.158489 191.888 
0.1 0.199526 93.9749 
0.1 0.251189 164.119 
0.1 0.316228 93.3437 
0.1 0.398107 85.3378 
0.1 0.501187 95.2965 
0.1 0.630957 79.4085 
0.1 0.794328 94.8022 
0.1 1 89.145 
0.1 1.25893 168.237 
0.1 1.58489 85.9973 
0.1 1.99526 75.7435 
0.1 2.51189 205.553 
0.1 3.16228 69.6464 
0.1 3.98107 74.6886 
0.1 5.01187 91.8589 
0.1 6.30957 110.897 
0.1 7.94328 137.343 
0.1 10 92.9269 
0.1 12.5893 124.792 
0.1 15.8489 89.5175 
0.1 19.9526 103.103 
0.1 25.1189 93.0859 
0.1 31.6228 86.8285 
0.1 39.8107 105.977 
0.1 50.1187 156.323 
0.1 63.0957 126.257 
0.1 79.4328 116.968 
0.125893 0.0001 25.1453 
0.125893 0.000125893 28.0353 
0.125893 0.000158489 33.245 
0.125893 0.000199526 42.4647 
0.125893 0.000251189 58.7562 
0.125893 0.000316228 87.8244 
0.125893 0.000398107 140.334 
0.125893 0.000501187 238.606 
0.125893 0.000630957 290.133 
0.125893 0.000794328 291.384 
0.125893 0.001 263.276 
0.125893 0.00125893 227.952 
0.125893 0.00158489 999.291 
0.125893 0.00199526 350.459 
0.125893 0.00251189 83.1808 
0.125893 0.00316228 175.953 
0.125893 0.00398107 425.126 
0.125893 0.00501187 606.118 
0.125893 0.00630957 479.447 
0.125893 0.00794328 556.123 
0.125893 0.01 374.115 
0.125893 0.0125893 230.498 
0.125893 0.0158489 161.357 
0.125893 0.0199526 135.805 
0.125893 0.0251189 266.96 
0.125893 0.0316228 404.378 
0.125893 0.0398107 136.28 
0.125893 0.0501187 332.731 
0.125893 0.0630957 148.379 
0.125893 0.0794328 195.238 
0.125893 0.1 114.741 
0.125893 0.125893 226.528 
0.125893 0.158489 319.775 
0.125893 0.199526 158.697 
0.125893 0.251189 286.578 
0.125893 0.316228 277.834 
0.125893 0.398107 153.272 
0.125893 0.501187 290.687 
0.125893 0.630957 269.366 
0.125893 0.794328 143.781 
0.125893 1 133.342 
0.125893 1.25893 221.832 
0.125893 1.58489 312.669 
0.125893 1.99526 329.028 
0.125893 2.51189 74.3813 
0.125893 3.16228 275.339 
0.125893 3.98107 116.566 
0.125893 5.01187 160.758 
0.125893 6.30957 271.243 
0.125893 7.94328 243.332 
0.125893 10 428.733 
0.125893 12.5893 334.748 
0.125893 15.8489 153.471 
0.125893 19.9526 150.225 
0.125893 25.1189 136.751 
0.125893 31.6228 127.603 
0.125893 39.8107 151.044 
0.125893 50.1187 205.96 
0.125893 63.0957 175.264 
0.125893 79.4328 164.628 
0.158489 0.0001 36.4903 
0.158489 0.000125893 41.658 
0.158489 0.000158489 50.5639 
0.158489 0.000199526 65.7367 
0.158489 0.000251189 91.5759 
0.158489 0.000316228 136.17 
0.158489 0.000398107 215.152 
0.158489 0.000501187 359.04 
0.158489 0.000630957 427.601 
0.158489 0.000794328 425.135 
0.158489 0.001 389.152 
0.158489 0.00125893 343.827 
0.158489 0.00158489 1551.68 
0.158489 0.00199526 540.114 
0.158489 0.00251189 147.335 
0.158489 0.00316228 282.558 
0.158489 0.00398107 568.201 
0.158489 0.00501187 747.752 
0.158489 0.00630957 604.877 
0.158489 0.00794328 541.981 
0.158489 0.01 369.857 
0.158489 0.0125893 345.019 
0.158489 0.0158489 266.146 
0.158489 0.0199526 305.243 
0.158489 0.0251189 211.269 
0.158489 0.0316228 371.222 
0.158489 0.0398107 366.11 
0.158489 0.0501187 300.884 
0.158489 0.0630957 311.035 
0.158489 0.0794328 312.079 
0.158489 0.1 263.667 
0.158489 0.125893 308.171 
0.158489 0.158489 363.009 
0.158489 0.199526 282.681 
0.158489 0.251189 350.582 
0.158489 0.316228 255.163 
0.158489 0.398107 315.411 
0.158489 0.501187 221.782 
0.158489 0.630957 244.46 
0.158489 0.794328 403.974 
0.158489 1 322.211 
0.158489 1.25893 240.391 
0.158489 1.58489 287.385 
0.158489 1.99526 287.573 
0.158489 2.51189 128.611 
0.158489 3.16228 241.562 
0.158489 3.98107 318.809 
0.158489 5.01187 334.374 
0.158489 6.30957 272.419 
0.158489 7.94328 205.928 
0.158489 10 398.591 
0.158489 12.5893 293.635 
0.158489 15.8489 264.155 
0.158489 19.9526 255.662 
0.158489 25.1189 238.956 
0.158489 31.6228 239.498 
0.158489 39.8107 255.012 
0.158489 50.1187 331.846 
0.158489 63.0957 282.738 
0.158489 79.4328 269.52 
0.199526 0.0001 63.7479 
0.199526 0.000125893 73.2472 
0.199526 0.000158489 88.9381 
0.199526 0.000199526 114.744 
0.199526 0.000251189 156.978 
0.199526 0.000316228 226.361 
0.199526 0.000398107 344.099 
0.199526 0.000501187 554.309 
0.199526 0.000630957 677.373 
0.199526 0.000794328 671.502 
0.199526 0.001 627.037 
0.199526 0.00125893 570.432 
0.199526 0.00158489 707.501 
0.199526 0.00199526 822.192 
0.199526 0.00251189 174.511 
0.199526 0.00316228 340.55 
0.199526 0.00398107 638.171 
0.199526 0.00501187 999.048 
0.199526 0.00630957 841.986 
0.199526 0.00794328 484.504 
0.199526 0.01 381.903 
0.199526 0.0125893 574.254 
0.199526 0.0158489 485.088 
0.199526 0.0199526 285.938 
0.199526 0.0251189 200.992 
0.199526 0.0316228 352.646 
0.199526 0.0398107 348.782 
0.199526 0.0501187 287.052 
0.199526 0.0630957 296.802 
0.199526 0.0794328 544.772 
0.199526 0.1 230.887 
0.199526 0.125893 264.218 
0.199526 0.158489 388.268 
0.199526 0.199526 242.183 
0.199526 0.251189 303.255 
0.199526 0.316228 257.541 
0.199526 0.398107 283.716 
0.199526 0.501187 192.863 
0.199526 0.630957 240.23 
0.199526 0.794328 370.08 
0.199526 1 301.734 
0.199526 1.25893 361.484 
0.199526 1.58489 278.627 
0.199526 1.99526 268.678 
0.199526 2.51189 437.204 
0.199526 3.16228 240.769 
0.199526 3.98107 294.34 
0.199526 5.01187 292.719 
0.199526 6.30957 279.098 
0.199526 7.94328 167.972 
0.199526 10 381.34 
0.199526 12.5893 283.719 
0.199526 15.8489 242.053 
0.199526 19.9526 475.294 
0.199526 25.1189 313.167 
0.199526 31.6228 227.423 
0.199526 39.8107 473.969 
0.199526 50.1187 348.491 
0.199526 63.0957 369.986 
0.199526 79.4328 286.92 
0.251189 0.0001 127.663 
0.251189 0.000125893 144.082 
0.251189 0.000158489 170.458 
0.251189 0.000199526 213.291 
0.251189 0.000251189 283.11 
0.251189 0.000316228 393.808 
0.251189 0.000398107 566.987 
0.251189 0.000501187 861.573 
0.251189 0.000630957 1118.82 
0.251189 0.000794328 1108.28 
0.251189 0.001 1053.7 
0.251189 0.00125893 983.644 
0.251189 0.00158489 625.377 
0.251189 0.00199526 318.956 
0.251189 0.00251189 186.039 
0.251189 0.00316228 735.135 
0.251189 0.00398107 687.301 
0.251189 0.00501187 1442.88 
0.251189 0.00630957 1271.15 
0.251189 0.00794328 454.945 
0.251189 0.01 394.842 
0.251189 0.0125893 998.055 
0.251189 0.0158489 333.881 
0.251189 0.0199526 277.801 
0.251189 0.0251189 201.206 
0.251189 0.0316228 342.197 
0.251189 0.0398107 338.971 
0.251189 0.0501187 281.287 
0.251189 0.0630957 290.32 
0.251189 0.0794328 972.851 
0.251189 0.1 216.161 
0.251189 0.125893 242.916 
0.251189 0.158489 406.451 
0.251189 0.199526 224.049 
0.251189 0.251189 277.443 
0.251189 0.316228 262.314 
0.251189 0.398107 268.846 
0.251189 0.501187 181.226 
0.251189 0.630957 244.689 
0.251189 0.794328 348.913 
0.251189 1 290.939 
0.251189 1.25893 394.924 
0.251189 1.58489 276.727 
0.251189 1.99526 260.582 
0.251189 2.51189 474.864 
0.251189 3.16228 246.958 
0.251189 3.98107 281.304 
0.251189 5.01187 273.517 
0.251189 6.30957 287.824 
0.251189 7.94328 153.332 
0.251189 10 370.568 
0.251189 12.5893 282.281 
0.251189 15.8489 237.316 
0.251189 19.9526 302.13 
0.251189 25.1189 300.15 
0.251189 31.6228 225.215 
0.251189 39.8107 333.567 
0.251189 50.1187 363.633 
0.251189 63.0957 370.937 
0.251189 79.4328 294.751 
0.316228 0.0001 268.612 
0.316228 0.000125893 292.836 
0.316228 0.000158489 330.24 
0.316228 0.000199526 389.394 
0.316228 0.000251189 485.802 
0.316228 0.000316228 648.994 
0.316228 0.000398107 934.786 
0.316228 0.000501187 1181.6 
0.316228 0.000630957 1221.62 
0.316228 0.000794328 1827.94 
0.316228 0.001 1760.33 
0.316228 0.00125893 1673.85 
0.316228 0.00158489 565.325 
0.316228 0.00199526 1796.07 
0.316228 0.00251189 815.885 
0.316228 0.00316228 1179.01 
0.316228 0.00398107 714.073 
0.316228 0.00501187 2176.38 
0.316228 0.00630957 752.724 
0.316228 0.00794328 437.45 
0.316228 0.01 398.859 
0.316228 0.0125893 1711.25 
0.316228 0.0158489 324.638 
0.316228 0.0199526 270.051 
0.316228 0.0251189 199.545 
0.316228 0.0316228 331.319 
0.316228 0.0398107 327.986 
0.316228 0.0501187 273.599 
0.316228 0.0630957 283.254 
0.316228 0.0794328 428.696 
0.316228 0.1 1504.69 
0.316228 0.125893 230.663 
0.316228 0.158489 416.544 
0.316228 0.199526 1480.1 
0.316228 0.251189 258.4 
0.316228 0.316228 261.781 
0.316228 0.398107 258.083 
0.316228 0.501187 173.346 
0.316228 0.630957 1296.03 
0.316228 0.794328 330.414 
0.316228 1 279.097 
0.316228 1.25893 605.409 
0.316228 1.58489 270.823 
0.316228 1.99526 252.475 
0.316228 2.51189 965.175 
0.316228 3.16228 1330.86 
0.316228 3.98107 268.436 
0.316228 5.01187 259.567 
0.316228 6.30957 290.569 
0.316228 7.94328 145.609 
0.316228 10 359.599 
0.316228 12.5893 279.535 
0.316228 15.8489 234.347 
0.316228 19.9526 305.314 
0.316228 25.1189 287.751 
0.316228 31.6228 222.009 
0.316228 39.8107 328.899 
0.316228 50.1187 941.78 
0.316228 63.0957 365.065 
0.316228 79.4328 1191.35 
0.398107 0.0001 568.341 
0.398107 0.000125893 595.131 
0.398107 0.000158489 633.902 
0.398107 0.000199526 694.118 
0.398107 0.000251189 796.231 
0.398107 0.000316228 976.082 
0.398107 0.000398107 1164.54 
0.398107 0.000501187 1233.12 
0.398107 0.000630957 1211.13 
0.398107 0.000794328 1118.13 
0.398107 0.001 2830.46 
0.398107 0.00125893 2724.54 
0.398107 0.00158489 516.716 
0.398107 0.00199526 284.824 
0.398107 0.00251189 1391.05 
0.398107 0.00316228 1856.13 
0.398107 0.00398107 717.827 
0.398107 0.00501187 904.685 
0.398107 0.00630957 749.635 
0.398107 0.00794328 428.798 
0.398107 0.01 391.634 
0.398107 0.0125893 423.538 
0.398107 0.0158489 313.135 
0.398107 0.0199526 258.512 
0.398107 0.0251189 190.424 
0.398107 0.0316228 317.858 
0.398107 0.0398107 313.511 
0.398107 0.0501187 259.26 
0.398107 0.0630957 274.028 
0.398107 0.0794328 417.998 
0.398107 0.1 192.735 
0.398107 0.125893 223.128 
0.398107 0.158489 420.037 
0.398107 0.199526 192.547 
0.398107 0.251189 239.37 
0.398107 0.316228 253.614 
0.398107 0.398107 245.859 
0.398107 0.501187 161.053 
0.398107 0.630957 1995.41 
0.398107 0.794328 313.057 
0.398107 1 262.026 
0.398107 1.25893 1403.38 
0.398107 1.58489 255.886 
0.398107 1.99526 239.539 
0.398107 2.51189 443.327 
0.398107 3.16228 247.8 
0.398107 3.98107 252.126 
0.398107 5.01187 244.286 
0.398107 6.30957 283.971 
0.398107 7.94328 137.529 
0.398107 10 349.029 
0.398107 12.5893 272.428 
0.398107 15.8489 229.475 
0.398107 19.9526 302.315 
0.398107 25.1189 274.287 
0.398107 31.6228 212.445 
0.398107 39.8107 314.108 
0.398107 50.1187 367.974 
0.398107 63.0957 352.957 
0.398107 79.4328 293.052 
0.501187 0.0001 1195.9 
0.501187 0.000125893 1211.21 
0.501187 0.000158489 1231.33 
0.501187 0.000199526 1264.72 
0.501187 0.000251189 1322.74 
0.501187 0.000316228 1392.52 
0.501187 0.000398107 1425.35 
0.501187 0.000501187 1400.97 
0.501187 0.000630957 1322 
0.501187 0.000794328 1193.53 
0.501187 0.001 1022.02 
0.501187 0.00125893 4178.22 
0.501187 0.00158489 573.594 
0.501187 0.00199526 359.498 
0.501187 0.00251189 300.078 
0.501187 0.00316228 2836.24 
0.501187 0.00398107 3479.72 
0.501187 0.00501187 2396.95 
0.501187 0.00630957 853.847 
0.501187 0.00794328 533.805 
0.501187 0.01 489.796 
0.501187 0.0125893 528.332 
0.501187 0.0158489 408.753 
0.501187 0.0199526 351.007 
0.501187 0.0251189 278.952 
0.501187 0.0316228 413.141 
0.501187 0.0398107 407.161 
0.501187 0.0501187 345.668 
0.501187 0.0630957 372.625 
0.501187 0.0794328 524.797 
0.501187 0.1 279.252 
0.501187 0.125893 323.808 
0.501187 0.158489 531.106 
0.501187 0.199526 269.96 
0.501187 0.251189 325.669 
0.501187 0.316228 348.91 
0.501187 0.398107 336.994 
0.501187 0.501187 244.748 
0.501187 0.630957 3506.53 
0.501187 0.794328 409.989 
0.501187 1 350.902 
0.501187 1.25893 523.222 
0.501187 1.58489 342.312 
0.501187 1.99526 330.399 
0.501187 2.51189 544.518 
0.501187 3.16228 347.02 
0.501187 3.98107 343.104 
0.501187 5.01187 333.723 
0.501187 6.30957 379.359 
0.501187 7.94328 228.046 
0.501187 10 451.82 
0.501187 12.5893 368.155 
0.501187 15.8489 331.852 
0.501187 19.9526 405.629 
0.501187 25.1189 370.242 
0.501187 31.6228 303.625 
0.501187 39.8107 402.541 
0.501187 50.1187 465.823 
0.501187 63.0957 449.308 
0.501187 79.4328 394.299 
0.630957 0.0001 2480.23 
0.630957 0.000125893 2463.12 
0.630957 0.000158489 2434.85 
0.630957 0.000199526 2397.12 
0.630957 0.000251189 2351.38 
0.630957 0.000316228 2294.13 
0.630957 0.000398107 2218.35 
0.630957 0.000501187 2117.84 
0.630957 0.000630957 1987.31 
0.630957 0.000794328 1823.1 
0.630957 0.001 1626.29 
0.630957 0.00125893 1399.65 
0.630957 0.00158489 1151.16 
0.630957 0.00199526 933.719 
0.630957 0.00251189 879.28 
0.630957 0.00316228 1097.33 
0.630957 0.00398107 4490.38 
0.630957 0.00501187 2343.13 
0.630957 0.00630957 1515.7 
0.630957 0.00794328 1189.88 
0.630957 0.01 1154.39 
0.630957 0.0125893 1196.6 
0.630957 0.0158489 1063.24 
0.630957 0.0199526 997.751 
0.630957 0.0251189 914.148 
0.630957 0.0316228 1069.49 
0.630957 0.0398107 1062.24 
0.630957 0.0501187 983.196 
0.630957 0.0630957 1028.51 
0.630957 0.0794328 1201.18 
0.630957 0.1 911.375 
0.630957 0.125893 974.205 
0.630957 0.158489 1206.18 
0.630957 0.199526 889.309 
0.630957 0.251189 967.622 
0.630957 0.316228 1002.33 
0.630957 0.398107 981.259 
0.630957 0.501187 870.043 
0.630957 0.630957 959.031 
0.630957 0.794328 1074.13 
0.630957 1 1001.67 
0.630957 1.25893 1194.54 
0.630957 1.58489 986.686 
0.630957 1.99526 978.069 
0.630957 2.51189 1209.71 
0.630957 3.16228 1003.17 
0.630957 3.98107 996.603 
0.630957 5.01187 979.484 
0.630957 6.30957 1034.51 
0.630957 7.94328 854.973 
0.630957 10 1117.1 
0.630957 12.5893 1015.24 
0.630957 15.8489 992.469 
0.630957 19.9526 1071.11 
0.630957 25.1189 1026.35 
0.630957 31.6228 948.133 
0.630957 39.8107 1054.33 
0.630957 50.1187 1122.17 
0.630957 63.0957 1107.65 
0.630957 79.4328 1057.72 
0.794328 0.0001 4961.02 
0.794328 0.000125893 4903.02 
0.794328 0.000158489 4816.64 
0.794328 0.000199526 4703.01 
0.794328 0.000251189 4570.6 
0.794328 0.000316228 4431.28 
0.794328 0.000398107 4291.31 
0.794328 0.000501187 4146.51 
0.794328 0.000630957 3986.25 
0.794328 0.000794328 3800.71 
0.794328 0.001 3586.61 
0.794328 0.00125893 3344.74 
0.794328 0.00158489 3083.3 
0.794328 0.00199526 2855.67 
0.794328 0.00251189 2806.55 
0.794328 0.00316228 3071.97 
0.794328 0.00398107 6089.85 
0.794328 0.00501187 4911.67 
0.794328 0.00630957 3596.5 
0.794328 0.00794328 3253.82 
0.794328 0.01 3251.21 
0.794328 0.0125893 3293.9 
0.794328 0.0158489 3143.44 
0.794328 0.0199526 3068.43 
0.794328 0.0251189 2972.28 
0.794328 0.0316228 3150.48 
0.794328 0.0398107 3143.46 
0.794328 0.0501187 3043.42 
0.794328 0.0630957 3105.71 
0.794328 0.0794328 3299.6 
0.794328 0.1 2961.1 
0.794328 0.125893 3039.23 
0.794328 0.158489 3312.96 
0.794328 0.199526 2929.16 
0.794328 0.251189 3035.09 
0.794328 0.316228 3087.05 
0.794328 0.398107 3052.53 
0.794328 0.501187 2913.76 
0.794328 0.630957 3020.77 
0.794328 0.794328 3165.05 
0.794328 1 3083.73 
0.794328 1.25893 3304.48 
0.794328 1.58489 3060.52 
0.794328 1.99526 3053.51 
0.794328 2.51189 3293.37 
0.794328 3.16228 3092.79 
0.794328 3.98107 3081.61 
0.794328 5.01187 3052.54 
0.794328 6.30957 3125.29 
0.794328 7.94328 2888.59 
0.794328 10 3202.32 
0.794328 12.5893 3082.9 
0.794328 15.8489 3079.86 
0.794328 19.9526 3169.23 
0.794328 25.1189 3105.81 
0.794328 31.6228 3023.23 
0.794328 39.8107 3140.57 
0.794328 50.1187 3210.73 
0.794328 63.0957 3189.8 
0.794328 79.4328 3152.5 
