# sin^2(theta_24)   Delta_m^2_41   chi^2
1e-05 0.0001 9.34425e-10
1e-05 0.000125893 9.52237e-10
1e-05 0.000158489 9.97866e-10
1e-05 0.000199526 1.09485e-09
1e-05 0.000251189 1.28481e-09
1e-05 0.000316228 1.63945e-09
1e-05 0.000398107 2.27484e-09
1e-05 0.000501187 3.35734e-09
1e-05 0.000630957 5.07396e-09
1e-05 0.000794328 7.50698e-09
1e-05 0.001 1.02485e-08
1e-05 0.00125893 1.15851e-08
1e-05 0.00158489 8.83553e-09
1e-05 0.00199526 3.16178e-09
1e-05 0.00251189 5.99771e-10
1e-05 0.00316228 2.00879e-09
1e-05 0.00398107 1.02782e-08
1e-05 0.00501187 1.72687e-08
1e-05 0.00630957 9.96534e-09
1e-05 0.00794328 7.82572e-09
1e-05 0.01 9.62911e-09
1e-05 0.0125893 1.13833e-08
1e-05 0.0158489 8.66202e-09
1e-05 0.0199526 8.28015e-09
1e-05 0.0251189 6.07203e-09
1e-05 0.0316228 8.9719e-09
1e-05 0.0398107 9.73789e-09
1e-05 0.0501187 8.04649e-09
1e-05 0.0630957 6.6628e-09
1e-05 0.0794328 1.03186e-08
1e-05 0.1 6.77065e-09
1e-05 0.125893 7.09642e-09
1e-05 0.158489 9.32786e-09
1e-05 0.199526 5.59801e-09
1e-05 0.251189 8.93194e-09
1e-05 0.316228 7.25968e-09
1e-05 0.398107 7.57587e-09
1e-05 0.501187 7.7568e-09
1e-05 0.630957 9.68425e-09
1e-05 0.794328 1.14023e-08
1e-05 1 1.21617e-08
1e-05 1.25893 6.86176e-09
1e-05 1.58489 8.83879e-09
1e-05 1.99526 9.98039e-09
1e-05 2.51189 5.98187e-09
1e-05 3.16228 7.16097e-09
1e-05 3.98107 8.38022e-09
1e-05 5.01187 6.3088e-09
1e-05 6.30957 1.07415e-08
1e-05 7.94328 5.43475e-09
1e-05 10 8.55774e-09
1e-05 12.5893 6.19215e-09
1e-05 15.8489 5.24422e-09
1e-05 19.9526 8.19331e-09
1e-05 25.1189 7.9516e-09
1e-05 31.6228 1.08573e-08
1e-05 39.8107 1.15757e-08
1e-05 50.1187 8.72271e-09
1e-05 63.0957 8.1156e-09
1e-05 79.4328 7.85004e-09
1.25893e-05 0.0001 1.48093e-09
1.25893e-05 0.000125893 1.50916e-09
1.25893e-05 0.000158489 1.58148e-09
1.25893e-05 0.000199526 1.73518e-09
1.25893e-05 0.000251189 2.03625e-09
1.25893e-05 0.000316228 2.59832e-09
1.25893e-05 0.000398107 3.60534e-09
1.25893e-05 0.000501187 5.32099e-09
1.25893e-05 0.000630957 8.04165e-09
1.25893e-05 0.000794328 1.18977e-08
1.25893e-05 0.001 1.62428e-08
1.25893e-05 0.00125893 1.83612e-08
1.25893e-05 0.00158489 1.40034e-08
1.25893e-05 0.00199526 5.01108e-09
1.25893e-05 0.00251189 9.5059e-10
1.25893e-05 0.00316228 3.18371e-09
1.25893e-05 0.00398107 1.62898e-08
1.25893e-05 0.00501187 2.7369e-08
1.25893e-05 0.00630957 1.5794e-08
1.25893e-05 0.00794328 1.24029e-08
1.25893e-05 0.01 1.52611e-08
1.25893e-05 0.0125893 1.80412e-08
1.25893e-05 0.0158489 1.37283e-08
1.25893e-05 0.0199526 1.31231e-08
1.25893e-05 0.0251189 9.62346e-09
1.25893e-05 0.0316228 1.42194e-08
1.25893e-05 0.0398107 1.54335e-08
1.25893e-05 0.0501187 1.27528e-08
1.25893e-05 0.0630957 1.05598e-08
1.25893e-05 0.0794328 1.63539e-08
1.25893e-05 0.1 1.07307e-08
1.25893e-05 0.125893 1.1247e-08
1.25893e-05 0.158489 1.47836e-08
1.25893e-05 0.199526 8.8722e-09
1.25893e-05 0.251189 1.41561e-08
1.25893e-05 0.316228 1.15058e-08
1.25893e-05 0.398107 1.20069e-08
1.25893e-05 0.501187 1.22936e-08
1.25893e-05 0.630957 1.53484e-08
1.25893e-05 0.794328 1.80713e-08
1.25893e-05 1 1.92749e-08
1.25893e-05 1.25893 1.08751e-08
1.25893e-05 1.58489 1.40085e-08
1.25893e-05 1.99526 1.58178e-08
1.25893e-05 2.51189 9.48055e-09
1.25893e-05 3.16228 1.13493e-08
1.25893e-05 3.98107 1.32817e-08
1.25893e-05 5.01187 9.99873e-09
1.25893e-05 6.30957 1.7024e-08
1.25893e-05 7.94328 8.61346e-09
1.25893e-05 10 1.3563e-08
1.25893e-05 12.5893 9.81384e-09
1.25893e-05 15.8489 8.31147e-09
1.25893e-05 19.9526 1.29855e-08
1.25893e-05 25.1189 1.26024e-08
1.25893e-05 31.6228 1.72077e-08
1.25893e-05 39.8107 1.83461e-08
1.25893e-05 50.1187 1.38245e-08
1.25893e-05 63.0957 1.28623e-08
1.25893e-05 79.4328 1.24414e-08
1.58489e-05 0.0001 2.34704e-09
1.58489e-05 0.000125893 2.39179e-09
1.58489e-05 0.000158489 2.5064e-09
1.58489e-05 0.000199526 2.75001e-09
1.58489e-05 0.000251189 3.22718e-09
1.58489e-05 0.000316228 4.11798e-09
1.58489e-05 0.000398107 5.71401e-09
1.58489e-05 0.000501187 8.43313e-09
1.58489e-05 0.000630957 1.27451e-08
1.58489e-05 0.000794328 1.88566e-08
1.58489e-05 0.001 2.57431e-08
1.58489e-05 0.00125893 2.91006e-08
1.58489e-05 0.00158489 2.21938e-08
1.58489e-05 0.00199526 7.94203e-09
1.58489e-05 0.00251189 1.50662e-09
1.58489e-05 0.00316228 5.04581e-09
1.58489e-05 0.00398107 2.58175e-08
1.58489e-05 0.00501187 4.3377e-08
1.58489e-05 0.00630957 2.50316e-08
1.58489e-05 0.00794328 1.96573e-08
1.58489e-05 0.01 2.4187e-08
1.58489e-05 0.0125893 2.85933e-08
1.58489e-05 0.0158489 2.17578e-08
1.58489e-05 0.0199526 2.07986e-08
1.58489e-05 0.0251189 1.5252e-08
1.58489e-05 0.0316228 2.25362e-08
1.58489e-05 0.0398107 2.44602e-08
1.58489e-05 0.0501187 2.02116e-08
1.58489e-05 0.0630957 1.6736e-08
1.58489e-05 0.0794328 2.59191e-08
1.58489e-05 0.1 1.70069e-08
1.58489e-05 0.125893 1.78253e-08
1.58489e-05 0.158489 2.34303e-08
1.58489e-05 0.199526 1.40614e-08
1.58489e-05 0.251189 2.24358e-08
1.58489e-05 0.316228 1.82353e-08
1.58489e-05 0.398107 1.90295e-08
1.58489e-05 0.501187 1.9484e-08
1.58489e-05 0.630957 2.43255e-08
1.58489e-05 0.794328 2.86409e-08
1.58489e-05 1 3.05485e-08
1.58489e-05 1.25893 1.72357e-08
1.58489e-05 1.58489 2.22018e-08
1.58489e-05 1.99526 2.50694e-08
1.58489e-05 2.51189 1.50255e-08
1.58489e-05 3.16228 1.79873e-08
1.58489e-05 3.98107 2.10499e-08
1.58489e-05 5.01187 1.58468e-08
1.58489e-05 6.30957 2.69811e-08
1.58489e-05 7.94328 1.36513e-08
1.58489e-05 10 2.14959e-08
1.58489e-05 12.5893 1.55538e-08
1.58489e-05 15.8489 1.31727e-08
1.58489e-05 19.9526 2.05804e-08
1.58489e-05 25.1189 1.99733e-08
1.58489e-05 31.6228 2.72722e-08
1.58489e-05 39.8107 2.90765e-08
1.58489e-05 50.1187 2.19102e-08
1.58489e-05 63.0957 2.03852e-08
1.58489e-05 79.4328 1.97182e-08
1.99526e-05 0.0001 3.71968e-09
1.99526e-05 0.000125893 3.79059e-09
1.99526e-05 0.000158489 3.97224e-09
1.99526e-05 0.000199526 4.35834e-09
1.99526e-05 0.000251189 5.1146e-09
1.99526e-05 0.000316228 6.52643e-09
1.99526e-05 0.000398107 9.05596e-09
1.99526e-05 0.000501187 1.33655e-08
1.99526e-05 0.000630957 2.01995e-08
1.99526e-05 0.000794328 2.98856e-08
1.99526e-05 0.001 4.08e-08
1.99526e-05 0.00125893 4.61213e-08
1.99526e-05 0.00158489 3.51748e-08
1.99526e-05 0.00199526 1.25873e-08
1.99526e-05 0.00251189 2.38789e-09
1.99526e-05 0.00316228 7.99701e-09
1.99526e-05 0.00398107 4.09178e-08
1.99526e-05 0.00501187 6.87478e-08
1.99526e-05 0.00630957 3.96722e-08
1.99526e-05 0.00794328 3.11546e-08
1.99526e-05 0.01 3.83336e-08
1.99526e-05 0.0125893 4.53172e-08
1.99526e-05 0.0158489 3.44837e-08
1.99526e-05 0.0199526 3.29633e-08
1.99526e-05 0.0251189 2.41726e-08
1.99526e-05 0.0316228 3.57172e-08
1.99526e-05 0.0398107 3.87666e-08
1.99526e-05 0.0501187 3.2033e-08
1.99526e-05 0.0630957 2.65245e-08
1.99526e-05 0.0794328 4.10787e-08
1.99526e-05 0.1 2.69538e-08
1.99526e-05 0.125893 2.8251e-08
1.99526e-05 0.158489 3.71342e-08
1.99526e-05 0.199526 2.22856e-08
1.99526e-05 0.251189 3.55582e-08
1.99526e-05 0.316228 2.89007e-08
1.99526e-05 0.398107 3.01595e-08
1.99526e-05 0.501187 3.08799e-08
1.99526e-05 0.630957 3.8553e-08
1.99526e-05 0.794328 4.53926e-08
1.99526e-05 1 4.84158e-08
1.99526e-05 1.25893 2.73164e-08
1.99526e-05 1.58489 3.51871e-08
1.99526e-05 1.99526 3.9732e-08
1.99526e-05 2.51189 2.38136e-08
1.99526e-05 3.16228 2.85077e-08
1.99526e-05 3.98107 3.33616e-08
1.99526e-05 5.01187 2.51153e-08
1.99526e-05 6.30957 4.27619e-08
1.99526e-05 7.94328 2.16358e-08
1.99526e-05 10 3.40684e-08
1.99526e-05 12.5893 2.46508e-08
1.99526e-05 15.8489 2.08771e-08
1.99526e-05 19.9526 3.26175e-08
1.99526e-05 25.1189 3.16553e-08
1.99526e-05 31.6228 4.32232e-08
1.99526e-05 39.8107 4.60829e-08
1.99526e-05 50.1187 3.4725e-08
1.99526e-05 63.0957 3.23081e-08
1.99526e-05 79.4328 3.12509e-08
2.51189e-05 0.0001 5.89501e-09
2.51189e-05 0.000125893 6.00741e-09
2.51189e-05 0.000158489 6.29531e-09
2.51189e-05 0.000199526 6.90724e-09
2.51189e-05 0.000251189 8.10583e-09
2.51189e-05 0.000316228 1.03434e-08
2.51189e-05 0.000398107 1.43525e-08
2.51189e-05 0.000501187 2.11826e-08
2.51189e-05 0.000630957 3.20138e-08
2.51189e-05 0.000794328 4.73654e-08
2.51189e-05 0.001 6.46637e-08
2.51189e-05 0.00125893 7.30975e-08
2.51189e-05 0.00158489 5.57483e-08
2.51189e-05 0.00199526 1.99494e-08
2.51189e-05 0.00251189 3.78469e-09
2.51189e-05 0.00316228 1.26743e-08
2.51189e-05 0.00398107 6.48498e-08
2.51189e-05 0.00501187 1.08958e-07
2.51189e-05 0.00630957 6.28759e-08
2.51189e-05 0.00794328 4.93766e-08
2.51189e-05 0.01 6.07542e-08
2.51189e-05 0.0125893 7.18225e-08
2.51189e-05 0.0158489 5.46525e-08
2.51189e-05 0.0199526 5.22428e-08
2.51189e-05 0.0251189 3.83106e-08
2.51189e-05 0.0316228 5.66074e-08
2.51189e-05 0.0398107 6.14404e-08
2.51189e-05 0.0501187 5.07684e-08
2.51189e-05 0.0630957 4.20381e-08
2.51189e-05 0.0794328 6.5105e-08
2.51189e-05 0.1 4.27185e-08
2.51189e-05 0.125893 4.47745e-08
2.51189e-05 0.158489 5.88531e-08
2.51189e-05 0.199526 3.53199e-08
2.51189e-05 0.251189 5.63555e-08
2.51189e-05 0.316228 4.5804e-08
2.51189e-05 0.398107 4.77992e-08
2.51189e-05 0.501187 4.89409e-08
2.51189e-05 0.630957 6.11017e-08
2.51189e-05 0.794328 7.19419e-08
2.51189e-05 1 7.67333e-08
2.51189e-05 1.25893 4.32931e-08
2.51189e-05 1.58489 5.57673e-08
2.51189e-05 1.99526 6.29704e-08
2.51189e-05 2.51189 3.77414e-08
2.51189e-05 3.16228 4.51812e-08
2.51189e-05 3.98107 5.2874e-08
2.51189e-05 5.01187 3.98046e-08
2.51189e-05 6.30957 6.77724e-08
2.51189e-05 7.94328 3.42902e-08
2.51189e-05 10 5.39943e-08
2.51189e-05 12.5893 3.90685e-08
2.51189e-05 15.8489 3.30876e-08
2.51189e-05 19.9526 5.16947e-08
2.51189e-05 25.1189 5.01698e-08
2.51189e-05 31.6228 6.85036e-08
2.51189e-05 39.8107 7.30359e-08
2.51189e-05 50.1187 5.50349e-08
2.51189e-05 63.0957 5.12044e-08
2.51189e-05 79.4328 4.95289e-08
3.16228e-05 0.0001 9.34241e-09
3.16228e-05 0.000125893 9.52056e-09
3.16228e-05 0.000158489 9.97686e-09
3.16228e-05 0.000199526 1.09467e-08
3.16228e-05 0.000251189 1.28463e-08
3.16228e-05 0.000316228 1.63927e-08
3.16228e-05 0.000398107 2.27466e-08
3.16228e-05 0.000501187 3.35716e-08
3.16228e-05 0.000630957 5.0738e-08
3.16228e-05 0.000794328 7.50687e-08
3.16228e-05 0.001 1.02485e-07
3.16228e-05 0.00125893 1.15852e-07
3.16228e-05 0.00158489 8.83549e-08
3.16228e-05 0.00199526 3.16176e-08
3.16228e-05 0.00251189 5.9986e-09
3.16228e-05 0.00316228 2.00872e-08
3.16228e-05 0.00398107 1.02779e-07
3.16228e-05 0.00501187 1.72686e-07
3.16228e-05 0.00630957 9.96507e-08
3.16228e-05 0.00794328 7.82565e-08
3.16228e-05 0.01 9.6288e-08
3.16228e-05 0.0125893 1.1383e-07
3.16228e-05 0.0158489 8.66176e-08
3.16228e-05 0.0199526 8.27984e-08
3.16228e-05 0.0251189 6.07172e-08
3.16228e-05 0.0316228 8.97157e-08
3.16228e-05 0.0398107 9.73755e-08
3.16228e-05 0.0501187 8.04614e-08
3.16228e-05 0.0630957 6.66249e-08
3.16228e-05 0.0794328 1.03184e-07
3.16228e-05 0.1 6.77033e-08
3.16228e-05 0.125893 7.09621e-08
3.16228e-05 0.158489 9.32748e-08
3.16228e-05 0.199526 5.59774e-08
3.16228e-05 0.251189 8.93166e-08
3.16228e-05 0.316228 7.25934e-08
3.16228e-05 0.398107 7.57557e-08
3.16228e-05 0.501187 7.75652e-08
3.16228e-05 0.630957 9.68385e-08
3.16228e-05 0.794328 1.14019e-07
3.16228e-05 1 1.21613e-07
3.16228e-05 1.25893 6.86137e-08
3.16228e-05 1.58489 8.8384e-08
3.16228e-05 1.99526 9.98004e-08
3.16228e-05 2.51189 5.9815e-08
3.16228e-05 3.16228 7.16063e-08
3.16228e-05 3.98107 8.37986e-08
3.16228e-05 5.01187 6.30852e-08
3.16228e-05 6.30957 1.07411e-07
3.16228e-05 7.94328 5.43457e-08
3.16228e-05 10 8.55742e-08
3.16228e-05 12.5893 6.19185e-08
3.16228e-05 15.8489 5.24394e-08
3.16228e-05 19.9526 8.19294e-08
3.16228e-05 25.1189 7.95129e-08
3.16228e-05 31.6228 1.0857e-07
3.16228e-05 39.8107 1.15753e-07
3.16228e-05 50.1187 8.72233e-08
3.16228e-05 63.0957 8.11526e-08
3.16228e-05 79.4328 7.84969e-08
3.98107e-05 0.0001 1.48056e-08
3.98107e-05 0.000125893 1.5088e-08
3.98107e-05 0.000158489 1.58112e-08
3.98107e-05 0.000199526 1.73483e-08
3.98107e-05 0.000251189 2.0359e-08
3.98107e-05 0.000316228 2.59796e-08
3.98107e-05 0.000398107 3.60498e-08
3.98107e-05 0.000501187 5.32064e-08
3.98107e-05 0.000630957 8.04133e-08
3.98107e-05 0.000794328 1.18975e-07
3.98107e-05 0.001 1.62428e-07
3.98107e-05 0.00125893 1.83613e-07
3.98107e-05 0.00158489 1.40033e-07
3.98107e-05 0.00199526 5.01105e-08
3.98107e-05 0.00251189 9.50767e-09
3.98107e-05 0.00316228 3.18356e-08
3.98107e-05 0.00398107 1.62892e-07
3.98107e-05 0.00501187 2.73688e-07
3.98107e-05 0.00630957 1.57934e-07
3.98107e-05 0.00794328 1.24028e-07
3.98107e-05 0.01 1.52604e-07
3.98107e-05 0.0125893 1.80407e-07
3.98107e-05 0.0158489 1.37278e-07
3.98107e-05 0.0199526 1.31225e-07
3.98107e-05 0.0251189 9.62285e-08
3.98107e-05 0.0316228 1.42188e-07
3.98107e-05 0.0398107 1.54328e-07
3.98107e-05 0.0501187 1.27521e-07
3.98107e-05 0.0630957 1.05592e-07
3.98107e-05 0.0794328 1.63533e-07
3.98107e-05 0.1 1.07301e-07
3.98107e-05 0.125893 1.12466e-07
3.98107e-05 0.158489 1.47828e-07
3.98107e-05 0.199526 8.87165e-08
3.98107e-05 0.251189 1.41556e-07
3.98107e-05 0.316228 1.15051e-07
3.98107e-05 0.398107 1.20063e-07
3.98107e-05 0.501187 1.22931e-07
3.98107e-05 0.630957 1.53476e-07
3.98107e-05 0.794328 1.80706e-07
3.98107e-05 1 1.92741e-07
3.98107e-05 1.25893 1.08743e-07
3.98107e-05 1.58489 1.40077e-07
3.98107e-05 1.99526 1.58171e-07
3.98107e-05 2.51189 9.47983e-08
3.98107e-05 3.16228 1.13486e-07
3.98107e-05 3.98107 1.3281e-07
3.98107e-05 5.01187 9.99816e-08
3.98107e-05 6.30957 1.70232e-07
3.98107e-05 7.94328 8.61311e-08
3.98107e-05 10 1.35624e-07
3.98107e-05 12.5893 9.81323e-08
3.98107e-05 15.8489 8.31093e-08
3.98107e-05 19.9526 1.29847e-07
3.98107e-05 25.1189 1.26018e-07
3.98107e-05 31.6228 1.72069e-07
3.98107e-05 39.8107 1.83453e-07
3.98107e-05 50.1187 1.38237e-07
3.98107e-05 63.0957 1.28616e-07
3.98107e-05 79.4328 1.24407e-07
5.01187e-05 0.0001 2.34631e-08
5.01187e-05 0.000125893 2.39107e-08
5.01187e-05 0.000158489 2.50569e-08
5.01187e-05 0.000199526 2.7493e-08
5.01187e-05 0.000251189 3.22647e-08
5.01187e-05 0.000316228 4.11727e-08
5.01187e-05 0.000398107 5.71329e-08
5.01187e-05 0.000501187 8.43243e-08
5.01187e-05 0.000630957 1.27445e-07
5.01187e-05 0.000794328 1.88562e-07
5.01187e-05 0.001 2.5743e-07
5.01187e-05 0.00125893 2.91008e-07
5.01187e-05 0.00158489 2.21937e-07
5.01187e-05 0.00199526 7.94195e-08
5.01187e-05 0.00251189 1.50697e-08
5.01187e-05 0.00316228 5.0455e-08
5.01187e-05 0.00398107 2.58163e-07
5.01187e-05 0.00501187 4.33765e-07
5.01187e-05 0.00630957 2.50306e-07
5.01187e-05 0.00794328 1.9657e-07
5.01187e-05 0.01 2.41858e-07
5.01187e-05 0.0125893 2.85923e-07
5.01187e-05 0.0158489 2.17568e-07
5.01187e-05 0.0199526 2.07974e-07
5.01187e-05 0.0251189 1.52508e-07
5.01187e-05 0.0316228 2.25349e-07
5.01187e-05 0.0398107 2.44589e-07
5.01187e-05 0.0501187 2.02103e-07
5.01187e-05 0.0630957 1.67348e-07
5.01187e-05 0.0794328 2.59179e-07
5.01187e-05 0.1 1.70056e-07
5.01187e-05 0.125893 1.78244e-07
5.01187e-05 0.158489 2.34287e-07
5.01187e-05 0.199526 1.40603e-07
5.01187e-05 0.251189 2.24347e-07
5.01187e-05 0.316228 1.82339e-07
5.01187e-05 0.398107 1.90283e-07
5.01187e-05 0.501187 1.94829e-07
5.01187e-05 0.630957 2.43238e-07
5.01187e-05 0.794328 2.86396e-07
5.01187e-05 1 3.05469e-07
5.01187e-05 1.25893 1.72341e-07
5.01187e-05 1.58489 2.22002e-07
5.01187e-05 1.99526 2.5068e-07
5.01187e-05 2.51189 1.50241e-07
5.01187e-05 3.16228 1.7986e-07
5.01187e-05 3.98107 2.10485e-07
5.01187e-05 5.01187 1.58457e-07
5.01187e-05 6.30957 2.69795e-07
5.01187e-05 7.94328 1.36507e-07
5.01187e-05 10 2.14946e-07
5.01187e-05 12.5893 1.55526e-07
5.01187e-05 15.8489 1.31716e-07
5.01187e-05 19.9526 2.0579e-07
5.01187e-05 25.1189 1.99721e-07
5.01187e-05 31.6228 2.72707e-07
5.01187e-05 39.8107 2.90749e-07
5.01187e-05 50.1187 2.19087e-07
5.01187e-05 63.0957 2.03839e-07
5.01187e-05 79.4328 1.97168e-07
6.30957e-05 0.0001 3.71822e-08
6.30957e-05 0.000125893 3.78915e-08
6.30957e-05 0.000158489 3.97082e-08
6.30957e-05 0.000199526 4.35693e-08
6.30957e-05 0.000251189 5.11319e-08
6.30957e-05 0.000316228 6.52501e-08
6.30957e-05 0.000398107 9.05453e-08
6.30957e-05 0.000501187 1.33641e-07
6.30957e-05 0.000630957 2.01982e-07
6.30957e-05 0.000794328 2.98847e-07
6.30957e-05 0.001 4.07999e-07
6.30957e-05 0.00125893 4.61217e-07
6.30957e-05 0.00158489 3.51746e-07
6.30957e-05 0.00199526 1.25871e-07
6.30957e-05 0.00251189 2.3886e-08
6.30957e-05 0.00316228 7.9964e-08
6.30957e-05 0.00398107 4.09154e-07
6.30957e-05 0.00501187 6.87469e-07
6.30957e-05 0.00630957 3.96701e-07
6.30957e-05 0.00794328 3.11541e-07
6.30957e-05 0.01 3.83311e-07
6.30957e-05 0.0125893 4.53152e-07
6.30957e-05 0.0158489 3.44816e-07
6.30957e-05 0.0199526 3.29609e-07
6.30957e-05 0.0251189 2.41702e-07
6.30957e-05 0.0316228 3.57146e-07
6.30957e-05 0.0398107 3.87639e-07
6.30957e-05 0.0501187 3.20303e-07
6.30957e-05 0.0630957 2.65221e-07
6.30957e-05 0.0794328 4.10764e-07
6.30957e-05 0.1 2.69513e-07
6.30957e-05 0.125893 2.82493e-07
6.30957e-05 0.158489 3.71311e-07
6.30957e-05 0.199526 2.22834e-07
6.30957e-05 0.251189 3.5556e-07
6.30957e-05 0.316228 2.8898e-07
6.30957e-05 0.398107 3.01571e-07
6.30957e-05 0.501187 3.08777e-07
6.30957e-05 0.630957 3.85497e-07
6.30957e-05 0.794328 4.539e-07
6.30957e-05 1 4.84127e-07
6.30957e-05 1.25893 2.73133e-07
6.30957e-05 1.58489 3.5184e-07
6.30957e-05 1.99526 3.97292e-07
6.30957e-05 2.51189 2.38107e-07
6.30957e-05 3.16228 2.8505e-07
6.30957e-05 3.98107 3.33588e-07
6.30957e-05 5.01187 2.5113e-07
6.30957e-05 6.30957 4.27587e-07
6.30957e-05 7.94328 2.16344e-07
6.30957e-05 10 3.40658e-07
6.30957e-05 12.5893 2.46484e-07
6.30957e-05 15.8489 2.08749e-07
6.30957e-05 19.9526 3.26146e-07
6.30957e-05 25.1189 3.16528e-07
6.30957e-05 31.6228 4.32203e-07
6.30957e-05 39.8107 4.60797e-07
6.30957e-05 50.1187 3.4722e-07
6.30957e-05 63.0957 3.23054e-07
6.30957e-05 79.4328 3.12481e-07
7.94328e-05 0.0001 5.8921e-08
7.94328e-05 0.000125893 6.00453e-08
7.94328e-05 0.000158489 6.29246e-08
7.94328e-05 0.000199526 6.90441e-08
7.94328e-05 0.000251189 8.10301e-08
7.94328e-05 0.000316228 1.03406e-07
7.94328e-05 0.000398107 1.43496e-07
7.94328e-05 0.000501187 2.11798e-07
7.94328e-05 0.000630957 3.20113e-07
7.94328e-05 0.000794328 4.73636e-07
7.94328e-05 0.001 6.46634e-07
7.94328e-05 0.00125893 7.30982e-07
7.94328e-05 0.00158489 5.57478e-07
7.94328e-05 0.00199526 1.99491e-07
7.94328e-05 0.00251189 3.78609e-08
7.94328e-05 0.00316228 1.26731e-07
7.94328e-05 0.00398107 6.48452e-07
7.94328e-05 0.00501187 1.08956e-06
7.94328e-05 0.00630957 6.28716e-07
7.94328e-05 0.00794328 4.93755e-07
7.94328e-05 0.01 6.07493e-07
7.94328e-05 0.0125893 7.18186e-07
7.94328e-05 0.0158489 5.46483e-07
7.94328e-05 0.0199526 5.2238e-07
7.94328e-05 0.0251189 3.83057e-07
7.94328e-05 0.0316228 5.66023e-07
7.94328e-05 0.0398107 6.14349e-07
7.94328e-05 0.0501187 5.07629e-07
7.94328e-05 0.0630957 4.20332e-07
7.94328e-05 0.0794328 6.51004e-07
7.94328e-05 0.1 4.27134e-07
7.94328e-05 0.125893 4.47711e-07
7.94328e-05 0.158489 5.88471e-07
7.94328e-05 0.199526 3.53155e-07
7.94328e-05 0.251189 5.63511e-07
7.94328e-05 0.316228 4.57986e-07
7.94328e-05 0.398107 4.77943e-07
7.94328e-05 0.501187 4.89366e-07
7.94328e-05 0.630957 6.10952e-07
7.94328e-05 0.794328 7.19367e-07
7.94328e-05 1 7.67272e-07
7.94328e-05 1.25893 4.32869e-07
7.94328e-05 1.58489 5.5761e-07
7.94328e-05 1.99526 6.29649e-07
7.94328e-05 2.51189 3.77356e-07
7.94328e-05 3.16228 4.51758e-07
7.94328e-05 3.98107 5.28684e-07
7.94328e-05 5.01187 3.98001e-07
7.94328e-05 6.30957 6.7766e-07
7.94328e-05 7.94328 3.42874e-07
7.94328e-05 10 5.39892e-07
7.94328e-05 12.5893 3.90637e-07
7.94328e-05 15.8489 3.30832e-07
7.94328e-05 19.9526 5.16888e-07
7.94328e-05 25.1189 5.01649e-07
7.94328e-05 31.6228 6.84979e-07
7.94328e-05 39.8107 7.30295e-07
7.94328e-05 50.1187 5.50289e-07
7.94328e-05 63.0957 5.1199e-07
7.94328e-05 79.4328 4.95233e-07
0.0001 0.0001 9.33661e-08
0.0001 0.000125893 9.51482e-08
0.0001 0.000158489 9.97117e-08
0.0001 0.000199526 1.09411e-07
0.0001 0.000251189 1.28407e-07
0.0001 0.000316228 1.63871e-07
0.0001 0.000398107 2.27409e-07
0.0001 0.000501187 3.35661e-07
0.0001 0.000630957 5.07329e-07
0.0001 0.000794328 7.50652e-07
0.0001 0.001 1.02484e-06
0.0001 0.00125893 1.15853e-06
0.0001 0.00158489 8.8354e-07
0.0001 0.00199526 3.1617e-07
0.0001 0.00251189 6.0014e-08
0.0001 0.00316228 2.00848e-07
0.0001 0.00398107 1.0277e-06
0.0001 0.00501187 1.72683e-06
0.0001 0.00630957 9.96422e-07
0.0001 0.00794328 7.82543e-07
0.0001 0.01 9.62781e-07
0.0001 0.0125893 1.13823e-06
0.0001 0.0158489 8.66093e-07
0.0001 0.0199526 8.27887e-07
0.0001 0.0251189 6.07075e-07
0.0001 0.0316228 8.97055e-07
0.0001 0.0398107 9.73645e-07
0.0001 0.0501187 8.04505e-07
0.0001 0.0630957 6.66151e-07
0.0001 0.0794328 1.03174e-06
0.0001 0.1 6.76931e-07
0.0001 0.125893 7.09553e-07
0.0001 0.158489 9.32627e-07
0.0001 0.199526 5.59686e-07
0.0001 0.251189 8.93078e-07
0.0001 0.316228 7.25827e-07
0.0001 0.398107 7.5746e-07
0.0001 0.501187 7.75567e-07
0.0001 0.630957 9.68255e-07
0.0001 0.794328 1.14009e-06
0.0001 1 1.21601e-06
0.0001 1.25893 6.86014e-07
0.0001 1.58489 8.83715e-07
0.0001 1.99526 9.97893e-07
0.0001 2.51189 5.98035e-07
0.0001 3.16228 7.15956e-07
0.0001 3.98107 8.37875e-07
0.0001 5.01187 6.30761e-07
0.0001 6.30957 1.07398e-06
0.0001 7.94328 5.43402e-07
0.0001 10 8.5564e-07
0.0001 12.5893 6.19088e-07
0.0001 15.8489 5.24308e-07
0.0001 19.9526 8.19178e-07
0.0001 25.1189 7.9503e-07
0.0001 31.6228 1.08558e-06
0.0001 39.8107 1.1574e-06
0.0001 50.1187 8.72113e-07
0.0001 63.0957 8.11418e-07
0.0001 79.4328 7.84858e-07
0.000125893 0.0001 1.4794e-07
0.000125893 0.000125893 1.50765e-07
0.000125893 0.000158489 1.57998e-07
0.000125893 0.000199526 1.7337e-07
0.000125893 0.000251189 2.03478e-07
0.000125893 0.000316228 2.59683e-07
0.000125893 0.000398107 3.60385e-07
0.000125893 0.000501187 5.31953e-07
0.000125893 0.000630957 8.04032e-07
0.000125893 0.000794328 1.18968e-06
0.000125893 0.001 1.62426e-06
0.000125893 0.00125893 1.83616e-06
0.000125893 0.00158489 1.40031e-06
0.000125893 0.00199526 5.01092e-07
0.000125893 0.00251189 9.51325e-08
0.000125893 0.00316228 3.18308e-07
0.000125893 0.00398107 1.62874e-06
0.000125893 0.00501187 2.73681e-06
0.000125893 0.00630957 1.57917e-06
0.000125893 0.00794328 1.24023e-06
0.000125893 0.01 1.52585e-06
0.000125893 0.0125893 1.80392e-06
0.000125893 0.0158489 1.37261e-06
0.000125893 0.0199526 1.31205e-06
0.000125893 0.0251189 9.6209e-07
0.000125893 0.0316228 1.42167e-06
0.000125893 0.0398107 1.54306e-06
0.000125893 0.0501187 1.27499e-06
0.000125893 0.0630957 1.05572e-06
0.000125893 0.0794328 1.63515e-06
0.000125893 0.1 1.0728e-06
0.000125893 0.125893 1.12453e-06
0.000125893 0.158489 1.47804e-06
0.000125893 0.199526 8.86991e-07
0.000125893 0.251189 1.41538e-06
0.000125893 0.316228 1.15029e-06
0.000125893 0.398107 1.20044e-06
0.000125893 0.501187 1.22914e-06
0.000125893 0.630957 1.5345e-06
0.000125893 0.794328 1.80686e-06
0.000125893 1 1.92717e-06
0.000125893 1.25893 1.08718e-06
0.000125893 1.58489 1.40052e-06
0.000125893 1.99526 1.58149e-06
0.000125893 2.51189 9.47752e-07
0.000125893 3.16228 1.13465e-06
0.000125893 3.98107 1.32787e-06
0.000125893 5.01187 9.99635e-07
0.000125893 6.30957 1.70207e-06
0.000125893 7.94328 8.61202e-07
0.000125893 10 1.35604e-06
0.000125893 12.5893 9.81131e-07
0.000125893 15.8489 8.3092e-07
0.000125893 19.9526 1.29824e-06
0.000125893 25.1189 1.25998e-06
0.000125893 31.6228 1.72047e-06
0.000125893 39.8107 1.83428e-06
0.000125893 50.1187 1.38213e-06
0.000125893 63.0957 1.28595e-06
0.000125893 79.4328 1.24385e-06
0.000158489 0.0001 2.344e-07
0.000158489 0.000125893 2.38878e-07
0.000158489 0.000158489 2.50342e-07
0.000158489 0.000199526 2.74706e-07
0.000158489 0.000251189 3.22423e-07
0.000158489 0.000316228 4.11503e-07
0.000158489 0.000398107 5.71104e-07
0.000158489 0.000501187 8.43022e-07
0.000158489 0.000630957 1.27425e-06
0.000158489 0.000794328 1.88548e-06
0.000158489 0.001 2.57428e-06
0.000158489 0.00125893 2.91013e-06
0.000158489 0.00158489 2.21933e-06
0.000158489 0.00199526 7.9417e-07
0.000158489 0.00251189 1.50808e-07
0.000158489 0.00316228 5.04455e-07
0.000158489 0.00398107 2.58127e-06
0.000158489 0.00501187 4.33751e-06
0.000158489 0.00630957 2.50272e-06
0.000158489 0.00794328 1.96561e-06
0.000158489 0.01 2.41819e-06
0.000158489 0.0125893 2.85892e-06
0.000158489 0.0158489 2.17535e-06
0.000158489 0.0199526 2.07935e-06
0.000158489 0.0251189 1.52469e-06
0.000158489 0.0316228 2.25308e-06
0.000158489 0.0398107 2.44545e-06
0.000158489 0.0501187 2.02059e-06
0.000158489 0.0630957 1.67309e-06
0.000158489 0.0794328 2.59143e-06
0.000158489 0.1 1.70016e-06
0.000158489 0.125893 1.78217e-06
0.000158489 0.158489 2.34239e-06
0.000158489 0.199526 1.40568e-06
0.000158489 0.251189 2.24312e-06
0.000158489 0.316228 1.82296e-06
0.000158489 0.398107 1.90245e-06
0.000158489 0.501187 1.94795e-06
0.000158489 0.630957 2.43187e-06
0.000158489 0.794328 2.86355e-06
0.000158489 1 3.05421e-06
0.000158489 1.25893 1.72292e-06
0.000158489 1.58489 2.21952e-06
0.000158489 1.99526 2.50635e-06
0.000158489 2.51189 1.50195e-06
0.000158489 3.16228 1.79817e-06
0.000158489 3.98107 2.10441e-06
0.000158489 5.01187 1.58421e-06
0.000158489 6.30957 2.69744e-06
0.000158489 7.94328 1.36485e-06
0.000158489 10 2.14905e-06
0.000158489 12.5893 1.55487e-06
0.000158489 15.8489 1.31681e-06
0.000158489 19.9526 2.05743e-06
0.000158489 25.1189 1.99681e-06
0.000158489 31.6228 2.72662e-06
0.000158489 39.8107 2.90699e-06
0.000158489 50.1187 2.19039e-06
0.000158489 63.0957 2.03796e-06
0.000158489 79.4328 1.97123e-06
0.000199526 0.0001 3.71361e-07
0.000199526 0.000125893 3.78459e-07
0.000199526 0.000158489 3.9663e-07
0.000199526 0.000199526 4.35245e-07
0.000199526 0.000251189 5.10872e-07
0.000199526 0.000316228 6.52053e-07
0.000199526 0.000398107 9.05004e-07
0.000199526 0.000501187 1.33597e-06
0.000199526 0.000630957 2.01942e-06
0.000199526 0.000794328 2.9882e-06
0.000199526 0.001 4.07994e-06
0.000199526 0.00125893 4.61228e-06
0.000199526 0.00158489 3.51738e-06
0.000199526 0.00199526 1.25866e-06
0.000199526 0.00251189 2.39082e-07
0.000199526 0.00316228 7.99449e-07
0.000199526 0.00398107 4.09081e-06
0.000199526 0.00501187 6.87441e-06
0.000199526 0.00630957 3.96634e-06
0.000199526 0.00794328 3.11523e-06
0.000199526 0.01 3.83233e-06
0.000199526 0.0125893 4.5309e-06
0.000199526 0.0158489 3.44749e-06
0.000199526 0.0199526 3.29531e-06
0.000199526 0.0251189 2.41624e-06
0.000199526 0.0316228 3.57065e-06
0.000199526 0.0398107 3.87552e-06
0.000199526 0.0501187 3.20216e-06
0.000199526 0.0630957 2.65143e-06
0.000199526 0.0794328 4.10692e-06
0.000199526 0.1 2.69432e-06
0.000199526 0.125893 2.82439e-06
0.000199526 0.158489 3.71215e-06
0.000199526 0.199526 2.22765e-06
0.000199526 0.251189 3.55489e-06
0.000199526 0.316228 2.88895e-06
0.000199526 0.398107 3.01495e-06
0.000199526 0.501187 3.08709e-06
0.000199526 0.630957 3.85394e-06
0.000199526 0.794328 4.53817e-06
0.000199526 1 4.84031e-06
0.000199526 1.25893 2.73036e-06
0.000199526 1.58489 3.51741e-06
0.000199526 1.99526 3.97204e-06
0.000199526 2.51189 2.38015e-06
0.000199526 3.16228 2.84965e-06
0.000199526 3.98107 3.33499e-06
0.000199526 5.01187 2.51058e-06
0.000199526 6.30957 4.27485e-06
0.000199526 7.94328 2.16301e-06
0.000199526 10 3.40577e-06
0.000199526 12.5893 2.46408e-06
0.000199526 15.8489 2.0868e-06
0.000199526 19.9526 3.26053e-06
0.000199526 25.1189 3.1645e-06
0.000199526 31.6228 4.32113e-06
0.000199526 39.8107 4.60696e-06
0.000199526 50.1187 3.47125e-06
0.000199526 63.0957 3.22969e-06
0.000199526 79.4328 3.12393e-06
0.000251189 0.0001 5.88291e-07
0.000251189 0.000125893 5.99544e-07
0.000251189 0.000158489 6.28346e-07
0.000251189 0.000199526 6.89547e-07
0.000251189 0.000251189 8.0941e-07
0.000251189 0.000316228 1.03317e-06
0.000251189 0.000398107 1.43406e-06
0.000251189 0.000501187 2.1171e-06
0.000251189 0.000630957 3.20033e-06
0.000251189 0.000794328 4.7358e-06
0.000251189 0.001 6.46624e-06
0.000251189 0.00125893 7.31005e-06
0.000251189 0.00158489 5.57462e-06
0.000251189 0.00199526 1.99481e-06
0.000251189 0.00251189 3.79053e-07
0.000251189 0.00316228 1.26693e-06
0.000251189 0.00398107 6.48305e-06
0.000251189 0.00501187 1.0895e-05
0.000251189 0.00630957 6.28582e-06
0.000251189 0.00794328 4.9372e-06
0.000251189 0.01 6.07336e-06
0.000251189 0.0125893 7.18063e-06
0.000251189 0.0158489 5.46351e-06
0.000251189 0.0199526 5.22225e-06
0.000251189 0.0251189 3.82902e-06
0.000251189 0.0316228 5.65861e-06
0.000251189 0.0398107 6.14176e-06
0.000251189 0.0501187 5.07455e-06
0.000251189 0.0630957 4.20176e-06
0.000251189 0.0794328 6.5086e-06
0.000251189 0.1 4.26973e-06
0.000251189 0.125893 4.47604e-06
0.000251189 0.158489 5.88279e-06
0.000251189 0.199526 3.53017e-06
0.000251189 0.251189 5.6337e-06
0.000251189 0.316228 4.57816e-06
0.000251189 0.398107 4.77791e-06
0.000251189 0.501187 4.8923e-06
0.000251189 0.630957 6.10747e-06
0.000251189 0.794328 7.19202e-06
0.000251189 1 7.67079e-06
0.000251189 1.25893 4.32674e-06
0.000251189 1.58489 5.57413e-06
0.000251189 1.99526 6.29473e-06
0.000251189 2.51189 3.77173e-06
0.000251189 3.16228 4.51589e-06
0.000251189 3.98107 5.28507e-06
0.000251189 5.01187 3.97857e-06
0.000251189 6.30957 6.77458e-06
0.000251189 7.94328 3.42787e-06
0.000251189 10 5.39729e-06
0.000251189 12.5893 3.90484e-06
0.000251189 15.8489 3.30695e-06
0.000251189 19.9526 5.16703e-06
0.000251189 25.1189 5.01493e-06
0.000251189 31.6228 6.84798e-06
0.000251189 39.8107 7.30094e-06
0.000251189 50.1187 5.50098e-06
0.000251189 63.0957 5.11819e-06
0.000251189 79.4328 4.95056e-06
0.000316228 0.0001 9.31827e-07
0.000316228 0.000125893 9.49667e-07
0.000316228 0.000158489 9.95321e-07
0.000316228 0.000199526 1.09232e-06
0.000316228 0.000251189 1.28229e-06
0.000316228 0.000316228 1.63692e-06
0.000316228 0.000398107 2.2723e-06
0.000316228 0.000501187 3.35484e-06
0.000316228 0.000630957 5.0717e-06
0.000316228 0.000794328 7.50541e-06
0.000316228 0.001 1.02482e-05
0.000316228 0.00125893 1.15858e-05
0.000316228 0.00158489 8.83508e-06
0.000316228 0.00199526 3.16151e-06
0.000316228 0.00251189 6.01024e-07
0.000316228 0.00316228 2.00772e-06
0.000316228 0.00398107 1.02741e-05
0.000316228 0.00501187 1.72671e-05
0.000316228 0.00630957 9.96154e-06
0.000316228 0.00794328 7.82473e-06
0.000316228 0.01 9.62469e-06
0.000316228 0.0125893 1.13798e-05
0.000316228 0.0158489 8.65829e-06
0.000316228 0.0199526 8.27579e-06
0.000316228 0.0251189 6.06766e-06
0.000316228 0.0316228 8.96731e-06
0.000316228 0.0398107 9.73298e-06
0.000316228 0.0501187 8.04159e-06
0.000316228 0.0630957 6.65841e-06
0.000316228 0.0794328 1.03146e-05
0.000316228 0.1 6.7661e-06
0.000316228 0.125893 7.0934e-06
0.000316228 0.158489 9.32245e-06
0.000316228 0.199526 5.59411e-06
0.000316228 0.251189 8.92798e-06
0.000316228 0.316228 7.25487e-06
0.000316228 0.398107 7.57156e-06
0.000316228 0.501187 7.75295e-06
0.000316228 0.630957 9.67846e-06
0.000316228 0.794328 1.13976e-05
0.000316228 1 1.21562e-05
0.000316228 1.25893 6.85624e-06
0.000316228 1.58489 8.83321e-06
0.000316228 1.99526 9.97541e-06
0.000316228 2.51189 5.9767e-06
0.000316228 3.16228 7.15618e-06
0.000316228 3.98107 8.37521e-06
0.000316228 5.01187 6.30475e-06
0.000316228 6.30957 1.07358e-05
0.000316228 7.94328 5.43229e-06
0.000316228 10 8.55315e-06
0.000316228 12.5893 6.18784e-06
0.000316228 15.8489 5.24033e-06
0.000316228 19.9526 8.18809e-06
0.000316228 25.1189 7.94719e-06
0.000316228 31.6228 1.08522e-05
0.000316228 39.8107 1.157e-05
0.000316228 50.1187 8.71733e-06
0.000316228 63.0957 8.11076e-06
0.000316228 79.4328 7.84506e-06
0.000398107 0.0001 1.47575e-06
0.000398107 0.000125893 1.50403e-06
0.000398107 0.000158489 1.5764e-06
0.000398107 0.000199526 1.73015e-06
0.000398107 0.000251189 2.03123e-06
0.000398107 0.000316228 2.59328e-06
0.000398107 0.000398107 3.60028e-06
0.000398107 0.000501187 5.31601e-06
0.000398107 0.000630957 8.03714e-06
0.000398107 0.000794328 1.18946e-05
0.000398107 0.001 1.62423e-05
0.000398107 0.00125893 1.83625e-05
0.000398107 0.00158489 1.40025e-05
0.000398107 0.00199526 5.01053e-06
0.000398107 0.00251189 9.53091e-07
0.000398107 0.00316228 3.18156e-06
0.000398107 0.00398107 1.62815e-05
0.000398107 0.00501187 2.73659e-05
0.000398107 0.00630957 1.57864e-05
0.000398107 0.00794328 1.24009e-05
0.000398107 0.01 1.52522e-05
0.000398107 0.0125893 1.80343e-05
0.000398107 0.0158489 1.37209e-05
0.000398107 0.0199526 1.31144e-05
0.000398107 0.0251189 9.61474e-06
0.000398107 0.0316228 1.42103e-05
0.000398107 0.0398107 1.54237e-05
0.000398107 0.0501187 1.2743e-05
0.000398107 0.0630957 1.0551e-05
0.000398107 0.0794328 1.63457e-05
0.000398107 0.1 1.07216e-05
0.000398107 0.125893 1.1241e-05
0.000398107 0.158489 1.47728e-05
0.000398107 0.199526 8.86441e-06
0.000398107 0.251189 1.41482e-05
0.000398107 0.316228 1.14962e-05
0.000398107 0.398107 1.19983e-05
0.000398107 0.501187 1.2286e-05
0.000398107 0.630957 1.53369e-05
0.000398107 0.794328 1.8062e-05
0.000398107 1 1.9264e-05
0.000398107 1.25893 1.08641e-05
0.000398107 1.58489 1.39973e-05
0.000398107 1.99526 1.58079e-05
0.000398107 2.51189 9.47023e-06
0.000398107 3.16228 1.13397e-05
0.000398107 3.98107 1.32717e-05
0.000398107 5.01187 9.99065e-06
0.000398107 6.30957 1.70126e-05
0.000398107 7.94328 8.60855e-06
0.000398107 10 1.35539e-05
0.000398107 12.5893 9.80524e-06
0.000398107 15.8489 8.30372e-06
0.000398107 19.9526 1.2975e-05
0.000398107 25.1189 1.25936e-05
0.000398107 31.6228 1.71975e-05
0.000398107 39.8107 1.83348e-05
0.000398107 50.1187 1.38137e-05
0.000398107 63.0957 1.28526e-05
0.000398107 79.4328 1.24315e-05
0.000501187 0.0001 2.3367e-06
0.000501187 0.000125893 2.38156e-06
0.000501187 0.000158489 2.49627e-06
0.000501187 0.000199526 2.73996e-06
0.000501187 0.000251189 3.21716e-06
0.000501187 0.000316228 4.10793e-06
0.000501187 0.000398107 5.70391e-06
0.000501187 0.000501187 8.4232e-06
0.000501187 0.000630957 1.27361e-05
0.000501187 0.000794328 1.88503e-05
0.000501187 0.001 2.5742e-05
0.000501187 0.00125893 2.91032e-05
0.000501187 0.00158489 2.2192e-05
0.000501187 0.00199526 7.94093e-06
0.000501187 0.00251189 1.51161e-06
0.000501187 0.00316228 5.04152e-06
0.000501187 0.00398107 2.5801e-05
0.000501187 0.00501187 4.33707e-05
0.000501187 0.00630957 2.50165e-05
0.000501187 0.00794328 1.96533e-05
0.000501187 0.01 2.41694e-05
0.000501187 0.0125893 2.85794e-05
0.000501187 0.0158489 2.1743e-05
0.000501187 0.0199526 2.07812e-05
0.000501187 0.0251189 1.52346e-05
0.000501187 0.0316228 2.25179e-05
0.000501187 0.0398107 2.44407e-05
0.000501187 0.0501187 2.01921e-05
0.000501187 0.0630957 1.67185e-05
0.000501187 0.0794328 2.59028e-05
0.000501187 0.1 1.69888e-05
0.000501187 0.125893 1.78132e-05
0.000501187 0.158489 2.34087e-05
0.000501187 0.199526 1.40458e-05
0.000501187 0.251189 2.242e-05
0.000501187 0.316228 1.82161e-05
0.000501187 0.398107 1.90124e-05
0.000501187 0.501187 1.94687e-05
0.000501187 0.630957 2.43024e-05
0.000501187 0.794328 2.86224e-05
0.000501187 1 3.05268e-05
0.000501187 1.25893 1.72137e-05
0.000501187 1.58489 2.21795e-05
0.000501187 1.99526 2.50496e-05
0.000501187 2.51189 1.50049e-05
0.000501187 3.16228 1.79682e-05
0.000501187 3.98107 2.103e-05
0.000501187 5.01187 1.58307e-05
0.000501187 6.30957 2.69584e-05
0.000501187 7.94328 1.36416e-05
0.000501187 10 2.14776e-05
0.000501187 12.5893 1.55366e-05
0.000501187 15.8489 1.31572e-05
0.000501187 19.9526 2.05596e-05
0.000501187 25.1189 1.99557e-05
0.000501187 31.6228 2.72518e-05
0.000501187 39.8107 2.90539e-05
0.000501187 50.1187 2.18888e-05
0.000501187 63.0957 2.0366e-05
0.000501187 79.4328 1.96983e-05
0.000630957 0.0001 3.69905e-06
0.000630957 0.000125893 3.77019e-06
0.000630957 0.000158489 3.95204e-06
0.000630957 0.000199526 4.33829e-06
0.000630957 0.000251189 5.09461e-06
0.000630957 0.000316228 6.50638e-06
0.000630957 0.000398107 9.03582e-06
0.000630957 0.000501187 1.33457e-05
0.000630957 0.000630957 2.01815e-05
0.000630957 0.000794328 2.98731e-05
0.000630957 0.001 4.07979e-05
0.000630957 0.00125893 4.61265e-05
0.000630957 0.00158489 3.51712e-05
0.000630957 0.00199526 1.25851e-05
0.000630957 0.00251189 2.39785e-06
0.000630957 0.00316228 7.98846e-06
0.000630957 0.00398107 4.08848e-05
0.000630957 0.00501187 6.87353e-05
0.000630957 0.00630957 3.9642e-05
0.000630957 0.00794328 3.11467e-05
0.000630957 0.01 3.82985e-05
0.000630957 0.0125893 4.52895e-05
0.000630957 0.0158489 3.4454e-05
0.000630957 0.0199526 3.29286e-05
0.000630957 0.0251189 2.41379e-05
0.000630957 0.0316228 3.56808e-05
0.000630957 0.0398107 3.87276e-05
0.000630957 0.0501187 3.19941e-05
0.000630957 0.0630957 2.64897e-05
0.000630957 0.0794328 4.10463e-05
0.000630957 0.1 2.69177e-05
0.000630957 0.125893 2.8227e-05
0.000630957 0.158489 3.70912e-05
0.000630957 0.199526 2.22546e-05
0.000630957 0.251189 3.55267e-05
0.000630957 0.316228 2.88625e-05
0.000630957 0.398107 3.01253e-05
0.000630957 0.501187 3.08493e-05
0.000630957 0.630957 3.8507e-05
0.000630957 0.794328 4.53556e-05
0.000630957 1 4.83726e-05
0.000630957 1.25893 2.72726e-05
0.000630957 1.58489 3.51428e-05
0.000630957 1.99526 3.96925e-05
0.000630957 2.51189 2.37725e-05
0.000630957 3.16228 2.84697e-05
0.000630957 3.98107 3.33218e-05
0.000630957 5.01187 2.50831e-05
0.000630957 6.30957 4.27165e-05
0.000630957 7.94328 2.16163e-05
0.000630957 10 3.40319e-05
0.000630957 12.5893 2.46166e-05
0.000630957 15.8489 2.08462e-05
0.000630957 19.9526 3.2576e-05
0.000630957 25.1189 3.16203e-05
0.000630957 31.6228 4.31826e-05
0.000630957 39.8107 4.60378e-05
0.000630957 50.1187 3.46823e-05
0.000630957 63.0957 3.22697e-05
0.000630957 79.4328 3.12113e-05
0.000794328 0.0001 5.85387e-06
0.000794328 0.000125893 5.96671e-06
0.000794328 0.000158489 6.25502e-06
0.000794328 0.000199526 6.86725e-06
0.000794328 0.000251189 8.06596e-06
0.000794328 0.000316228 1.03034e-05
0.000794328 0.000398107 1.43123e-05
0.000794328 0.000501187 2.11431e-05
0.000794328 0.000630957 3.1978e-05
0.000794328 0.000794328 4.73404e-05
0.000794328 0.001 6.46595e-05
0.000794328 0.00125893 7.31077e-05
0.000794328 0.00158489 5.57412e-05
0.000794328 0.00199526 1.9945e-05
0.000794328 0.00251189 3.80456e-06
0.000794328 0.00316228 1.26572e-05
0.000794328 0.00398107 6.47841e-05
0.000794328 0.00501187 0.000108933
0.000794328 0.00630957 6.28156e-05
0.000794328 0.00794328 4.93609e-05
0.000794328 0.01 6.06842e-05
0.000794328 0.0125893 7.17672e-05
0.000794328 0.0158489 5.45934e-05
0.000794328 0.0199526 5.21737e-05
0.000794328 0.0251189 3.82413e-05
0.000794328 0.0316228 5.65348e-05
0.000794328 0.0398107 6.13626e-05
0.000794328 0.0501187 5.06907e-05
0.000794328 0.0630957 4.19685e-05
0.000794328 0.0794328 6.50403e-05
0.000794328 0.1 4.26464e-05
0.000794328 0.125893 4.47266e-05
0.000794328 0.158489 5.87674e-05
0.000794328 0.199526 3.5258e-05
0.000794328 0.251189 5.62927e-05
0.000794328 0.316228 4.57278e-05
0.000794328 0.398107 4.77308e-05
0.000794328 0.501187 4.88799e-05
0.000794328 0.630957 6.10099e-05
0.000794328 0.794328 7.18681e-05
0.000794328 1 7.66471e-05
0.000794328 1.25893 4.32056e-05
0.000794328 1.58489 5.56788e-05
0.000794328 1.99526 6.28916e-05
0.000794328 2.51189 3.76594e-05
0.000794328 3.16228 4.51052e-05
0.000794328 3.98107 5.27947e-05
0.000794328 5.01187 3.97404e-05
0.000794328 6.30957 6.76818e-05
0.000794328 7.94328 3.42512e-05
0.000794328 10 5.39215e-05
0.000794328 12.5893 3.90002e-05
0.000794328 15.8489 3.3026e-05
0.000794328 19.9526 5.16118e-05
0.000794328 25.1189 5.00999e-05
0.000794328 31.6228 6.84226e-05
0.000794328 39.8107 7.29459e-05
0.000794328 50.1187 5.49495e-05
0.000794328 63.0957 5.11278e-05
0.000794328 79.4328 4.94498e-05
0.001 0.0001 9.26037e-06
0.001 0.000125893 9.43938e-06
0.001 0.000158489 9.89649e-06
0.001 0.000199526 1.08669e-05
0.001 0.000251189 1.27668e-05
0.001 0.000316228 1.63129e-05
0.001 0.000398107 2.26664e-05
0.001 0.000501187 3.34928e-05
0.001 0.000630957 5.06665e-05
0.001 0.000794328 7.50189e-05
0.001 0.001 0.000102477
0.001 0.00125893 0.000115872
0.001 0.00158489 8.83408e-05
0.001 0.00199526 3.16089e-05
0.001 0.00251189 6.03826e-06
0.001 0.00316228 2.00532e-05
0.001 0.00398107 0.000102648
0.001 0.00501187 0.000172636
0.001 0.00630957 9.95304e-05
0.001 0.00794328 7.8225e-05
0.001 0.01 9.61482e-05
0.001 0.0125893 0.00011372
0.001 0.0158489 8.64996e-05
0.001 0.0199526 8.26605e-05
0.001 0.0251189 6.05791e-05
0.001 0.0316228 8.95708e-05
0.001 0.0398107 9.72202e-05
0.001 0.0501187 8.03064e-05
0.001 0.0630957 6.64861e-05
0.001 0.0794328 0.000103054
0.001 0.1 6.75595e-05
0.001 0.125893 7.08666e-05
0.001 0.158489 9.31037e-05
0.001 0.199526 5.5854e-05
0.001 0.251189 8.91912e-05
0.001 0.316228 7.24413e-05
0.001 0.398107 7.56193e-05
0.001 0.501187 7.74437e-05
0.001 0.630957 9.66553e-05
0.001 0.794328 0.000113872
0.001 1 0.000121441
0.001 1.25893 6.84391e-05
0.001 1.58489 8.82074e-05
0.001 1.99526 9.9643e-05
0.001 2.51189 5.96514e-05
0.001 3.16228 7.14548e-05
0.001 3.98107 8.36404e-05
0.001 5.01187 6.29571e-05
0.001 6.30957 0.00010723
0.001 7.94328 5.4268e-05
0.001 10 8.54291e-05
0.001 12.5893 6.17821e-05
0.001 15.8489 5.23166e-05
0.001 19.9526 8.1764e-05
0.001 25.1189 7.93734e-05
0.001 31.6228 0.000108408
0.001 39.8107 0.000115573
0.001 50.1187 8.70529e-05
0.001 63.0957 8.09996e-05
0.001 79.4328 7.83391e-05
0.00125893 0.0001 1.4642e-05
0.00125893 0.000125893 1.49261e-05
0.00125893 0.000158489 1.56509e-05
0.00125893 0.000199526 1.71892e-05
0.00125893 0.000251189 2.02004e-05
0.00125893 0.000316228 2.58205e-05
0.00125893 0.000398107 3.589e-05
0.00125893 0.000501187 5.30491e-05
0.00125893 0.000630957 8.02706e-05
0.00125893 0.000794328 0.000118876
0.00125893 0.001 0.000162411
0.00125893 0.00125893 0.000183654
0.00125893 0.00158489 0.000140005
0.00125893 0.00199526 5.0093e-05
0.00125893 0.00251189 9.58682e-06
0.00125893 0.00316228 3.17677e-05
0.00125893 0.00398107 0.00016263
0.00125893 0.00501187 0.000273588
0.00125893 0.00630957 0.000157694
0.00125893 0.00794328 0.000123965
0.00125893 0.01 0.000152325
0.00125893 0.0125893 0.000180187
0.00125893 0.0158489 0.000137043
0.00125893 0.0199526 0.00013095
0.00125893 0.0251189 9.59528e-05
0.00125893 0.0316228 0.000141899
0.00125893 0.0398107 0.000154018
0.00125893 0.0501187 0.000127211
0.00125893 0.0630957 0.000105315
0.00125893 0.0794328 0.000163276
0.00125893 0.1 0.000107014
0.00125893 0.125893 0.000112276
0.00125893 0.158489 0.000147487
0.00125893 0.199526 8.84704e-05
0.00125893 0.251189 0.000141305
0.00125893 0.316228 0.000114747
0.00125893 0.398107 0.000119791
0.00125893 0.501187 0.000122688
0.00125893 0.630957 0.000153111
0.00125893 0.794328 0.000180413
0.00125893 1 0.000192398
0.00125893 1.25893 0.000108395
0.00125893 1.58489 0.000139724
0.00125893 1.99526 0.000157857
0.00125893 2.51189 9.44718e-05
0.00125893 3.16228 0.000113184
0.00125893 3.98107 0.000132494
0.00125893 5.01187 9.97261e-05
0.00125893 6.30957 0.000169871
0.00125893 7.94328 8.59762e-05
0.00125893 10 0.000135334
0.00125893 12.5893 9.78603e-05
0.00125893 15.8489 8.28642e-05
0.00125893 19.9526 0.000129517
0.00125893 25.1189 0.000125739
0.00125893 31.6228 0.000171747
0.00125893 39.8107 0.000183095
0.00125893 50.1187 0.000137897
0.00125893 63.0957 0.000128311
0.00125893 79.4328 0.000124092
0.00158489 0.0001 2.31369e-05
0.00158489 0.000125893 2.35879e-05
0.00158489 0.000158489 2.47373e-05
0.00158489 0.000199526 2.71759e-05
0.00158489 0.000251189 3.19485e-05
0.00158489 0.000316228 4.08554e-05
0.00158489 0.000398107 5.68141e-05
0.00158489 0.000501187 8.40104e-05
0.00158489 0.000630957 0.00012716
0.00158489 0.000794328 0.000188363
0.00158489 0.001 0.000257397
0.00158489 0.00125893 0.000291089
0.00158489 0.00158489 0.00022188
0.00158489 0.00199526 7.93847e-05
0.00158489 0.00251189 1.52277e-05
0.00158489 0.00316228 5.03198e-05
0.00158489 0.00398107 0.000257641
0.00158489 0.00501187 0.000433565
0.00158489 0.00630957 0.000249826
0.00158489 0.00794328 0.000196445
0.00158489 0.01 0.000241301
0.00158489 0.0125893 0.000285484
0.00158489 0.0158489 0.000217098
0.00158489 0.0199526 0.000207424
0.00158489 0.0251189 0.000151958
0.00158489 0.0316228 0.000224772
0.00158489 0.0398107 0.00024397
0.00158489 0.0501187 0.000201485
0.00158489 0.0630957 0.000166795
0.00158489 0.0794328 0.000258665
0.00158489 0.1 0.000169484
0.00158489 0.125893 0.000177864
0.00158489 0.158489 0.000233606
0.00158489 0.199526 0.000140112
0.00158489 0.251189 0.000223848
0.00158489 0.316228 0.000181734
0.00158489 0.398107 0.00018974
0.00158489 0.501187 0.000194345
0.00158489 0.630957 0.000242509
0.00158489 0.794328 0.00028581
0.00158489 1 0.000304785
0.00158489 1.25893 0.000171646
0.00158489 1.58489 0.000221299
0.00158489 1.99526 0.000250053
0.00158489 2.51189 0.000149589
0.00158489 3.16228 0.000179256
0.00158489 3.98107 0.000209855
0.00158489 5.01187 0.000157947
0.00158489 6.30957 0.000269075
0.00158489 7.94328 0.000136198
0.00158489 10 0.000214368
0.00158489 12.5893 0.000154983
0.00158489 15.8489 0.000131227
0.00158489 19.9526 0.000205131
0.00158489 25.1189 0.000199166
0.00158489 31.6228 0.000272063
0.00158489 39.8107 0.000290034
0.00158489 50.1187 0.000218408
0.00158489 63.0957 0.00020323
0.00158489 79.4328 0.000196539
0.00199526 0.0001 3.65319e-05
0.00199526 0.000125893 3.72481e-05
0.00199526 0.000158489 3.90712e-05
0.00199526 0.000199526 4.29371e-05
0.00199526 0.000251189 5.05015e-05
0.00199526 0.000316228 6.46175e-05
0.00199526 0.000398107 8.99095e-05
0.00199526 0.000501187 0.000133015
0.00199526 0.000630957 0.000201414
0.00199526 0.000794328 0.000298452
0.00199526 0.001 0.000407932
0.00199526 0.00125893 0.00046138
0.00199526 0.00158489 0.000351632
0.00199526 0.00199526 0.000125802
0.00199526 0.00251189 2.42014e-05
0.00199526 0.00316228 7.96945e-05
0.00199526 0.00398107 0.00040811
0.00199526 0.00501187 0.000687068
0.00199526 0.00630957 0.000395744
0.00199526 0.00794328 0.000311291
0.00199526 0.01 0.000382199
0.00199526 0.0125893 0.000452275
0.00199526 0.0158489 0.000343878
0.00199526 0.0199526 0.000328513
0.00199526 0.0251189 0.000240605
0.00199526 0.0316228 0.000355994
0.00199526 0.0398107 0.000386405
0.00199526 0.0501187 0.000319071
0.00199526 0.0630957 0.000264118
0.00199526 0.0794328 0.000409738
0.00199526 0.1 0.000268371
0.00199526 0.125893 0.000281735
0.00199526 0.158489 0.000369951
0.00199526 0.199526 0.000221855
0.00199526 0.251189 0.000354564
0.00199526 0.316228 0.000287772
0.00199526 0.398107 0.000300488
0.00199526 0.501187 0.000307812
0.00199526 0.630957 0.00038404
0.00199526 0.794328 0.00045273
0.00199526 1 0.00048276
0.00199526 1.25893 0.000271746
0.00199526 1.58489 0.000350436
0.00199526 1.99526 0.000396042
0.00199526 2.51189 0.000236807
0.00199526 3.16228 0.000283846
0.00199526 3.98107 0.00033233
0.00199526 5.01187 0.000250113
0.00199526 6.30957 0.000426149
0.00199526 7.94328 0.000215728
0.00199526 10 0.000339505
0.00199526 12.5893 0.000245401
0.00199526 15.8489 0.000207774
0.00199526 19.9526 0.000324831
0.00199526 25.1189 0.000315421
0.00199526 31.6228 0.000430918
0.00199526 39.8107 0.000459369
0.00199526 50.1187 0.000345865
0.00199526 63.0957 0.000321839
0.00199526 79.4328 0.000311227
0.00251189 0.0001 5.76251e-05
0.00251189 0.000125893 5.87631e-05
0.00251189 0.000158489 6.16552e-05
0.00251189 0.000199526 6.77842e-05
0.00251189 0.000251189 7.97735e-05
0.00251189 0.000316228 0.000102145
0.00251189 0.000398107 0.000142228
0.00251189 0.000501187 0.000210549
0.00251189 0.000630957 0.000318978
0.00251189 0.000794328 0.000472845
0.00251189 0.001 0.000646499
0.00251189 0.00125893 0.000731306
0.00251189 0.00158489 0.000557251
0.00251189 0.00199526 0.000199353
0.00251189 0.00251189 3.84907e-05
0.00251189 0.00316228 0.000126194
0.00251189 0.00398107 0.000646367
0.00251189 0.00501187 0.00108876
0.00251189 0.00630957 0.000626806
0.00251189 0.00794328 0.000493256
0.00251189 0.01 0.000605272
0.00251189 0.0125893 0.000716435
0.00251189 0.0158489 0.000544614
0.00251189 0.0199526 0.000520193
0.00251189 0.0251189 0.000380868
0.00251189 0.0316228 0.000563725
0.00251189 0.0398107 0.000611887
0.00251189 0.0501187 0.00050517
0.00251189 0.0630957 0.000418133
0.00251189 0.0794328 0.000648957
0.00251189 0.1 0.000424856
0.00251189 0.125893 0.000446199
0.00251189 0.158489 0.000585755
0.00251189 0.199526 0.000351201
0.00251189 0.251189 0.000561524
0.00251189 0.316228 0.000455576
0.00251189 0.398107 0.000475784
0.00251189 0.501187 0.000487441
0.00251189 0.630957 0.000608044
0.00251189 0.794328 0.000717033
0.00251189 1 0.000764543
0.00251189 1.25893 0.000430099
0.00251189 1.58489 0.000554808
0.00251189 1.99526 0.000627153
0.00251189 2.51189 0.000374763
0.00251189 3.16228 0.000449356
0.00251189 3.98107 0.000526175
0.00251189 5.01187 0.000395973
0.00251189 6.30957 0.000674789
0.00251189 7.94328 0.000341647
0.00251189 10 0.000537591
0.00251189 12.5893 0.000388477
0.00251189 15.8489 0.000328887
0.00251189 19.9526 0.000514264
0.00251189 25.1189 0.000499439
0.00251189 31.6228 0.000682412
0.00251189 39.8107 0.000727443
0.00251189 50.1187 0.000547583
0.00251189 63.0957 0.000509565
0.00251189 79.4328 0.000492729
0.00316228 0.0001 9.07841e-05
0.00316228 0.000125893 9.25934e-05
0.00316228 0.000158489 9.71824e-05
0.00316228 0.000199526 0.0001069
0.00316228 0.000251189 0.000125903
0.00316228 0.000316228 0.000161357
0.00316228 0.000398107 0.000224881
0.00316228 0.000501187 0.000333169
0.00316228 0.000630957 0.000505065
0.00316228 0.000794328 0.000749072
0.00316228 0.001 0.00102457
0.00316228 0.00125893 0.00115918
0.00316228 0.00158489 0.000883085
0.00316228 0.00199526 0.000315894
0.00316228 0.00251189 6.12714e-05
0.00316228 0.00316228 0.000199778
0.00316228 0.00398107 0.00102353
0.00316228 0.00501187 0.00172522
0.00316228 0.00630957 0.000992608
0.00316228 0.00794328 0.000781547
0.00316228 0.01 0.000958347
0.00316228 0.0125893 0.00113473
0.00316228 0.0158489 0.000862362
0.00316228 0.0199526 0.000823523
0.00316228 0.0251189 0.000602708
0.00316228 0.0316228 0.000892469
0.00316228 0.0398107 0.000968731
0.00316228 0.0501187 0.000799598
0.00316228 0.0630957 0.000661764
0.00316228 0.0794328 0.00102766
0.00316228 0.1 0.000672387
0.00316228 0.125893 0.000706538
0.00316228 0.158489 0.000927206
0.00316228 0.199526 0.00055579
0.00316228 0.251189 0.000889116
0.00316228 0.316228 0.000721017
0.00316228 0.398107 0.000753151
0.00316228 0.501187 0.000771727
0.00316228 0.630957 0.000962449
0.00316228 0.794328 0.00113543
0.00316228 1 0.00121056
0.00316228 1.25893 0.000680484
0.00316228 1.58489 0.000878122
0.00316228 1.99526 0.000992912
0.00316228 2.51189 0.000592861
0.00316228 3.16228 0.000711163
0.00316228 3.98107 0.000832868
0.00316228 5.01187 0.000626716
0.00316228 6.30957 0.00106825
0.00316228 7.94328 0.000540956
0.00316228 10 0.00085105
0.00316228 12.5893 0.000614779
0.00316228 15.8489 0.000520428
0.00316228 19.9526 0.00081394
0.00316228 25.1189 0.000790622
0.00316228 31.6228 0.00108046
0.00316228 39.8107 0.00115171
0.00316228 50.1187 0.000866711
0.00316228 63.0957 0.000806578
0.00316228 79.4328 0.000779859
0.00398107 0.0001 0.000142798
0.00398107 0.000125893 0.000145677
0.00398107 0.000158489 0.000152961
0.00398107 0.000199526 0.00016837
0.00398107 0.000251189 0.00019849
0.00398107 0.000316228 0.000254674
0.00398107 0.000398107 0.000355346
0.00398107 0.000501187 0.000526983
0.00398107 0.000630957 0.000799512
0.00398107 0.000794328 0.00118653
0.00398107 0.001 0.00162372
0.00398107 0.00125893 0.00183745
0.00398107 0.00158489 0.0013994
0.00398107 0.00199526 0.00050054
0.00398107 0.00251189 9.7644e-05
0.00398107 0.00316228 0.000316177
0.00398107 0.00398107 0.00162041
0.00398107 0.00501187 0.00273358
0.00398107 0.00630957 0.00157156
0.00398107 0.00794328 0.00123825
0.00398107 0.01 0.00151699
0.00398107 0.0125893 0.00179694
0.00398107 0.0158489 0.00136517
0.00398107 0.0199526 0.00130335
0.00398107 0.0251189 0.000953378
0.00398107 0.0316228 0.00141252
0.00398107 0.0398107 0.00153325
0.00398107 0.0501187 0.00126519
0.00398107 0.0630957 0.00104697
0.00398107 0.0794328 0.001627
0.00398107 0.1 0.00106374
0.00398107 0.125893 0.00111851
0.00398107 0.158489 0.00146722
0.00398107 0.199526 0.000879219
0.00398107 0.251189 0.00140748
0.00398107 0.316228 0.0011407
0.00398107 0.398107 0.00119184
0.00398107 0.501187 0.00122148
0.00398107 0.630957 0.00152291
0.00398107 0.794328 0.00179756
0.00398107 1 0.00191629
0.00398107 1.25893 0.00107615
0.00398107 1.58489 0.00138935
0.00398107 1.99526 0.00157155
0.00398107 2.51189 0.000937428
0.00398107 3.16228 0.00112509
0.00398107 3.98107 0.00131788
0.00398107 5.01187 0.000991567
0.00398107 6.30957 0.00169062
0.00398107 7.94328 0.00085633
0.00398107 10 0.00134688
0.00398107 12.5893 0.000972535
0.00398107 15.8489 0.000823183
0.00398107 19.9526 0.00128778
0.00398107 25.1189 0.00125118
0.00398107 31.6228 0.00171023
0.00398107 39.8107 0.00182291
0.00398107 50.1187 0.00137135
0.00398107 63.0957 0.00127629
0.00398107 79.4328 0.00123387
0.00501187 0.0001 0.000224164
0.00501187 0.000125893 0.00022875
0.00501187 0.000158489 0.000240315
0.00501187 0.000199526 0.000264752
0.00501187 0.000251189 0.000312491
0.00501187 0.000316228 0.000401525
0.00501187 0.000398107 0.000561061
0.00501187 0.000501187 0.000833109
0.00501187 0.000630957 0.00126522
0.00501187 0.000794328 0.00187917
0.00501187 0.001 0.00257319
0.00501187 0.00125893 0.0029127
0.00501187 0.00158489 0.0022175
0.00501187 0.00199526 0.000793069
0.00501187 0.00251189 0.000155826
0.00501187 0.00316228 0.000500215
0.00501187 0.00398107 0.00256462
0.00501187 0.00501187 0.00433102
0.00501187 0.00630957 0.00248751
0.00501187 0.00794328 0.00196165
0.00501187 0.01 0.00240049
0.00501187 0.0125893 0.00284499
0.00501187 0.0158489 0.0021605
0.00501187 0.0199526 0.00206197
0.00501187 0.0251189 0.00150732
0.00501187 0.0316228 0.00223481
0.00501187 0.0398107 0.00242587
0.00501187 0.0501187 0.00200104
0.00501187 0.0630957 0.00165563
0.00501187 0.0794328 0.00257516
0.00501187 0.1 0.00168207
0.00501187 0.125893 0.00177018
0.00501187 0.158489 0.00232078
0.00501187 0.199526 0.00139018
0.00501187 0.251189 0.00222736
0.00501187 0.316228 0.00180381
0.00501187 0.398107 0.0018853
0.00501187 0.501187 0.00193268
0.00501187 0.630957 0.00240871
0.00501187 0.794328 0.00284499
0.00501187 1 0.00303248
0.00501187 1.25893 0.00170088
0.00501187 1.58489 0.00219723
0.00501187 1.99526 0.00248651
0.00501187 2.51189 0.00148135
0.00501187 3.16228 0.00177909
0.00501187 3.98107 0.00208447
0.00501187 5.01187 0.00156812
0.00501187 6.30957 0.00267458
0.00501187 7.94328 0.00135515
0.00501187 10 0.00213078
0.00501187 12.5893 0.00153773
0.00501187 15.8489 0.00130139
0.00501187 19.9526 0.00203656
0.00501187 25.1189 0.00197927
0.00501187 31.6228 0.00270617
0.00501187 39.8107 0.00288426
0.00501187 50.1187 0.00216884
0.00501187 63.0957 0.00201867
0.00501187 79.4328 0.00195131
0.00630957 0.0001 0.000350999
0.00630957 0.000125893 0.000358312
0.00630957 0.000158489 0.000376682
0.00630957 0.000199526 0.00041544
0.00630957 0.000251189 0.000491105
0.00630957 0.000316228 0.000632188
0.00630957 0.000398107 0.000884995
0.00630957 0.000501187 0.0013162
0.00630957 0.000630957 0.0020014
0.00630957 0.000794328 0.00297557
0.00630957 0.001 0.00407774
0.00630957 0.00125893 0.0046174
0.00630957 0.00158489 0.0035137
0.00630957 0.00199526 0.00125646
0.00630957 0.00251189 0.000249108
0.00630957 0.00316228 0.000791017
0.00630957 0.00398107 0.0040575
0.00630957 0.00501187 0.00686132
0.00630957 0.00630957 0.00393595
0.00630957 0.00794328 0.00310731
0.00630957 0.01 0.00379695
0.00630957 0.0125893 0.00450306
0.00630957 0.0158489 0.00341788
0.00630957 0.0199526 0.00326064
0.00630957 0.0251189 0.00238158
0.00630957 0.0316228 0.00353419
0.00630957 0.0398107 0.00383642
0.00630957 0.0501187 0.00316313
0.00630957 0.0630957 0.0026166
0.00630957 0.0794328 0.00407444
0.00630957 0.1 0.00265825
0.00630957 0.125893 0.0028005
0.00630957 0.158489 0.00366898
0.00630957 0.199526 0.00219674
0.00630957 0.251189 0.00352345
0.00630957 0.316228 0.00285073
0.00630957 0.398107 0.00298075
0.00630957 0.501187 0.00305665
0.00630957 0.630957 0.00380768
0.00630957 0.794328 0.00450113
0.00630957 1 0.00479691
0.00630957 1.25893 0.00268633
0.00630957 1.58489 0.00347288
0.00630957 1.99526 0.00393242
0.00630957 2.51189 0.00233905
0.00630957 3.16228 0.00281157
0.00630957 3.98107 0.0032952
0.00630957 5.01187 0.0024785
0.00630957 6.30957 0.00422917
0.00630957 7.94328 0.0021437
0.00630957 10 0.00336932
0.00630957 12.5893 0.00242988
0.00630957 15.8489 0.00205605
0.00630957 19.9526 0.00321885
0.00630957 25.1189 0.00312949
0.00630957 31.6228 0.00428026
0.00630957 39.8107 0.00456154
0.00630957 50.1187 0.00342819
0.00630957 63.0957 0.00319119
0.00630957 79.4328 0.00308413
0.00794328 0.0001 0.000547819
0.00794328 0.000125893 0.000559498
0.00794328 0.000158489 0.000588692
0.00794328 0.000199526 0.000650174
0.00794328 0.000251189 0.0007701
0.00794328 0.000316228 0.000993639
0.00794328 0.000398107 0.00139422
0.00794328 0.000501187 0.00207768
0.00794328 0.000630957 0.00316434
0.00794328 0.000794328 0.00471054
0.00794328 0.001 0.00646178
0.00794328 0.00125893 0.00732024
0.00794328 0.00158489 0.00556723
0.00794328 0.00199526 0.00199042
0.00794328 0.00251189 0.000399097
0.00794328 0.00316228 0.00125017
0.00794328 0.00398107 0.00641636
0.00794328 0.00501187 0.0108686
0.00794328 0.00630957 0.00622511
0.00794328 0.00794328 0.0049214
0.00794328 0.01 0.00600262
0.00794328 0.0125893 0.007125
0.00794328 0.0158489 0.00540444
0.00794328 0.0199526 0.00515305
0.00794328 0.0251189 0.00375989
0.00794328 0.0316228 0.00558584
0.00794328 0.0398107 0.0060637
0.00794328 0.0501187 0.00499665
0.00794328 0.0630957 0.0041323
0.00794328 0.0794328 0.00644377
0.00794328 0.1 0.00419779
0.00794328 0.125893 0.00442842
0.00794328 0.158489 0.00579653
0.00794328 0.199526 0.00346856
0.00794328 0.251189 0.00557101
0.00794328 0.316228 0.00450191
0.00794328 0.398107 0.0047097
0.00794328 0.501187 0.00483163
0.00794328 0.630957 0.00601502
0.00794328 0.794328 0.00711809
0.00794328 1 0.00758407
0.00794328 1.25893 0.0042388
0.00794328 1.58489 0.00548518
0.00794328 1.99526 0.00621562
0.00794328 2.51189 0.00368973
0.00794328 3.16228 0.00443989
0.00794328 3.98107 0.00520565
0.00794328 5.01187 0.00391462
0.00794328 6.30957 0.00668326
0.00794328 7.94328 0.00338949
0.00794328 10 0.00532457
0.00794328 12.5893 0.00383664
0.00794328 15.8489 0.00324566
0.00794328 19.9526 0.00508379
0.00794328 25.1189 0.00494509
0.00794328 31.6228 0.00676628
0.00794328 39.8107 0.00721013
0.00794328 50.1187 0.00541491
0.00794328 63.0957 0.00504134
0.00794328 79.4328 0.00487105
0.01 0.0001 0.000851469
0.01 0.000125893 0.000870155
0.01 0.000158489 0.000916583
0.01 0.000199526 0.00101413
0.01 0.000251189 0.00120419
0.01 0.000316228 0.00155833
0.01 0.000398107 0.00219299
0.01 0.000501187 0.00327628
0.01 0.000630957 0.00499982
0.01 0.000794328 0.00745481
0.01 0.001 0.0102392
0.01 0.00125893 0.0116061
0.01 0.00158489 0.00882016
0.01 0.00199526 0.00315274
0.01 0.00251189 0.000641112
0.01 0.00316228 0.00197446
0.01 0.00398107 0.0101404
0.01 0.00501187 0.0172135
0.01 0.00630957 0.00984019
0.01 0.00794328 0.00779317
0.01 0.01 0.00948316
0.01 0.0125893 0.0112686
0.01 0.0158489 0.00854047
0.01 0.0199526 0.00813769
0.01 0.0251189 0.0059298
0.01 0.0316228 0.00882206
0.01 0.0398107 0.00957711
0.01 0.0501187 0.00788605
0.01 0.0630957 0.00651989
0.01 0.0794328 0.0101852
0.01 0.1 0.00662263
0.01 0.125893 0.00699853
0.01 0.158489 0.00915004
0.01 0.199526 0.00547132
0.01 0.251189 0.00880298
0.01 0.316228 0.00710272
0.01 0.398107 0.00743554
0.01 0.501187 0.00763207
0.01 0.630957 0.00949363
0.01 0.794328 0.01125
0.01 1 0.0119829
0.01 1.25893 0.00668052
0.01 1.58489 0.00865549
0.01 1.99526 0.00981743
0.01 2.51189 0.0058131
0.01 3.16228 0.00700453
0.01 3.98107 0.00821669
0.01 5.01187 0.00617729
0.01 6.30957 0.0105532
0.01 7.94328 0.00535603
0.01 10 0.00840807
0.01 12.5893 0.00605186
0.01 15.8489 0.00511822
0.01 19.9526 0.00802181
0.01 25.1189 0.00780787
0.01 31.6228 0.0106888
0.01 39.8107 0.0113883
0.01 50.1187 0.00854521
0.01 63.0957 0.00795729
0.01 79.4328 0.00768617
0.0125893 0.0001 0.00131642
0.0125893 0.000125893 0.00134638
0.0125893 0.000158489 0.00142027
0.0125893 0.000199526 0.00157505
0.0125893 0.000251189 0.00187625
0.0125893 0.000316228 0.00243719
0.0125893 0.000398107 0.00344254
0.0125893 0.000501187 0.00515944
0.0125893 0.000630957 0.00789352
0.0125893 0.000794328 0.0117932
0.0125893 0.001 0.0162238
0.0125893 0.00125893 0.0184029
0.0125893 0.00158489 0.0139723
0.0125893 0.00199526 0.00499302
0.0125893 0.00251189 0.00103331
0.0125893 0.00316228 0.00311563
0.0125893 0.00398107 0.0160135
0.0125893 0.00501187 0.0272567
0.0125893 0.00630957 0.0155437
0.0125893 0.00794328 0.0123379
0.0125893 0.01 0.0149689
0.0125893 0.0125893 0.017812
0.0125893 0.0158489 0.0134859
0.0125893 0.0199526 0.0128388
0.0125893 0.0251189 0.00933989
0.0125893 0.0316228 0.0139203
0.0125893 0.0398107 0.0151123
0.0125893 0.0501187 0.0124324
0.0125893 0.0630957 0.0102748
0.0125893 0.0794328 0.0160874
0.0125893 0.1 0.0104356
0.0125893 0.125893 0.0110521
0.0125893 0.158489 0.0144281
0.0125893 0.199526 0.00861975
0.0125893 0.251189 0.013899
0.0125893 0.316228 0.0111926
0.0125893 0.398107 0.0117271
0.0125893 0.501187 0.0120452
0.0125893 0.630957 0.0149672
0.0125893 0.794328 0.0177673
0.0125893 1 0.0189174
0.0125893 1.25893 0.0105128
0.0125893 1.58489 0.0136421
0.0125893 1.99526 0.0154923
0.0125893 2.51189 0.00914386
0.0125893 3.16228 0.0110371
0.0125893 3.98107 0.0129553
0.0125893 5.01187 0.00973669
0.0125893 6.30957 0.0166473
0.0125893 7.94328 0.00845722
0.0125893 10 0.0132645
0.0125893 12.5893 0.00953417
0.0125893 15.8489 0.00806052
0.0125893 19.9526 0.0126428
0.0125893 25.1189 0.0123157
0.0125893 31.6228 0.0168704
0.0125893 39.8107 0.0179712
0.0125893 50.1187 0.0134694
0.0125893 63.0957 0.0125461
0.0125893 79.4328 0.0121139
0.0158489 0.0001 0.00202139
0.0158489 0.000125893 0.00206956
0.0158489 0.000158489 0.00218724
0.0158489 0.000199526 0.00243287
0.0158489 0.000251189 0.00291009
0.0158489 0.000316228 0.00379833
0.0158489 0.000398107 0.00539046
0.0158489 0.000501187 0.00811128
0.0158489 0.000630957 0.012449
0.0158489 0.000794328 0.0186467
0.0158489 0.001 0.0257042
0.0158489 0.00125893 0.0291834
0.0158489 0.00158489 0.0221307
0.0158489 0.00199526 0.00790593
0.0158489 0.00251189 0.00167225
0.0158489 0.00316228 0.00491108
0.0158489 0.00398107 0.0252625
0.0158489 0.00501187 0.0431474
0.0158489 0.00630957 0.024531
0.0158489 0.00794328 0.0195273
0.0158489 0.01 0.0236016
0.0158489 0.0125893 0.0281348
0.0158489 0.0158489 0.0212746
0.0158489 0.0199526 0.0202312
0.0158489 0.0251189 0.0146868
0.0158489 0.0316228 0.0219391
0.0158489 0.0398107 0.0238187
0.0158489 0.0501187 0.0195719
0.0158489 0.0630957 0.0161679
0.0158489 0.0794328 0.0253871
0.0158489 0.1 0.0164185
0.0158489 0.125893 0.0174372
0.0158489 0.158489 0.0227192
0.0158489 0.199526 0.0135586
0.0158489 0.251189 0.0219235
0.0158489 0.316228 0.0176104
0.0158489 0.398107 0.0184718
0.0158489 0.501187 0.0189893
0.0158489 0.630957 0.0235625
0.0158489 0.794328 0.0280339
0.0158489 1 0.0298333
0.0158489 1.25893 0.0165114
0.0158489 1.58489 0.0214693
0.0158489 1.99526 0.0244191
0.0158489 2.51189 0.0143539
0.0158489 3.16228 0.0173645
0.0158489 3.98107 0.0203984
0.0158489 5.01187 0.0153249
0.0158489 6.30957 0.0262269
0.0158489 7.94328 0.0133417
0.0158489 10 0.0209003
0.0158489 12.5893 0.0149964
0.0158489 15.8489 0.0126731
0.0158489 19.9526 0.0198957
0.0158489 25.1189 0.0194016
0.0158489 31.6228 0.0265967
0.0158489 39.8107 0.0283255
0.0158489 50.1187 0.0211993
0.0158489 63.0957 0.0197537
0.0158489 79.4328 0.0190632
0.0199526 0.0001 0.00307657
0.0199526 0.000125893 0.00315422
0.0199526 0.000158489 0.00334183
0.0199526 0.000199526 0.00373167
0.0199526 0.000251189 0.00448751
0.0199526 0.000316228 0.00589335
0.0199526 0.000398107 0.00841375
0.0199526 0.000501187 0.0127246
0.0199526 0.000630957 0.0196076
0.0199526 0.000794328 0.0294636
0.0199526 0.001 0.0407198
0.0199526 0.00125893 0.0462857
0.0199526 0.00158489 0.0350462
0.0199526 0.00199526 0.0125151
0.0199526 0.00251189 0.00271978
0.0199526 0.00316228 0.007731
0.0199526 0.00398107 0.0398013
0.0199526 0.00501187 0.0682754
0.0199526 0.00630957 0.0386701
0.0199526 0.00794328 0.0308948
0.0199526 0.01 0.0371595
0.0199526 0.0125893 0.0443994
0.0199526 0.0158489 0.0335204
0.0199526 0.0199526 0.0318311
0.0199526 0.0251189 0.0230464
0.0199526 0.0316228 0.0345252
0.0199526 0.0398107 0.0374847
0.0199526 0.0501187 0.0307552
0.0199526 0.0630957 0.0253925
0.0199526 0.0794328 0.0400168
0.0199526 0.1 0.0257815
0.0199526 0.125893 0.0274791
0.0199526 0.158489 0.035711
0.0199526 0.199526 0.0212846
0.0199526 0.251189 0.0345376
0.0199526 0.316228 0.0276543
0.0199526 0.398107 0.029048
0.0199526 0.501187 0.0298956
0.0199526 0.630957 0.0370251
0.0199526 0.794328 0.0441802
0.0199526 1 0.0469841
0.0199526 1.25893 0.0258676
0.0199526 1.58489 0.0337221
0.0199526 1.99526 0.0384326
0.0199526 2.51189 0.0224741
0.0199526 3.16228 0.0272651
0.0199526 3.98107 0.0320611
0.0199526 5.01187 0.0240765
0.0199526 6.30957 0.0412508
0.0199526 7.94328 0.0210231
0.0199526 10 0.0328808
0.0199526 12.5893 0.0235405
0.0199526 15.8489 0.0198835
0.0199526 19.9526 0.0312486
0.0199526 25.1189 0.0305155
0.0199526 31.6228 0.041869
0.0199526 39.8107 0.0445772
0.0199526 50.1187 0.0333008
0.0199526 63.0957 0.0310465
0.0199526 79.4328 0.0299406
0.0251189 0.0001 0.00462904
0.0251189 0.000125893 0.00475464
0.0251189 0.000158489 0.005054
0.0251189 0.000199526 0.00567263
0.0251189 0.000251189 0.00686909
0.0251189 0.000316228 0.00909254
0.0251189 0.000398107 0.0130798
0.0251189 0.000501187 0.0199075
0.0251189 0.000630957 0.0308299
0.0251189 0.000794328 0.0465152
0.0251189 0.001 0.0644969
0.0251189 0.00125893 0.0734232
0.0251189 0.00158489 0.0554848
0.0251189 0.00199526 0.0198052
0.0251189 0.00251189 0.00445029
0.0251189 0.00316228 0.0121506
0.0251189 0.00398107 0.0625993
0.0251189 0.00501187 0.107978
0.0251189 0.00630957 0.0608684
0.0251189 0.00794328 0.0488567
0.0251189 0.01 0.0583966
0.0251189 0.0125893 0.0699842
0.0251189 0.0158489 0.0527337
0.0251189 0.0199526 0.0499839
0.0251189 0.0251189 0.0360678
0.0251189 0.0316228 0.0542278
0.0251189 0.0398107 0.0588785
0.0251189 0.0501187 0.0482159
0.0251189 0.0630957 0.0397833
0.0251189 0.0794328 0.0629848
0.0251189 0.1 0.0403834
0.0251189 0.125893 0.0432404
0.0251189 0.158489 0.0560029
0.0251189 0.199526 0.0333287
0.0251189 0.251189 0.0543233
0.0251189 0.316228 0.0433184
0.0251189 0.398107 0.0455853
0.0251189 0.501187 0.0469843
0.0251189 0.630957 0.0580398
0.0251189 0.794328 0.0695202
0.0251189 1 0.0738653
0.0251189 1.25893 0.0403935
0.0251189 1.58489 0.0528356
0.0251189 1.99526 0.0603734
0.0251189 2.51189 0.0350709
0.0251189 3.16228 0.0427025
0.0251189 3.98107 0.0502783
0.0251189 5.01187 0.0377386
0.0251189 6.30957 0.0647423
0.0251189 7.94328 0.0330808
0.0251189 10 0.0516266
0.0251189 12.5893 0.0368577
0.0251189 15.8489 0.0311132
0.0251189 19.9526 0.0489572
0.0251189 25.1189 0.0478982
0.0251189 31.6228 0.0657858
0.0251189 39.8107 0.0700141
0.0251189 50.1187 0.0521788
0.0251189 63.0957 0.0486834
0.0251189 79.4328 0.046906
0.0316228 0.0001 0.00686114
0.0316228 0.000125893 0.00706502
0.0316228 0.000158489 0.00754308
0.0316228 0.000199526 0.00852435
0.0316228 0.000251189 0.0104164
0.0316228 0.000316228 0.0139289
0.0316228 0.000398107 0.0202303
0.0316228 0.000501187 0.031037
0.0316228 0.000630957 0.0483687
0.0316228 0.000794328 0.0733517
0.0316228 0.001 0.102135
0.0316228 0.00125893 0.116496
0.0316228 0.00158489 0.0878115
0.0316228 0.00199526 0.031329
0.0316228 0.00251189 0.00733477
0.0316228 0.00316228 0.0190603
0.0316228 0.00398107 0.0982313
0.0316228 0.00501187 0.170634
0.0316228 0.00630957 0.0956262
0.0316228 0.00794328 0.0772145
0.0316228 0.01 0.0915474
0.0316228 0.0125893 0.110145
0.0316228 0.0158489 0.0827978
0.0316228 0.0199526 0.0782927
0.0316228 0.0251189 0.0562547
0.0316228 0.0316228 0.0849658
0.0316228 0.0398107 0.0922542
0.0316228 0.0501187 0.0753626
0.0316228 0.0630957 0.0621372
0.0316228 0.0794328 0.0989508
0.0316228 0.1 0.0630558
0.0316228 0.125893 0.0679165
0.0316228 0.158489 0.0875624
0.0316228 0.199526 0.0520204
0.0316228 0.251189 0.0852732
0.0316228 0.316228 0.0676389
0.0316228 0.398107 0.0713489
0.0316228 0.501187 0.0736802
0.0316228 0.630957 0.0906963
0.0316228 0.794328 0.109182
0.0316228 1 0.115863
0.0316228 1.25893 0.0628078
0.0316228 1.58489 0.0825148
0.0316228 1.99526 0.0946088
0.0316228 2.51189 0.0544934
0.0316228 3.16228 0.0666642
0.0316228 3.98107 0.0786182
0.0316228 5.01187 0.0589806
0.0316228 6.30957 0.101328
0.0316228 7.94328 0.0519655
0.0316228 10 0.0808557
0.0316228 12.5893 0.0575201
0.0316228 15.8489 0.0485219
0.0316228 19.9526 0.0764533
0.0316228 25.1189 0.0749882
0.0316228 31.6228 0.103108
0.0316228 39.8107 0.109681
0.0316228 50.1187 0.0814898
0.0316228 63.0957 0.0761144
0.0316228 79.4328 0.0732439
0.0398107 0.0001 0.00997165
0.0398107 0.000125893 0.0103037
0.0398107 0.000158489 0.0110675
0.0398107 0.000199526 0.0126223
0.0398107 0.000251189 0.0156092
0.0398107 0.000316228 0.0211478
0.0398107 0.000398107 0.0310902
0.0398107 0.000501187 0.0481759
0.0398107 0.000630957 0.0756691
0.0398107 0.000794328 0.115497
0.0398107 0.001 0.161684
0.0398107 0.00125893 0.184883
0.0398107 0.00158489 0.138903
0.0398107 0.00199526 0.0495327
0.0398107 0.00251189 0.0121928
0.0398107 0.00316228 0.0298323
0.0398107 0.00398107 0.153674
0.0398107 0.00501187 0.269337
0.0398107 0.00630957 0.149859
0.0398107 0.00794328 0.121935
0.0398107 0.01 0.143057
0.0398107 0.0125893 0.17301
0.0398107 0.0158489 0.129683
0.0398107 0.0199526 0.122242
0.0398107 0.0251189 0.0873603
0.0398107 0.0316228 0.13271
0.0398107 0.0398107 0.144089
0.0398107 0.0501187 0.117336
0.0398107 0.0630957 0.096669
0.0398107 0.0794328 0.155085
0.0398107 0.1 0.0980607
0.0398107 0.125893 0.106428
0.0398107 0.158489 0.136371
0.0398107 0.199526 0.0808633
0.0398107 0.251189 0.133518
0.0398107 0.316228 0.105183
0.0398107 0.398107 0.111299
0.0398107 0.501187 0.115229
0.0398107 0.630957 0.141143
0.0398107 0.794328 0.171043
0.0398107 1 0.181204
0.0398107 1.25893 0.0971123
0.0398107 1.58489 0.128323
0.0398107 1.99526 0.147792
0.0398107 2.51189 0.084202
0.0398107 3.16228 0.103639
0.0398107 3.98107 0.122474
0.0398107 5.01187 0.0918393
0.0398107 6.30957 0.158007
0.0398107 7.94328 0.081464
0.0398107 10 0.126227
0.0398107 12.5893 0.0893918
0.0398107 15.8489 0.0753518
0.0398107 19.9526 0.11889
0.0398107 25.1189 0.117013
0.0398107 31.6228 0.161074
0.0398107 39.8107 0.171235
0.0398107 50.1187 0.126714
0.0398107 63.0957 0.118548
0.0398107 79.4328 0.113881
0.0501187 0.0001 0.0141254
0.0501187 0.000125893 0.0146678
0.0501187 0.000158489 0.0158873
0.0501187 0.000199526 0.0183458
0.0501187 0.000251189 0.0230477
0.0501187 0.000316228 0.0317551
0.0501187 0.000398107 0.0474008
0.0501187 0.000501187 0.0743618
0.0501187 0.000630957 0.11794
0.0501187 0.000794328 0.181486
0.0501187 0.001 0.255827
0.0501187 0.00125893 0.293499
0.0501187 0.00158489 0.219564
0.0501187 0.00199526 0.078262
0.0501187 0.00251189 0.0204714
0.0501187 0.00316228 0.0465741
0.0501187 0.00398107 0.23941
0.0501187 0.00501187 0.424391
0.0501187 0.00630957 0.234089
0.0501187 0.00794328 0.192356
0.0501187 0.01 0.222596
0.0501187 0.0125893 0.271056
0.0501187 0.0158489 0.202491
0.0501187 0.0199526 0.190083
0.0501187 0.0251189 0.134917
0.0501187 0.0316228 0.206447
0.0501187 0.0398107 0.224123
0.0501187 0.0501187 0.181768
0.0501187 0.0630957 0.149636
0.0501187 0.0794328 0.242324
0.0501187 0.1 0.151715
0.0501187 0.125893 0.166297
0.0501187 0.158489 0.21129
0.0501187 0.199526 0.125046
0.0501187 0.251189 0.208391
0.0501187 0.316228 0.162711
0.0501187 0.398107 0.172878
0.0501187 0.501187 0.179595
0.0501187 0.630957 0.218449
0.0501187 0.794328 0.267094
0.0501187 1 0.282299
0.0501187 1.25893 0.149035
0.0501187 1.58489 0.198458
0.0501187 1.99526 0.229936
0.0501187 2.51189 0.129169
0.0501187 3.16228 0.160264
0.0501187 3.98107 0.189877
0.0501187 5.01187 0.142339
0.0501187 6.30957 0.245194
0.0501187 7.94328 0.127399
0.0501187 10 0.196248
0.0501187 12.5893 0.138185
0.0501187 15.8489 0.116399
0.0501187 19.9526 0.183866
0.0501187 25.1189 0.181827
0.0501187 31.6228 0.250528
0.0501187 39.8107 0.266127
0.0501187 50.1187 0.195898
0.0501187 63.0957 0.183725
0.0501187 79.4328 0.176065
0.0630957 0.0001 0.0193633
0.0630957 0.000125893 0.0202503
0.0630957 0.000158489 0.0221932
0.0630957 0.000199526 0.0260651
0.0630957 0.000251189 0.0334316
0.0630957 0.000316228 0.0470547
0.0630957 0.000398107 0.0715697
0.0630957 0.000501187 0.113976
0.0630957 0.000630957 0.182931
0.0630957 0.000794328 0.284381
0.0630957 0.001 0.404482
0.0630957 0.00125893 0.466075
0.0630957 0.00158489 0.346702
0.0630957 0.00199526 0.12355
0.0630957 0.00251189 0.0347622
0.0630957 0.00316228 0.0725158
0.0630957 0.00398107 0.370841
0.0630957 0.00501187 0.666877
0.0630957 0.00630957 0.364111
0.0630957 0.00794328 0.303017
0.0630957 0.01 0.344389
0.0630957 0.0125893 0.423221
0.0630957 0.0158489 0.314968
0.0630957 0.0199526 0.294033
0.0630957 0.0251189 0.206907
0.0630957 0.0316228 0.319494
0.0630957 0.0398107 0.346748
0.0630957 0.0501187 0.279735
0.0630957 0.0630957 0.230148
0.0630957 0.0794328 0.377163
0.0630957 0.1 0.233194
0.0630957 0.125893 0.258905
0.0630957 0.158489 0.325127
0.0630957 0.199526 0.192095
0.0630957 0.251189 0.323939
0.0630957 0.316228 0.250025
0.0630957 0.398107 0.267072
0.0630957 0.501187 0.278733
0.0630957 0.630957 0.335624
0.0630957 0.794328 0.415358
0.0630957 1 0.437559
0.0630957 1.25893 0.226438
0.0630957 1.58489 0.304695
0.0630957 1.99526 0.355856
0.0630957 2.51189 0.196293
0.0630957 3.16228 0.24613
0.0630957 3.98107 0.292544
0.0630957 5.01187 0.219323
0.0630957 6.30957 0.37802
0.0630957 7.94328 0.198679
0.0630957 10 0.303513
0.0630957 12.5893 0.212163
0.0630957 15.8489 0.178633
0.0630957 19.9526 0.282295
0.0630957 25.1189 0.281046
0.0630957 31.6228 0.387362
0.0630957 39.8107 0.411107
0.0630957 50.1187 0.300505
0.0630957 63.0957 0.282902
0.0630957 79.4328 0.270174
0.0794328 0.0001 0.0255211
0.0794328 0.000125893 0.0269688
0.0794328 0.000158489 0.0300478
0.0794328 0.000199526 0.0361018
0.0794328 0.000251189 0.0475513
0.0794328 0.000316228 0.0686987
0.0794328 0.000398107 0.106842
0.0794328 0.000501187 0.173173
0.0794328 0.000630957 0.28192
0.0794328 0.000794328 0.443872
0.0794328 0.001 0.638758
0.0794328 0.00125893 0.740356
0.0794328 0.00158489 0.5466
0.0794328 0.00199526 0.194833
0.0794328 0.00251189 0.0597725
0.0794328 0.00316228 0.11262
0.0794328 0.00398107 0.569795
0.0794328 0.00501187 1.04324
0.0794328 0.00630957 0.563193
0.0794328 0.00794328 0.476403
0.0794328 0.01 0.528758
0.0794328 0.0125893 0.657814
0.0794328 0.0158489 0.487633
0.0794328 0.0199526 0.451822
0.0794328 0.0251189 0.314525
0.0794328 0.0316228 0.491169
0.0794328 0.0398107 0.532737
0.0794328 0.0501187 0.426828
0.0794328 0.0630957 0.351131
0.0794328 0.0794328 0.584112
0.0794328 0.1 0.355469
0.0794328 0.125893 0.40128
0.0794328 0.158489 0.495713
0.0794328 0.199526 0.292638
0.0794328 0.251189 0.500998
0.0794328 0.316228 0.380951
0.0794328 0.398107 0.40975
0.0794328 0.501187 0.430353
0.0794328 0.630957 0.510565
0.0794328 0.794328 0.642469
0.0794328 1 0.673632
0.0794328 1.25893 0.339407
0.0794328 1.58489 0.463322
0.0794328 1.99526 0.546996
0.0794328 2.51189 0.29466
0.0794328 3.16228 0.374713
0.0794328 3.98107 0.447091
0.0794328 5.01187 0.335502
0.0794328 6.30957 0.577703
0.0794328 7.94328 0.30887
0.0794328 10 0.46626
0.0794328 12.5893 0.322944
0.0794328 15.8489 0.271981
0.0794328 19.9526 0.429284
0.0794328 25.1189 0.431521
0.0794328 31.6228 0.594093
0.0794328 39.8107 0.62992
0.0794328 50.1187 0.456107
0.0794328 63.0957 0.431963
0.0794328 79.4328 0.41047
0.1 0.0001 0.0324185
0.1 0.000125893 0.0347631
0.1 0.000158489 0.0395908
0.1 0.000199526 0.048939
0.1 0.000251189 0.0665023
0.1 0.000316228 0.0989129
0.1 0.000398107 0.157583
0.1 0.000501187 0.260373
0.1 0.000630957 0.430808
0.1 0.000794328 0.688931
0.1 0.001 1.00677
0.1 0.00125893 1.17632
0.1 0.00158489 0.859666
0.1 0.00199526 0.306814
0.1 0.00251189 0.104154
0.1 0.00316228 0.17459
0.1 0.00398107 0.865396
0.1 0.00501187 1.61967
0.1 0.00630957 0.86471
0.1 0.00794328 0.746899
0.1 0.01 0.803584
0.1 0.0125893 1.01618
0.1 0.0158489 0.750778
0.1 0.0199526 0.688535
0.1 0.0251189 0.472967
0.1 0.0316228 0.748723
0.1 0.0398107 0.811097
0.1 0.0501187 0.644025
0.1 0.0630957 0.530339
0.1 0.0794328 0.898868
0.1 0.1 0.53626
0.1 0.125893 0.61848
0.1 0.158489 0.746509
0.1 0.199526 0.441152
0.1 0.251189 0.769877
0.1 0.316228 0.574357
0.1 0.398107 0.623206
0.1 0.501187 0.660278
0.1 0.630957 0.766269
0.1 0.794328 0.986861
0.1 1 1.02775
0.1 1.25893 0.499447
0.1 1.58489 0.695678
0.1 1.99526 0.833447
0.1 2.51189 0.435351
0.1 3.16228 0.564258
0.1 3.98107 0.676174
0.1 5.01187 0.508719
0.1 6.30957 0.872373
0.1 7.94328 0.478558
0.1 10 0.71016
0.1 12.5893 0.48624
0.1 15.8489 0.41034
0.1 19.9526 0.644606
0.1 25.1189 0.65712
0.1 31.6228 0.900891
0.1 39.8107 0.95464
0.1 50.1187 0.682288
0.1 63.0957 0.652381
0.1 79.4328 0.615388
0.125893 0.0001 0.0412222
0.125893 0.000125893 0.0449556
0.125893 0.000158489 0.0523799
0.125893 0.000199526 0.0665145
0.125893 0.000251189 0.0928849
0.125893 0.000316228 0.141544
0.125893 0.000398107 0.230117
0.125893 0.000501187 0.38693
0.125893 0.000630957 0.651026
0.125893 0.000794328 1.06049
0.125893 0.001 1.58153
0.125893 0.00125893 1.86892
0.125893 0.00158489 1.3468
0.125893 0.00199526 0.482302
0.125893 0.00251189 0.183945
0.125893 0.00316228 0.270678
0.125893 0.00398107 1.29229
0.125893 0.00501187 2.48132
0.125893 0.00630957 1.31463
0.125893 0.00794328 1.1661
0.125893 0.01 1.20516
0.125893 0.0125893 1.55652
0.125893 0.0158489 1.14872
0.125893 0.0199526 1.03863
0.125893 0.0251189 0.702189
0.125893 0.0316228 1.12919
0.125893 0.0398107 1.22045
0.125893 0.0501187 0.957758
0.125893 0.0630957 0.791242
0.125893 0.0794328 1.37202
0.125893 0.1 0.798774
0.125893 0.125893 0.946622
0.125893 0.158489 1.10564
0.125893 0.199526 0.656474
0.125893 0.251189 1.17348
0.125893 0.316228 0.855127
0.125893 0.398107 0.937601
0.125893 0.501187 1.00545
0.125893 0.630957 1.12892
0.125893 0.794328 1.50214
0.125893 1 1.54912
0.125893 1.25893 0.716855
0.125893 1.58489 1.02761
0.125893 1.99526 1.25572
0.125893 2.51189 0.630357
0.125893 3.16228 0.838488
0.125893 3.98107 1.00898
0.125893 5.01187 0.763403
0.125893 6.30957 1.29599
0.125893 7.94328 0.738899
0.125893 10 1.06992
0.125893 12.5893 0.722239
0.125893 15.8489 0.613118
0.125893 19.9526 0.952029
0.125893 25.1189 0.990755
0.125893 31.6228 1.34429
0.125893 39.8107 1.42548
0.125893 50.1187 1.00039
0.125893 63.0957 0.971461
0.125893 79.4328 0.90659
0.158489 0.0001 0.0594304
0.158489 0.000125893 0.0651955
0.158489 0.000158489 0.0762461
0.158489 0.000199526 0.0969021
0.158489 0.000251189 0.135167
0.158489 0.000316228 0.205867
0.158489 0.000398107 0.335636
0.158489 0.000501187 0.568742
0.158489 0.000630957 0.969761
0.158489 0.000794328 1.61217
0.158489 0.001 2.46977
0.158489 0.00125893 2.967
0.158489 0.00158489 2.0964
0.158489 0.00199526 0.756515
0.158489 0.00251189 0.329016
0.158489 0.00316228 0.421182
0.158489 0.00398107 1.88198
0.158489 0.00501187 3.71185
0.158489 0.00630957 1.97202
0.158489 0.00794328 1.80893
0.158489 0.01 1.77865
0.158489 0.0125893 2.35599
0.158489 0.0158489 1.74621
0.158489 0.0199526 1.54805
0.158489 0.0251189 1.02807
0.158489 0.0316228 1.6804
0.158489 0.0398107 1.80856
0.158489 0.0501187 1.39806
0.158489 0.0630957 1.16363
0.158489 0.0794328 2.07237
0.158489 0.1 1.172
0.158489 0.125893 1.43618
0.158489 0.158489 1.60162
0.158489 0.199526 0.961836
0.158489 0.251189 1.76995
0.158489 0.316228 1.25542
0.158489 0.398107 1.39175
0.158489 0.501187 1.51747
0.158489 0.630957 1.62143
0.158489 0.794328 2.25916
0.158489 1 2.29714
0.158489 1.25893 0.99554
0.158489 1.58489 1.48717
0.158489 1.99526 1.86526
0.158489 2.51189 0.890458
0.158489 3.16228 1.22741
0.158489 3.98107 1.48008
0.158489 5.01187 1.13242
0.158489 6.30957 1.88272
0.158489 7.94328 1.13692
0.158489 10 1.58976
0.158489 12.5893 1.05517
0.158489 15.8489 0.908334
0.158489 19.9526 1.37649
0.158489 25.1189 1.47662
0.158489 31.6228 1.95961
0.158489 39.8107 2.08685
0.158489 50.1187 1.42711
0.158489 63.0957 1.42091
0.158489 79.4328 1.30604
0.199526 0.0001 0.114817
0.199526 0.000125893 0.123288
0.199526 0.000158489 0.138911
0.199526 0.000199526 0.167543
0.199526 0.000251189 0.220222
0.199526 0.000316228 0.317876
0.199526 0.000398107 0.499271
0.199526 0.000501187 0.831533
0.199526 0.000630957 1.41937
0.199526 0.000794328 2.40397
0.199526 0.001 3.81403
0.199526 0.00125893 4.69743
0.199526 0.00158489 3.22662
0.199526 0.00199526 1.18373
0.199526 0.00251189 0.594915
0.199526 0.00316228 0.66161
0.199526 0.00398107 2.64035
0.199526 0.00501187 5.32136
0.199526 0.00630957 2.90192
0.199526 0.00794328 2.77758
0.199526 0.01 2.58209
0.199526 0.0125893 3.5058
0.199526 0.0158489 2.63828
0.199526 0.0199526 2.27688
0.199526 0.0251189 1.48575
0.199526 0.0316228 2.4593
0.199526 0.0398107 2.62716
0.199526 0.0501187 1.99335
0.199526 0.0630957 1.68419
0.199526 0.0794328 3.08659
0.199526 0.1 1.69064
0.199526 0.125893 2.15428
0.199526 0.158489 2.2541
0.199526 0.199526 1.38474
0.199526 0.251189 2.63183
0.199526 0.316228 1.81781
0.199526 0.398107 2.03216
0.199526 0.501187 2.26557
0.199526 0.630957 2.24956
0.199526 0.794328 3.34273
0.199526 1 3.33152
0.199526 1.25893 1.32716
0.199526 1.58489 2.1011
0.199526 1.99526 2.72152
0.199526 2.51189 1.22354
0.199526 3.16228 1.7698
0.199526 3.98107 2.12517
0.199526 5.01187 1.65995
0.199526 6.30957 2.65339
0.199526 7.94328 1.74295
0.199526 10 2.32057
0.199526 12.5893 1.5117
0.199526 15.8489 1.33977
0.199526 19.9526 1.93879
0.199526 25.1189 2.17272
0.199526 31.6228 2.76053
0.199526 39.8107 2.97632
0.199526 50.1187 1.96255
0.199526 63.0957 2.03255
0.199526 79.4328 1.83214
0.251189 0.0001 0.287227
0.251189 0.000125893 0.298792
0.251189 0.000158489 0.31925
0.251189 0.000199526 0.355934
0.251189 0.000251189 0.422985
0.251189 0.000316228 0.548006
0.251189 0.000398107 0.784041
0.251189 0.000501187 1.22728
0.251189 0.000630957 2.03905
0.251189 0.000794328 3.47887
0.251189 0.001 5.75916
0.251189 0.00125893 7.37698
0.251189 0.00158489 4.86463
0.251189 0.00199526 1.84829
0.251189 0.00251189 1.08422
0.251189 0.00316228 1.05746
0.251189 0.00398107 3.50763
0.251189 0.00501187 7.07274
0.251189 0.00630957 4.1454
0.251189 0.00794328 4.19391
0.251189 0.01 3.70398
0.251189 0.0125893 5.09009
0.251189 0.0158489 3.96296
0.251189 0.0199526 3.30382
0.251189 0.0251189 2.12971
0.251189 0.0316228 3.52223
0.251189 0.0398107 3.71562
0.251189 0.0501187 2.7612
0.251189 0.0630957 2.39786
0.251189 0.0794328 4.50424
0.251189 0.1 2.39541
0.251189 0.125893 3.18252
0.251189 0.158489 3.06099
0.251189 0.199526 1.9595
0.251189 0.251189 3.83203
0.251189 0.316228 2.60299
0.251189 0.398107 2.9083
0.251189 0.501187 3.33496
0.251189 0.630957 2.98147
0.251189 0.794328 4.83154
0.251189 1 4.6862
0.251189 1.25893 1.69443
0.251189 1.58489 2.89331
0.251189 1.99526 3.88043
0.251189 2.51189 1.63953
0.251189 3.16228 2.52102
0.251189 3.98107 2.97241
0.251189 5.01187 2.40646
0.251189 6.30957 3.59245
0.251189 7.94328 2.65915
0.251189 10 3.30882
0.251189 12.5893 2.11903
0.251189 15.8489 1.98152
0.251189 19.9526 2.65084
0.251189 25.1189 3.15276
0.251189 31.6228 3.70144
0.251189 39.8107 4.0991
0.251189 50.1187 2.57786
0.251189 63.0957 2.8302
0.251189 79.4328 2.50215
0.316228 0.0001 0.768545
0.316228 0.000125893 0.782768
0.316228 0.000158489 0.806755
0.316228 0.000199526 0.848657
0.316228 0.000251189 0.924706
0.316228 0.000316228 1.06777
0.316228 0.000398107 1.34367
0.316228 0.000501187 1.87754
0.316228 0.000630957 2.89365
0.316228 0.000794328 4.81672
0.316228 0.001 8.28985
0.316228 0.00125893 11.299
0.316228 0.00158489 7.05076
0.316228 0.00199526 2.88631
0.316228 0.00251189 1.98399
0.316228 0.00316228 1.73395
0.316228 0.00398107 4.32433
0.316228 0.00501187 8.20302
0.316228 0.00630957 5.63457
0.316228 0.00794328 6.15581
0.316228 0.01 5.28595
0.316228 0.0125893 7.13849
0.316228 0.0158489 5.90051
0.316228 0.0199526 4.733
0.316228 0.0251189 3.0575
0.316228 0.0316228 4.89297
0.316228 0.0398107 5.06322
0.316228 0.0501187 3.70189
0.316228 0.0630957 3.3629
0.316228 0.0794328 6.35509
0.316228 0.1 3.33641
0.316228 0.125893 4.60329
0.316228 0.158489 3.99305
0.316228 0.199526 2.74366
0.316228 0.251189 5.39607
0.316228 0.316228 3.7011
0.316228 0.398107 4.06263
0.316228 0.501187 4.80836
0.316228 0.630957 3.73944
0.316228 0.794328 6.73299
0.316228 1 6.31835
0.316228 1.25893 2.10824
0.316228 1.58489 3.8896
0.316228 1.99526 5.36214
0.316228 2.51189 2.17907
0.316228 3.16228 3.5675
0.316228 3.98107 4.03239
0.316228 5.01187 3.45574
0.316228 6.30957 4.62804
0.316228 7.94328 4.02271
0.316228 10 4.57093
0.316228 12.5893 2.91182
0.316228 15.8489 2.9592
0.316228 19.9526 3.5228
0.316228 25.1189 4.50135
0.316228 31.6228 4.64944
0.316228 39.8107 5.37048
0.316228 50.1187 3.22808
0.316228 63.0957 3.82175
0.316228 79.4328 3.3569
0.398107 0.0001 1.95835
0.398107 0.000125893 1.97343
0.398107 0.000158489 1.9973
0.398107 0.000199526 2.0375
0.398107 0.000251189 2.10978
0.398107 0.000316228 2.24762
0.398107 0.000398107 2.52124
0.398107 0.000501187 3.06984
0.398107 0.000630957 4.15496
0.398107 0.000794328 6.33098
0.398107 0.001 10.7938
0.398107 0.00125893 15.8609
0.398107 0.00158489 9.49742
0.398107 0.00199526 4.53837
0.398107 0.00251189 3.62992
0.398107 0.00316228 2.93736
0.398107 0.00398107 4.88356
0.398107 0.00501187 7.42328
0.398107 0.00630957 7.042
0.398107 0.00794328 8.61014
0.398107 0.01 7.44903
0.398107 0.0125893 9.54206
0.398107 0.0158489 8.58283
0.398107 0.0199526 6.68667
0.398107 0.0251189 4.45357
0.398107 0.0316228 6.50077
0.398107 0.0398107 6.56574
0.398107 0.0501187 4.83826
0.398107 0.0630957 4.67766
0.398107 0.0794328 8.44373
0.398107 0.1 4.59845
0.398107 0.125893 6.47179
0.398107 0.158489 5.03639
0.398107 0.199526 3.88356
0.398107 0.251189 7.2179
0.398107 0.316228 5.23554
0.398107 0.398107 5.53181
0.398107 0.501187 6.71746
0.398107 0.630957 4.47672
0.398107 0.794328 8.83549
0.398107 1 8.04833
0.398107 1.25893 2.72179
0.398107 1.58489 5.13635
0.398107 1.99526 7.09351
0.398107 2.51189 3.00676
0.398107 3.16228 5.04048
0.398107 3.98107 5.31793
0.398107 5.01187 4.93048
0.398107 6.30957 5.67329
0.398107 7.94328 5.98852
0.398107 10 6.07121
0.398107 12.5893 3.99121
0.398107 15.8489 4.46986
0.398107 19.9526 4.61313
0.398107 25.1189 6.28773
0.398107 31.6228 5.47988
0.398107 39.8107 6.53966
0.398107 50.1187 3.95564
0.398107 63.0957 5.02695
0.398107 79.4328 4.52331
0.501187 0.0001 4.60088
0.501187 0.000125893 4.61355
0.501187 0.000158489 4.63153
0.501187 0.000199526 4.65974
0.501187 0.000251189 4.70959
0.501187 0.000316228 4.80746
0.501187 0.000398107 5.01209
0.501187 0.000501187 5.44452
0.501187 0.000630957 6.33749
0.501187 0.000794328 8.19407
0.501187 0.001 12.127
0.501187 0.00125893 17.0217
0.501187 0.00158489 11.5741
0.501187 0.00199526 7.28822
0.501187 0.00251189 6.61472
0.501187 0.00316228 5.18622
0.501187 0.00398107 5.22559
0.501187 0.00501187 4.78476
0.501187 0.00630957 7.90701
0.501187 0.00794328 11.1976
0.501187 0.01 9.99039
0.501187 0.0125893 11.863
0.501187 0.0158489 11.7249
0.501187 0.0199526 9.20722
0.501187 0.0251189 6.66813
0.501187 0.0316228 8.25559
0.501187 0.0398107 8.17296
0.501187 0.0501187 6.43787
0.501187 0.0630957 6.62726
0.501187 0.0794328 10.2703
0.501187 0.1 6.4554
0.501187 0.125893 8.84521
0.501187 0.158489 6.41834
0.501187 0.199526 5.81614
0.501187 0.251189 9.15767
0.501187 0.316228 7.39633
0.501187 0.398107 7.47667
0.501187 0.501187 9.04832
0.501187 0.630957 5.51509
0.501187 0.794328 10.6656
0.501187 1 9.65024
0.501187 1.25893 4.09631
0.501187 1.58489 6.82941
0.501187 1.99526 8.95775
0.501187 2.51189 4.65514
0.501187 3.16228 7.16514
0.501187 3.98107 7.02703
0.501187 5.01187 7.09594
0.501187 6.30957 6.89911
0.501187 7.94328 8.71442
0.501187 10 7.86609
0.501187 12.5893 5.761
0.501187 15.8489 6.83791
0.501187 19.9526 6.2182
0.501187 25.1189 8.5596
0.501187 31.6228 6.47546
0.501187 39.8107 7.459
0.501187 50.1187 5.1879
0.501187 63.0957 6.67936
0.501187 79.4328 6.34998
0.630957 0.0001 9.97823
0.630957 0.000125893 9.98486
0.630957 0.000158489 9.9914
0.630957 0.000199526 9.99856
0.630957 0.000251189 10.0101
0.630957 0.000316228 10.038
0.630957 0.000398107 10.1138
0.630957 0.000501187 10.3073
0.630957 0.000630957 10.7576
0.630957 0.000794328 11.744
0.630957 0.001 13.7051
0.630957 0.00125893 15.791
0.630957 0.00158489 14.1028
0.630957 0.00199526 12.1729
0.630957 0.00251189 11.9734
0.630957 0.00316228 9.67345
0.630957 0.00398107 6.81566
0.630957 0.00501187 4.13859
0.630957 0.00630957 9.25797
0.630957 0.00794328 13.9845
0.630957 0.01 12.7689
0.630957 0.0125893 13.7176
0.630957 0.0158489 14.5879
0.630957 0.0199526 12.3743
0.630957 0.0251189 10.5281
0.630957 0.0316228 10.9565
0.630957 0.0398107 10.7979
0.630957 0.0501187 9.66072
0.630957 0.0630957 10.2472
0.630957 0.0794328 12.2997
0.630957 0.1 9.9833
0.630957 0.125893 12.2987
0.630957 0.158489 9.34916
0.630957 0.199526 9.76308
0.630957 0.251189 11.9974
0.630957 0.316228 10.9401
0.630957 0.398107 10.8234
0.630957 0.501187 12.3294
0.630957 0.630957 8.36771
0.630957 0.794328 12.6587
0.630957 1 11.7758
0.630957 1.25893 7.7444
0.630957 1.58489 9.97883
0.630957 1.99526 11.5868
0.630957 2.51189 8.54789
0.630957 3.16228 10.748
0.630957 3.98107 10.2211
0.630957 5.01187 10.8693
0.630957 6.30957 9.55803
0.630957 7.94328 12.739
0.630957 10 10.8868
0.630957 12.5893 9.51442
0.630957 15.8489 10.9298
0.630957 19.9526 9.49046
0.630957 25.1189 11.8411
0.630957 31.6228 9.12571
0.630957 39.8107 9.48089
0.630957 50.1187 8.36591
0.630957 63.0957 9.89096
0.630957 79.4328 9.89099
0.794328 0.0001 20.2072
0.794328 0.000125893 20.2068
0.794328 0.000158489 20.2022
0.794328 0.000199526 20.1906
0.794328 0.000251189 20.1691
0.794328 0.000316228 20.1357
0.794328 0.000398107 20.0936
0.794328 0.000501187 20.0584
0.794328 0.000630957 20.0714
0.794328 0.000794328 20.2167
0.794328 0.001 20.5993
0.794328 0.00125893 21.0887
0.794328 0.00158489 21.1709
0.794328 0.00199526 21.3045
0.794328 0.00251189 21.5288
0.794328 0.00316228 19.0589
0.794328 0.00398107 14.759
0.794328 0.00501187 12.0009
0.794328 0.00630957 16.1042
0.794328 0.00794328 20.2432
0.794328 0.01 19.1334
0.794328 0.0125893 18.8878
0.794328 0.0158489 20.0444
0.794328 0.0199526 19.0835
0.794328 0.0251189 18.7804
0.794328 0.0316228 18.3283
0.794328 0.0398107 18.2064
0.794328 0.0501187 17.9046
0.794328 0.0630957 18.6396
0.794328 0.0794328 18.7768
0.794328 0.1 18.4123
0.794328 0.125893 19.7466
0.794328 0.158489 17.5293
0.794328 0.199526 18.6806
0.794328 0.251189 19.3087
0.794328 0.316228 18.966
0.794328 0.398107 18.8094
0.794328 0.501187 19.6218
0.794328 0.630957 16.9553
0.794328 0.794328 18.9985
0.794328 1 18.4495
0.794328 1.25893 17.0776
0.794328 1.58489 18.0498
0.794328 1.99526 18.6265
0.794328 2.51189 17.8677
0.794328 3.16228 18.87
0.794328 3.98107 18.3062
0.794328 5.01187 19.1667
0.794328 6.30957 17.5159
0.794328 7.94328 20.5943
0.794328 10 18.6416
0.794328 12.5893 18.4072
0.794328 15.8489 19.4839
0.794328 19.9526 17.8601
0.794328 25.1189 19.2147
0.794328 31.6228 17.341
0.794328 39.8107 17.1456
0.794328 50.1187 17.0989
0.794328 63.0957 18.0746
0.794328 79.4328 18.3108
