0.3 2 6373.61
0.3 2.03 5965.95
0.3 2.06 5573.81
0.3 2.09 5198.61
0.3 2.12 4841.65
0.3 2.15 4504.15
0.3 2.18 4187.23
0.3 2.21 3891.9
0.3 2.24 3619.04
0.3 2.27 3369.44
0.3 2.3 3143.77
0.3 2.33 2942.54
0.3 2.36 2766.18
0.3 2.39 2614.96
0.3 2.42 2489.05
0.3 2.45 2388.47
0.3 2.48 2313.16
0.3 2.51 2262.94
0.3 2.54 2237.51
0.3 2.57 2236.49
0.3 2.6 2259.38
0.3 2.63 2305.59
0.3 2.66 2374.41
0.3 2.69 2464.96
0.3 2.72 2552.2
0.3 2.75 2664.75
0.3 2.78 2797.55
0.3 2.81 2949.74
0.3 2.84 3120.38
0.3 2.87 3308.51
0.3 2.9 3513.14
0.3 2.93 3733.25
0.3 2.96 3967.87
0.3 2.99 4216.04
0.3 3.02 4476.78
0.3 3.05 4749.18
0.3 3.08 5032.31
0.3 3.11 5325.26
0.3 3.14 5627.13
0.3 3.17 5937
0.3 3.2 6253.99
0.3 3.23 6577.24
0.3 3.26 6905.88
0.3 3.29 7239.12
0.3 3.32 7576.16
0.3 3.35 7916.3
0.3 3.38 8258.85
0.3 3.41 8603.17
0.3 3.44 8948.68
0.3 3.47 9294.83
0.308 2 6229.81
0.308 2.03 5809.76
0.308 2.06 5405.6
0.308 2.09 5018.81
0.308 2.12 4650.79
0.308 2.15 4302.82
0.308 2.18 3976.07
0.308 2.21 3671.62
0.308 2.24 3390.41
0.308 2.27 3133.27
0.308 2.3 2900.89
0.308 2.33 2693.84
0.308 2.36 2512.56
0.308 2.39 2357.33
0.308 2.42 2228.34
0.308 2.45 2125.63
0.308 2.48 2049.11
0.308 2.51 1998.61
0.308 2.54 1973.82
0.308 2.57 1974.35
0.308 2.6 1999.67
0.308 2.63 2049.17
0.308 2.66 2122.11
0.308 2.69 2217.57
0.308 2.72 2305.47
0.308 2.75 2423.73
0.308 2.78 2562.97
0.308 2.81 2722.27
0.308 2.84 2900.65
0.308 2.87 3097.07
0.308 2.9 3310.5
0.308 2.93 3539.87
0.308 2.96 3784.16
0.308 2.99 4042.32
0.308 3.02 4313.37
0.308 3.05 4596.32
0.308 3.08 4890.19
0.308 3.11 5194.02
0.308 3.14 5506.86
0.308 3.17 5827.77
0.308 3.2 6155.8
0.308 3.23 6490.03
0.308 3.26 6829.59
0.308 3.29 7173.62
0.308 3.32 7521.31
0.308 3.35 7871.9
0.308 3.38 8224.69
0.308 3.41 8579.03
0.308 3.44 8934.32
0.308 3.47 9289.98
0.316 2 6099.45
0.316 2.03 5667.2
0.316 2.06 5251.18
0.316 2.09 4852.97
0.316 2.12 4474.05
0.316 2.15 4115.75
0.316 2.18 3779.33
0.316 2.21 3465.91
0.316 2.24 3176.49
0.316 2.27 2911.95
0.316 2.3 2673.03
0.316 2.33 2460.31
0.316 2.36 2274.26
0.316 2.39 2115.21
0.316 2.42 1983.32
0.316 2.45 1878.65
0.316 2.48 1801.12
0.316 2.51 1750.55
0.316 2.54 1726.61
0.316 2.57 1728.9
0.316 2.6 1756.87
0.316 2.63 1809.89
0.316 2.66 1887.18
0.316 2.69 1987.8
0.316 2.72 2076.27
0.316 2.75 2200.48
0.316 2.78 2346.4
0.316 2.81 2513.05
0.316 2.84 2699.4
0.316 2.87 2904.36
0.316 2.9 3126.82
0.316 2.93 3365.68
0.316 2.96 3619.83
0.316 2.99 3888.2
0.316 3.02 4169.74
0.316 3.05 4463.4
0.316 3.08 4768.17
0.316 3.11 5083.03
0.316 3.14 5406.97
0.316 3.17 5739.01
0.316 3.2 6078.15
0.316 3.23 6423.43
0.316 3.26 6773.94
0.316 3.29 7128.76
0.316 3.32 7487.06
0.316 3.35 7848.06
0.316 3.38 8211.02
0.316 3.41 8575.28
0.316 3.44 8940.2
0.316 3.47 9305.21
0.324 2 5982.5
0.324 2.03 5538.28
0.324 2.06 5110.62
0.324 2.09 4701.2
0.324 2.12 4311.55
0.324 2.15 3943.11
0.324 2.18 3597.19
0.324 2.21 3274.97
0.324 2.24 2977.52
0.324 2.27 2705.76
0.324 2.3 2460.46
0.324 2.33 2242.25
0.324 2.36 2051.63
0.324 2.39 1888.93
0.324 2.42 1754.34
0.324 2.45 1647.91
0.324 2.48 1569.58
0.324 2.51 1519.14
0.324 2.54 1496.28
0.324 2.57 1500.55
0.324 2.6 1531.41
0.324 2.63 1588.18
0.324 2.66 1670.07
0.324 2.69 1776.09
0.324 2.72 1865.02
0.324 2.75 1995.43
0.324 2.78 2148.29
0.324 2.81 2322.54
0.324 2.84 2517.1
0.324 2.87 2730.82
0.324 2.9 2962.54
0.324 2.93 3211.09
0.324 2.96 3475.33
0.324 2.99 3754.1
0.324 3.02 4046.31
0.324 3.05 4350.85
0.324 3.08 4666.67
0.324 3.11 4992.68
0.324 3.14 5327.84
0.324 3.17 5671.1
0.324 3.2 6021.41
0.324 3.23 6377.79
0.324 3.26 6739.24
0.324 3.29 7104.84
0.324 3.32 7473.72
0.324 3.35 7845.06
0.324 3.38 8218.09
0.324 3.41 8592.13
0.324 3.44 8966.54
0.324 3.47 9340.72
0.332 2 5878.9
0.332 2.03 5422.95
0.332 2.06 4983.9
0.332 2.09 4563.49
0.332 2.12 4163.35
0.332 2.15 3784.98
0.332 2.18 3429.76
0.332 2.21 3098.96
0.332 2.24 2793.67
0.332 2.27 2514.88
0.332 2.3 2263.4
0.332 2.33 2039.91
0.332 2.36 1844.91
0.332 2.39 1678.76
0.332 2.42 1541.68
0.332 2.45 1433.72
0.332 2.48 1354.8
0.332 2.51 1304.72
0.332 2.54 1283.15
0.332 2.57 1289.64
0.332 2.6 1323.62
0.332 2.63 1384.39
0.332 2.66 1471.12
0.332 2.69 1582.79
0.332 2.72 1672.09
0.332 2.75 1808.97
0.332 2.78 1969
0.332 2.81 2151.09
0.332 2.84 2354.1
0.332 2.87 2576.81
0.332 2.9 2818.01
0.332 2.93 3076.47
0.332 2.96 3350.98
0.332 2.99 3640.34
0.332 3.02 3943.39
0.332 3.05 4258.98
0.332 3.08 4585.98
0.332 3.11 4923.27
0.332 3.14 5269.74
0.332 3.17 5624.28
0.332 3.2 5985.82
0.332 3.23 6353.31
0.332 3.26 6725.71
0.332 3.29 7102.07
0.332 3.32 7481.47
0.332 3.35 7863.05
0.332 3.38 8246.05
0.332 3.41 8629.73
0.332 3.44 9013.46
0.332 3.47 9396.61
0.34 2 5788.46
0.34 2.03 5321.1
0.34 2.06 4870.94
0.34 2.09 4439.81
0.34 2.12 4029.42
0.34 2.15 3641.36
0.34 2.18 3277.09
0.34 2.21 2937.92
0.34 2.24 2625.02
0.34 2.27 2339.43
0.34 2.3 2081.99
0.34 2.33 1853.43
0.34 2.36 1654.28
0.34 2.39 1484.91
0.34 2.42 1345.56
0.34 2.45 1236.28
0.34 2.48 1157
0.34 2.51 1107.52
0.34 2.54 1087.48
0.34 2.57 1096.43
0.34 2.6 1133.78
0.34 2.63 1198.79
0.34 2.66 1290.6
0.34 2.69 1408.17
0.34 2.72 1497.76
0.34 2.75 1641.34
0.34 2.78 1808.79
0.34 2.81 1998.96
0.34 2.84 2210.64
0.34 2.87 2442.57
0.34 2.9 2693.46
0.34 2.93 2962.02
0.34 2.96 3247
0.34 2.99 3547.12
0.34 3.02 3861.18
0.34 3.05 4187.95
0.34 3.08 4526.26
0.34 3.11 4874.93
0.34 3.14 5232.79
0.34 3.17 5598.69
0.34 3.2 5971.5
0.34 3.23 6350.1
0.34 3.26 6733.45
0.34 3.29 7120.51
0.34 3.32 7510.35
0.34 3.35 7902.08
0.34 3.38 8294.9
0.34 3.41 8688.06
0.34 3.44 9080.9
0.34 3.47 9472.79
0.348 2 5710.94
0.348 2.03 5232.49
0.348 2.06 4771.54
0.348 2.09 4329.99
0.348 2.12 3909.66
0.348 2.15 3512.19
0.348 2.18 3139.13
0.348 2.21 2791.85
0.348 2.24 2471.59
0.348 2.27 2179.44
0.348 2.3 1916.29
0.348 2.33 1682.9
0.348 2.36 1479.83
0.348 2.39 1307.48
0.348 2.42 1166.09
0.348 2.45 1055.73
0.348 2.48 976.337
0.348 2.51 927.684
0.348 2.54 909.425
0.348 2.57 921.074
0.348 2.6 962.019
0.348 2.63 1031.51
0.348 2.66 1128.66
0.348 2.69 1252.37
0.348 2.72 1342.17
0.348 2.75 1492.7
0.348 2.78 1667.81
0.348 2.81 1866.29
0.348 2.84 2086.86
0.348 2.87 2328.21
0.348 2.9 2588.99
0.348 2.93 2867.85
0.348 2.96 3163.47
0.348 2.99 3474.52
0.348 3.02 3799.72
0.348 3.05 4137.81
0.348 3.08 4487.55
0.348 3.11 4847.68
0.348 3.14 5217.01
0.348 3.17 5594.3
0.348 3.2 5978.39
0.348 3.23 6368.1
0.348 3.26 6762.34
0.348 3.29 7160.04
0.348 3.32 7560.23
0.348 3.35 7961.98
0.348 3.38 8364.47
0.348 3.41 8766.92
0.348 3.44 9168.66
0.348 3.47 9569.06
0.356 2 5645.98
0.356 2.03 5156.83
0.356 2.06 4685.44
0.356 2.09 4233.82
0.356 2.12 3803.85
0.356 2.15 3397.29
0.356 2.18 3015.73
0.356 2.21 2660.63
0.356 2.24 2333.3
0.356 2.27 2034.85
0.356 2.3 1766.26
0.356 2.33 1528.29
0.356 2.36 1321.56
0.356 2.39 1146.48
0.356 2.42 1003.3
0.356 2.45 892.109
0.356 2.48 812.835
0.356 2.51 765.257
0.356 2.54 749.012
0.356 2.57 763.602
0.356 2.6 808.391
0.356 2.63 882.607
0.356 2.66 985.32
0.356 2.69 1115.41
0.356 2.72 1205.36
0.356 2.75 1363.09
0.356 2.78 1546.08
0.356 2.81 1753.07
0.356 2.84 1982.74
0.356 2.87 2233.71
0.356 2.9 2504.56
0.356 2.93 2793.89
0.356 2.96 3100.31
0.356 2.99 3422.44
0.356 3.02 3758.92
0.356 3.05 4108.43
0.356 3.08 4469.67
0.356 3.11 4841.35
0.356 3.14 5222.18
0.356 3.17 5610.9
0.356 3.2 6006.26
0.356 3.23 6407.05
0.356 3.26 6812.13
0.356 3.29 7220.39
0.356 3.32 7630.81
0.356 3.35 8042.44
0.356 3.38 8454.42
0.356 3.41 8865.97
0.356 3.44 9276.37
0.356 3.47 9685.01
0.364 2 5593.16
0.364 2.03 5093.72
0.364 2.06 4612.28
0.364 2.09 4150.95
0.364 2.12 3711.71
0.364 2.15 3296.39
0.364 2.18 2906.67
0.364 2.21 2544.07
0.364 2.24 2209.95
0.364 2.27 1905.51
0.364 2.3 1631.75
0.364 2.33 1389.48
0.364 2.36 1179.35
0.364 2.39 1001.8
0.364 2.42 857.092
0.364 2.45 745.32
0.364 2.48 666.417
0.364 2.51 620.157
0.364 2.54 606.167
0.364 2.57 623.934
0.364 2.6 672.801
0.364 2.63 751.969
0.364 2.66 860.48
0.364 2.69 997.176
0.364 2.72 1087.23
0.364 2.75 1252.36
0.364 2.78 1443.45
0.364 2.81 1659.16
0.364 2.84 1898.11
0.364 2.87 2158.87
0.364 2.9 2439.97
0.364 2.93 2739.92
0.364 2.96 3057.28
0.364 2.99 3390.59
0.364 3.02 3738.46
0.364 3.05 4099.49
0.364 3.08 4472.31
0.364 3.11 4855.58
0.364 3.14 5247.94
0.364 3.17 5648.07
0.364 3.2 6054.69
0.364 3.23 6466.52
0.364 3.26 6882.36
0.364 3.29 7301.07
0.364 3.32 7721.59
0.364 3.35 8142.93
0.364 3.38 8564.21
0.364 3.41 8984.62
0.364 3.44 9403.44
0.364 3.47 9820.02
0.372 2 5551.94
0.372 2.03 5042.64
0.372 2.06 4551.58
0.372 2.09 4080.96
0.372 2.12 3632.84
0.372 2.15 3209.13
0.372 2.18 2811.59
0.372 2.21 2441.83
0.372 2.24 2101.26
0.372 2.27 1791.13
0.372 2.3 1512.51
0.372 2.33 1266.24
0.372 2.36 1052.99
0.372 2.39 873.237
0.372 2.42 727.259
0.372 2.45 615.161
0.372 2.48 536.876
0.372 2.51 492.174
0.372 2.54 480.675
0.372 2.57 501.848
0.372 2.6 555.017
0.372 2.63 639.356
0.372 2.66 753.877
0.372 2.69 897.388
0.372 2.72 987.521
0.372 2.75 1160.26
0.372 2.78 1359.62
0.372 2.81 1584.23
0.372 2.84 1832.63
0.372 2.87 2103.34
0.372 2.9 2394.81
0.372 2.93 2705.52
0.372 2.96 3033.92
0.372 2.99 3378.52
0.372 3.02 3737.86
0.372 3.05 4110.46
0.372 3.08 4494.91
0.372 3.11 4889.78
0.372 3.14 5293.67
0.372 3.17 5705.2
0.372 3.2 6123.02
0.372 3.23 6545.81
0.372 3.26 6972.31
0.372 3.29 7401.34
0.372 3.32 7831.8
0.372 3.35 8262.67
0.372 3.38 8693.03
0.372 3.41 9122.06
0.372 3.44 9549.02
0.372 3.47 9973.23
0.38 2 5521.67
0.38 2.03 5003
0.38 2.06 4502.78
0.38 2.09 4023.3
0.38 2.12 3566.71
0.38 2.15 3135.02
0.38 2.18 2730.05
0.38 2.21 2353.49
0.38 2.24 2006.82
0.38 2.27 1691.34
0.38 2.3 1408.17
0.38 2.33 1158.19
0.38 2.36 942.12
0.38 2.39 760.443
0.38 2.42 613.463
0.38 2.45 501.293
0.38 2.48 423.869
0.38 2.51 380.961
0.38 2.54 372.177
0.38 2.57 396.971
0.38 2.6 454.649
0.38 2.63 544.359
0.38 2.66 665.083
0.38 2.69 815.596
0.38 2.72 905.797
0.38 2.75 1086.32
0.38 2.78 1294.12
0.38 2.81 1527.77
0.38 2.84 1785.76
0.38 2.87 2066.53
0.38 2.9 2368.49
0.38 2.93 2690.03
0.38 2.96 3029.57
0.38 2.99 3385.53
0.38 3.02 3756.37
0.38 3.05 4140.58
0.38 3.08 4536.66
0.38 3.11 4943.13
0.38 3.14 5358.53
0.38 3.17 5781.4
0.38 3.2 6210.34
0.38 3.23 6643.98
0.38 3.26 7081.02
0.38 3.29 7520.22
0.38 3.32 7960.43
0.38 3.35 8400.61
0.38 3.38 8839.82
0.38 3.41 9277.2
0.38 3.44 9712
0.38 3.47 10143.6
0.388 2 5501.61
0.388 2.03 4974.08
0.388 2.06 4465.19
0.388 2.09 3977.33
0.388 2.12 3512.72
0.388 2.15 3073.47
0.388 2.18 2661.48
0.388 2.21 2278.51
0.388 2.24 1926.1
0.388 2.27 1605.62
0.388 2.3 1318.23
0.388 2.33 1064.87
0.388 2.36 846.265
0.388 2.39 662.945
0.388 2.42 515.227
0.388 2.45 403.235
0.388 2.48 326.909
0.388 2.51 286.016
0.388 2.54 280.157
0.388 2.57 308.772
0.388 2.6 371.145
0.388 2.63 466.401
0.388 2.66 593.495
0.388 2.69 751.166
0.388 2.72 841.445
0.388 2.75 1029.89
0.388 2.78 1246.26
0.388 2.81 1489.06
0.388 2.84 1756.74
0.388 2.87 2047.66
0.388 2.9 2360.17
0.388 2.93 2692.61
0.388 2.96 3043.32
0.388 2.99 3410.66
0.388 3.02 3793.03
0.388 3.05 4188.84
0.388 3.08 4596.53
0.388 3.11 5014.55
0.388 3.14 5441.38
0.388 3.17 5875.52
0.388 3.2 6315.48
0.388 3.23 6759.84
0.388 3.26 7207.25
0.388 3.29 7656.43
0.388 3.32 8106.2
0.388 3.35 8555.47
0.388 3.38 9003.26
0.388 3.41 9448.71
0.388 3.44 9891.05
0.388 3.47 10329.6
0.396 2 5490.94
0.396 2.03 4955.08
0.396 2.06 4438.04
0.396 2.09 3942.28
0.396 2.12 3470.14
0.396 2.15 3023.78
0.396 2.18 2605.2
0.396 2.21 2216.22
0.396 2.24 1858.46
0.396 2.27 1533.35
0.396 2.3 1242.08
0.396 2.33 985.645
0.396 2.36 764.813
0.396 2.39 580.13
0.396 2.42 431.933
0.396 2.45 320.36
0.396 2.48 245.356
0.396 2.51 206.685
0.396 2.54 203.941
0.396 2.57 236.549
0.396 2.6 303.776
0.396 2.63 404.723
0.396 2.66 538.316
0.396 2.69 703.265
0.396 2.72 897.836
0.396 2.75 990.132
0.396 2.78 1215.15
0.396 2.81 1467.18
0.396 2.84 1744.59
0.396 2.87 2045.7
0.396 2.9 2368.8
0.396 2.93 2712.15
0.396 2.96 3074.02
0.396 2.99 3452.72
0.396 3.02 3846.58
0.396 3.05 4253.94
0.396 3.08 4673.17
0.396 3.11 5102.67
0.396 3.14 5540.83
0.396 3.17 5986.09
0.396 3.2 6436.93
0.396 3.23 6891.85
0.396 3.26 7349.45
0.396 3.29 7808.41
0.396 3.32 8267.5
0.396 3.35 8725.6
0.396 3.38 9181.7
0.396 3.41 9634.92
0.396 3.44 10084.5
0.396 3.47 10529.7
0.404 2 5488.71
0.404 2.03 4945.09
0.404 2.06 4420.43
0.404 2.09 3917.3
0.404 2.12 3438.12
0.404 2.15 2985.12
0.404 2.18 2560.4
0.404 2.21 2165.84
0.404 2.24 1803.13
0.404 2.27 1473.75
0.404 2.3 1178.96
0.404 2.33 919.777
0.404 2.36 697.015
0.404 2.39 511.241
0.404 2.42 362.817
0.404 2.45 251.89
0.404 2.48 178.413
0.404 2.51 142.148
0.404 2.54 142.682
0.404 2.57 179.427
0.404 2.6 251.631
0.404 2.63 358.374
0.404 2.66 498.555
0.404 2.69 670.865
0.404 2.72 873.523
0.404 2.75 965.968
0.404 2.78 1199.68
0.404 2.81 1460.94
0.404 2.84 1748.1
0.404 2.87 2059.39
0.404 2.9 2393.04
0.404 2.93 2747.25
0.404 2.96 3120.24
0.404 2.99 3510.23
0.404 3.02 3915.49
0.404 3.05 4334.3
0.404 3.08 4764.96
0.404 3.11 5205.79
0.404 3.14 5655.13
0.404 3.17 6111.37
0.404 3.2 6572.89
0.404 3.23 7038.17
0.404 3.26 7505.74
0.404 3.29 7974.23
0.404 3.32 8442.38
0.404 3.35 8909.03
0.404 3.38 9373.14
0.404 3.41 9833.8
0.404 3.44 10290.2
0.404 3.47 10741.7
0.412 2 5493.92
0.412 2.03 4943.1
0.412 2.06 4411.39
0.412 2.09 3901.43
0.412 2.12 3415.71
0.412 2.15 2956.58
0.412 2.18 2526.18
0.412 2.21 2126.47
0.412 2.24 1759.22
0.412 2.27 1425.96
0.412 2.3 1127.99
0.412 2.33 866.382
0.412 2.36 641.981
0.412 2.39 455.383
0.412 2.42 306.967
0.412 2.45 196.897
0.412 2.48 125.128
0.412 2.51 91.4249
0.412 2.54 95.366
0.412 2.57 136.353
0.412 2.6 213.616
0.412 2.63 326.214
0.412 2.66 473.023
0.412 2.69 652.707
0.412 2.72 863.467
0.412 2.75 956.115
0.412 2.78 1198.49
0.412 2.81 1468.96
0.412 2.84 1765.79
0.412 2.87 2087.19
0.412 2.9 2431.31
0.412 2.93 2796.28
0.412 2.96 3180.26
0.412 2.99 3581.41
0.412 3.02 3997.93
0.412 3.05 4428.02
0.412 3.08 4869.93
0.412 3.11 5321.91
0.412 3.14 5782.24
0.412 3.17 6249.22
0.412 3.2 6721.2
0.412 3.23 7196.59
0.412 3.26 7673.87
0.412 3.29 8151.63
0.412 3.32 8628.54
0.412 3.35 9103.43
0.412 3.38 9575.23
0.412 3.41 10043
0.412 3.44 10505.9
0.412 3.47 10963.3
0.42 2 5505.47
0.42 2.03 4948.05
0.42 2.06 4409.86
0.42 2.09 3893.62
0.42 2.12 3401.9
0.42 2.15 2937.12
0.42 2.18 2501.52
0.42 2.21 2097.11
0.42 2.24 1725.73
0.42 2.27 1388.96
0.42 2.3 1088.17
0.42 2.33 824.454
0.42 2.36 598.698
0.42 2.39 411.524
0.42 2.42 263.334
0.42 2.45 154.303
0.42 2.48 84.3945
0.42 2.51 53.3733
0.42 2.54 60.8123
0.42 2.57 106.102
0.42 2.6 188.456
0.42 2.63 306.912
0.42 2.66 460.326
0.42 2.69 647.343
0.42 2.72 866.157
0.42 2.75 959.06
0.42 2.78 1210.01
0.42 2.81 1489.57
0.42 2.84 1795.96
0.42 2.87 2127.32
0.42 2.9 2481.73
0.42 2.93 2857.29
0.42 2.96 3252.07
0.42 2.99 3664.18
0.42 3.02 4091.74
0.42 3.05 4532.89
0.42 3.08 4985.81
0.42 3.11 5448.69
0.42 3.14 5919.74
0.42 3.17 6397.2
0.42 3.2 6879.36
0.42 3.23 7364.57
0.42 3.26 7851.25
0.42 3.29 8337.95
0.42 3.32 8823.31
0.42 3.35 9306.1
0.42 3.38 9785.23
0.42 3.41 10259.7
0.42 3.44 10728.8
0.42 3.47 11191.7
0.428 2 5522.21
0.428 2.03 4958.79
0.428 2.06 4414.7
0.428 2.09 3892.73
0.428 2.12 3395.55
0.428 2.15 2925.65
0.428 2.18 2485.31
0.428 2.21 2076.66
0.428 2.24 1701.56
0.428 2.27 1361.67
0.428 2.3 1058.39
0.428 2.33 792.871
0.428 2.36 566.026
0.428 2.39 378.506
0.428 2.42 230.732
0.428 2.45 122.893
0.428 2.48 54.9615
0.428 2.51 26.7018
0.428 2.54 37.6822
0.428 2.57 87.2822
0.428 2.6 174.7
0.428 2.63 298.954
0.428 2.66 458.883
0.428 2.69 653.121
0.428 2.72 879.864
0.428 2.75 973.078
0.428 2.78 1232.44
0.428 2.81 1520.91
0.428 2.84 1836.64
0.428 2.87 2177.72
0.428 2.9 2542.2
0.428 2.93 2928.08
0.428 2.96 3333.39
0.428 2.99 3756.17
0.428 3.02 4194.47
0.428 3.05 4646.37
0.428 3.08 5109.99
0.428 3.11 5583.45
0.428 3.14 6064.89
0.428 3.17 6552.49
0.428 3.2 7044.49
0.428 3.23 7539.16
0.428 3.26 8034.9
0.428 3.29 8530.18
0.428 3.32 9023.62
0.428 3.35 9513.95
0.428 3.38 10000
0.428 3.41 10480.9
0.428 3.44 10955.7
0.428 3.47 11423.7
0.436 2 5542.94
0.436 2.03 4974.12
0.436 2.06 4424.72
0.436 2.09 3897.6
0.436 2.12 3395.49
0.436 2.15 2920.97
0.436 2.18 2476.39
0.436 2.21 2063.93
0.436 2.24 1685.52
0.436 2.27 1342.88
0.436 2.3 1037.44
0.436 2.33 770.41
0.436 2.36 542.721
0.436 2.39 355.059
0.436 2.42 207.86
0.436 2.45 101.331
0.436 2.48 35.4497
0.436 2.51 9.98322
0.436 2.54 24.4949
0.436 2.57 78.3541
0.436 2.6 170.743
0.436 2.63 300.664
0.436 2.66 466.939
0.436 2.69 668.195
0.436 2.72 902.669
0.436 2.75 996.241
0.436 2.78 1263.76
0.436 2.81 1560.85
0.436 2.84 1885.62
0.436 2.87 2236.12
0.436 2.9 2610.31
0.436 2.93 3006.16
0.436 2.96 3421.64
0.436 2.99 3854.71
0.436 3.02 4303.36
0.436 3.05 4765.63
0.436 3.08 5239.55
0.436 3.11 5723.18
0.436 3.14 6214.6
0.436 3.17 6711.93
0.436 3.2 7213.35
0.436 3.23 7717.08
0.436 3.26 8221.46
0.436 3.29 8724.92
0.436 3.32 9226.02
0.436 3.35 9723.47
0.436 3.38 10216.1
0.436 3.41 10702.9
0.436 3.44 11183.1
0.436 3.47 11655.7
0.444 2 5566.45
0.444 2.03 4992.83
0.444 2.06 4438.69
0.444 2.09 3906.97
0.444 2.12 3400.48
0.444 2.15 2921.85
0.444 2.18 2473.5
0.444 2.21 2057.67
0.444 2.24 1676.36
0.444 2.27 1331.32
0.444 2.3 1024.05
0.444 2.33 755.767
0.444 2.36 527.456
0.444 2.39 339.822
0.444 2.42 193.324
0.444 2.45 88.1787
0.444 2.48 24.3741
0.444 2.51 1.67872
0.444 2.54 19.6519
0.444 2.57 77.6532
0.444 2.6 174.851
0.444 2.63 310.226
0.444 2.66 482.585
0.444 2.69 690.556
0.444 2.72 932.7
0.444 2.75 1026.44
0.444 2.78 1301.77
0.444 2.81 1607.1
0.444 2.84 1940.52
0.444 2.87 2299.99
0.444 2.9 2683.46
0.444 2.93 3088.83
0.444 2.96 3514
0.444 2.99 3956.88
0.444 3.02 4415.4
0.444 3.05 4887.53
0.444 3.08 5371.25
0.444 3.11 5864.55
0.444 3.14 6365.46
0.444 3.17 6872.03
0.444 3.2 7382.37
0.444 3.23 7894.67
0.444 3.26 8407.21
0.444 3.29 8918.38
0.444 3.32 9426.69
0.444 3.35 9930.81
0.444 3.38 10429.6
0.444 3.41 10921.9
0.444 3.44 11406.9
0.444 3.47 11883.9
0.452 2 5591.52
0.452 2.03 5013.68
0.452 2.06 4455.38
0.452 2.09 3919.63
0.452 2.12 3409.28
0.452 2.15 2927.04
0.452 2.18 2475.39
0.452 2.21 2056.62
0.452 2.24 1672.79
0.452 2.27 1325.7
0.452 2.3 1016.87
0.452 2.33 747.589
0.452 2.36 518.846
0.452 2.39 331.378
0.452 2.42 185.662
0.452 2.45 81.9288
0.452 2.48 20.1744
0.452 2.51 0.169168
0.452 2.54 21.469
0.452 2.57 83.4244
0.452 2.6 185.188
0.452 2.63 325.722
0.452 2.66 503.804
0.452 2.69 594.645
0.452 2.72 811.051
0.452 2.75 1061.45
0.452 2.78 1344.12
0.452 2.81 1657.21
0.452 2.84 1998.75
0.452 2.87 2366.68
0.452 2.9 2758.86
0.452 2.93 3173.17
0.452 2.96 3607.43
0.452 2.99 4059.53
0.452 3.02 4527.32
0.452 3.05 5008.72
0.452 3.08 5501.63
0.452 3.11 6004
0.452 3.14 6513.79
0.452 3.17 7029
0.452 3.2 7547.7
0.452 3.23 8068
0.452 3.26 8588.15
0.452 3.29 9106.48
0.452 3.32 9621.48
0.452 3.35 10131.8
0.452 3.38 10636.1
0.452 3.41 11133.5
0.452 3.44 11623
0.452 3.47 12103.9
0.46 2 5616.95
0.46 2.03 5035.46
0.46 2.06 4473.57
0.46 2.09 3934.32
0.46 2.12 3420.64
0.46 2.15 2935.28
0.46 2.18 2480.78
0.46 2.21 2059.49
0.46 2.24 1673.51
0.46 2.27 1324.68
0.46 2.3 1014.58
0.46 2.33 744.503
0.46 2.36 515.485
0.46 2.39 328.28
0.46 2.42 183.385
0.46 2.45 81.0417
0.46 2.48 21.2544
0.46 2.51 3.79562
0.46 2.54 28.2181
0.46 2.57 93.8634
0.46 2.6 199.868
0.46 2.63 345.17
0.46 2.66 528.484
0.46 2.69 619.825
0.46 2.72 842.157
0.46 2.75 1098.92
0.46 2.78 1388.37
0.46 2.81 1708.62
0.46 2.84 2057.66
0.46 2.87 2433.37
0.46 2.9 2833.6
0.46 2.93 3256.14
0.46 2.96 3698.8
0.46 2.99 4159.39
0.46 3.02 4635.72
0.46 3.05 5125.64
0.46 3.08 5627.02
0.46 3.11 6137.74
0.46 3.14 6655.7
0.46 3.17 7178.86
0.46 3.2 7705.22
0.46 3.23 8232.87
0.46 3.26 8759.99
0.46 3.29 9284.87
0.46 3.32 9805.97
0.46 3.35 10321.9
0.46 3.38 10831.3
0.46 3.41 11333.3
0.46 3.44 11826.8
0.46 3.47 12311.1
0.468 2 5641.61
0.468 2.03 5057.03
0.468 2.06 4492.08
0.468 2.09 3949.87
0.468 2.12 3433.36
0.468 2.15 2945.36
0.468 2.18 2488.45
0.468 2.21 2065.03
0.468 2.24 1677.25
0.468 2.27 1326.98
0.468 2.3 1015.84
0.468 2.33 745.157
0.468 2.36 515.985
0.468 2.39 329.101
0.468 2.42 185.018
0.468 2.45 83.9904
0.468 2.48 26.0286
0.468 2.51 10.908
0.468 2.54 38.1785
0.468 2.57 107.173
0.468 2.6 217.013
0.468 2.63 366.6
0.468 2.66 455.131
0.468 2.69 646.377
0.468 2.72 874.04
0.468 2.75 1136.53
0.468 2.78 1432.08
0.468 2.81 1758.77
0.468 2.84 2114.54
0.468 2.87 2497.25
0.468 2.9 2904.71
0.468 2.93 3334.66
0.468 2.96 3784.87
0.468 2.99 4253.09
0.468 3.02 4737.1
0.468 3.05 5234.69
0.468 3.08 5743.68
0.468 3.11 6261.9
0.468 3.14 6787.21
0.468 3.17 7317.5
0.468 3.2 7850.74
0.468 3.23 8384.97
0.468 3.26 8918.33
0.468 3.29 9449.07
0.468 3.32 9975.61
0.468 3.35 10496.5
0.468 3.38 11010.5
0.468 3.41 11516.5
0.468 3.44 12013.5
0.468 3.47 12500.8
0.476 2 5664.43
0.476 2.03 5077.3
0.476 2.06 4509.83
0.476 2.09 3965.17
0.476 2.12 3446.32
0.476 2.15 2956.12
0.476 2.18 2497.23
0.476 2.21 2072.06
0.476 2.24 1682.8
0.476 2.27 1331.37
0.476 2.3 1019.41
0.476 2.33 748.265
0.476 2.36 519.024
0.476 2.39 332.477
0.476 2.42 189.151
0.476 2.45 89.3122
0.476 2.48 32.9761
0.476 2.51 19.9209
0.476 2.54 49.6942
0.476 2.57 121.621
0.476 2.6 234.806
0.476 2.63 388.098
0.476 2.66 476.731
0.476 2.69 672.243
0.476 2.72 904.537
0.476 2.75 1172.01
0.476 2.78 1472.85
0.476 2.81 1805.13
0.476 2.84 2166.76
0.476 2.87 2555.56
0.476 2.9 2969.3
0.476 2.93 3405.7
0.476 2.96 3862.47
0.476 2.99 4337.34
0.476 3.02 4828.03
0.476 3.05 5332.3
0.476 3.08 5847.91
0.476 3.11 6372.66
0.476 3.14 6904.35
0.476 3.17 7440.85
0.476 3.2 7980.07
0.476 3.23 8520.01
0.476 3.26 9058.77
0.476 3.29 9594.59
0.476 3.32 10125.8
0.476 3.35 10651
0.476 3.38 11168.9
0.476 3.41 11678.3
0.476 3.44 12178.3
0.476 3.47 12668.1
0.484 2 5684.47
0.484 2.03 5095.31
0.484 2.06 4525.82
0.484 2.09 3979.2
0.484 2.12 3458.48
0.484 2.15 2966.54
0.484 2.18 2506.06
0.484 2.21 2079.5
0.484 2.24 1689.08
0.484 2.27 1336.73
0.484 2.3 1024.13
0.484 2.33 752.652
0.484 2.36 523.392
0.484 2.39 337.159
0.484 2.42 194.491
0.484 2.45 95.6635
0.484 2.48 40.698
0.484 2.51 29.3743
0.484 2.54 61.2383
0.484 2.57 135.608
0.484 2.6 251.572
0.484 2.63 407.873
0.484 2.66 496.476
0.484 2.69 695.515
0.484 2.72 931.639
0.484 2.75 1203.22
0.484 2.78 1508.46
0.484 2.81 1845.37
0.484 2.84 2211.85
0.484 2.87 2605.7
0.484 2.9 3024.66
0.484 2.93 3466.41
0.484 2.96 3928.64
0.484 2.99 4409.03
0.484 3.02 4905.27
0.484 3.05 5415.09
0.484 3.08 5936.21
0.484 3.11 6466.37
0.484 3.14 7003.37
0.484 3.17 7545.02
0.484 3.2 8089.2
0.484 3.23 8633.88
0.484 3.26 9177.12
0.484 3.29 9717.14
0.484 3.32 10252.3
0.484 3.35 10781
0.484 3.38 11302.1
0.484 3.41 11814.3
0.484 3.44 12316.7
0.484 3.47 12808.6
0.492 2 5700.93
0.492 2.03 5110.22
0.492 2.06 4539.21
0.492 2.09 3991.11
0.492 2.12 3468.98
0.492 2.15 2975.72
0.492 2.18 2514.04
0.492 2.21 2086.43
0.492 2.24 1695.13
0.492 2.27 1342.09
0.492 2.3 1029.02
0.492 2.33 757.3
0.492 2.36 528.039
0.492 2.39 342.062
0.492 2.42 199.914
0.492 2.45 101.876
0.492 2.48 47.9766
0.492 2.51 37.9958
0.492 2.54 71.4785
0.492 2.57 147.738
0.492 2.6 265.846
0.492 2.63 349.758
0.492 2.66 512.774
0.492 2.69 714.517
0.492 2.72 953.581
0.492 2.75 1228.33
0.492 2.78 1536.94
0.492 2.81 1877.42
0.492 2.84 2247.64
0.492 2.87 2645.4
0.492 2.9 3068.38
0.492 2.93 3514.28
0.492 2.96 3980.72
0.492 2.99 4465.39
0.492 3.02 4965.94
0.492 3.05 5480.05
0.492 3.08 6005.43
0.492 3.11 6539.8
0.492 3.14 7080.91
0.492 3.17 7626.55
0.492 3.2 8174.57
0.492 3.23 8722.91
0.492 3.26 9269.62
0.492 3.29 9812.87
0.492 3.32 10351
0.492 3.35 10882.5
0.492 3.38 11406
0.492 3.41 11920.4
0.492 3.44 12424.7
0.492 3.47 12918.1
0.5 2 5713.14
0.5 2.03 5121.38
0.5 2.06 4549.32
0.5 2.09 4000.2
0.5 2.12 3477.1
0.5 2.15 2982.94
0.5 2.18 2520.44
0.5 2.21 2092.1
0.5 2.24 1700.19
0.5 2.27 1346.69
0.5 2.3 1033.28
0.5 2.33 761.391
0.5 2.36 532.125
0.5 2.39 346.316
0.5 2.42 204.515
0.5 2.45 107.011
0.5 2.48 53.8316
0.5 2.51 44.76
0.5 2.54 79.3397
0.5 2.57 156.88
0.5 2.6 276.439
0.5 2.63 359.679
0.5 2.66 524.339
0.5 2.69 727.893
0.5 2.72 968.933
0.5 2.75 1245.82
0.5 2.78 1556.71
0.5 2.81 1899.6
0.5 2.84 2272.37
0.5 2.87 2672.78
0.5 2.9 3098.51
0.5 2.93 3547.23
0.5 2.96 4016.57
0.5 2.99 4504.16
0.5 3.02 5007.65
0.5 3.05 5524.71
0.5 3.08 6053.01
0.5 3.11 6590.26
0.5 3.14 7134.19
0.5 3.17 7682.56
0.5 3.2 8233.21
0.5 3.23 8784.07
0.5 3.26 9333.15
0.5 3.29 9878.62
0.5 3.32 10418.8
0.5 3.35 10952.1
0.5 3.38 11477.3
0.5 3.41 11993.2
0.5 3.44 12498.7
0.5 3.47 12993.2
0.508 2 5720.66
0.508 2.03 5128.3
0.508 2.06 4555.67
0.508 2.09 4005.99
0.508 2.12 3482.35
0.508 2.15 2987.69
0.508 2.18 2524.73
0.508 2.21 2095.99
0.508 2.24 1703.74
0.508 2.27 1349.96
0.508 2.3 1036.36
0.508 2.33 764.348
0.508 2.36 535.052
0.508 2.39 349.303
0.508 2.42 207.657
0.508 2.45 110.401
0.508 2.48 57.5678
0.508 2.51 48.9392
0.508 2.54 84.0587
0.508 2.57 162.233
0.508 2.6 282.51
0.508 2.63 364.811
0.508 2.66 530.254
0.508 2.69 734.679
0.508 2.72 976.678
0.508 2.75 1254.61
0.508 2.78 1566.62
0.508 2.81 1910.72
0.508 2.84 2284.77
0.508 2.87 2686.51
0.508 2.9 3113.65
0.508 2.93 3563.8
0.508 2.96 4034.61
0.508 2.99 4523.71
0.508 3.02 5028.71
0.508 3.05 5547.28
0.508 3.08 6077.1
0.508 3.11 6615.84
0.508 3.14 7161.22
0.508 3.17 7711.01
0.508 3.2 8263.02
0.508 3.23 8815.17
0.508 3.26 9365.48
0.508 3.29 9912.1
0.508 3.32 10453.3
0.508 3.35 10987.6
0.508 3.38 11513.7
0.508 3.41 12030.3
0.508 3.44 12536.5
0.508 3.47 13031.5
0.516 2 5723.22
0.516 2.03 5130.74
0.516 2.06 4557.99
0.516 2.09 4008.19
0.516 2.12 3484.45
0.516 2.15 2989.69
0.516 2.18 2526.63
0.516 2.21 2097.8
0.516 2.24 1705.47
0.516 2.27 1351.61
0.516 2.3 1037.93
0.516 2.33 765.856
0.516 2.36 536.498
0.516 2.39 350.692
0.516 2.42 208.993
0.516 2.45 111.69
0.516 2.48 58.812
0.516 2.51 50.1429
0.516 2.54 85.2252
0.516 2.57 163.365
0.516 2.6 283.601
0.516 2.63 364.683
0.516 2.66 530.029
0.516 2.69 734.359
0.516 2.72 976.274
0.516 2.75 1254.13
0.516 2.78 1566.09
0.516 2.81 1910.14
0.516 2.84 2284.16
0.516 2.87 2685.89
0.516 2.9 3113.02
0.516 2.93 3563.19
0.516 2.96 4034.03
0.516 2.99 4523.15
0.516 3.02 5028.2
0.516 3.05 5546.82
0.516 3.08 6076.69
0.516 3.11 6615.49
0.516 3.14 7160.93
0.516 3.17 7710.78
0.516 3.2 8262.85
0.516 3.23 8815.06
0.516 3.26 9365.42
0.516 3.29 9912.09
0.516 3.32 10453.4
0.516 3.35 10987.7
0.516 3.38 11513.8
0.516 3.41 12030.4
0.516 3.44 12536.7
0.516 3.47 13031.7
0.524 2 5720.76
0.524 2.03 5128.62
0.524 2.06 4556.21
0.524 2.09 4006.76
0.524 2.12 3483.35
0.524 2.15 2988.88
0.524 2.18 2526.1
0.524 2.21 2097.5
0.524 2.24 1705.34
0.524 2.27 1351.6
0.524 2.3 1037.98
0.524 2.33 765.882
0.524 2.36 536.43
0.524 2.39 350.45
0.524 2.42 208.493
0.524 2.45 110.844
0.524 2.48 57.5326
0.524 2.51 48.3387
0.524 2.54 82.8053
0.524 2.57 160.238
0.524 2.6 279.672
0.524 2.63 359.257
0.524 2.66 523.626
0.524 2.69 726.898
0.524 2.72 967.683
0.524 2.75 1244.35
0.524 2.78 1555.05
0.524 2.81 1897.81
0.524 2.84 2270.49
0.524 2.87 2670.85
0.524 2.9 3096.58
0.524 2.93 3545.34
0.524 2.96 4014.74
0.524 2.99 4502.43
0.524 3.02 5006.05
0.524 3.05 5523.25
0.524 3.08 6051.72
0.524 3.11 6589.14
0.524 3.14 7133.25
0.524 3.17 7681.8
0.524 3.2 8232.63
0.524 3.23 8783.65
0.524 3.26 9332.9
0.524 3.29 9878.53
0.524 3.32 10418.8
0.524 3.35 10952.3
0.524 3.38 11477.6
0.524 3.41 11993.6
0.524 3.44 12499.3
0.524 3.47 12993.8
0.532 2 5713.44
0.532 2.03 5122.12
0.532 2.06 4550.53
0.532 2.09 4001.88
0.532 2.12 3479.23
0.532 2.15 2985.48
0.532 2.18 2523.34
0.532 2.21 2095.29
0.532 2.24 1703.58
0.532 2.27 1350.16
0.532 2.3 1036.73
0.532 2.33 764.674
0.532 2.36 535.108
0.532 2.39 348.849
0.532 2.42 206.441
0.532 2.45 108.164
0.532 2.48 54.0425
0.532 2.51 43.8552
0.532 2.54 77.1444
0.532 2.57 153.217
0.532 2.6 271.098
0.532 2.63 348.926
0.532 2.66 511.466
0.532 2.69 712.743
0.532 2.72 951.38
0.532 2.75 1225.76
0.532 2.78 1534.06
0.532 2.81 1874.3
0.532 2.84 2244.36
0.532 2.87 2642.02
0.532 2.9 3064.99
0.532 2.93 3510.93
0.532 2.96 3977.48
0.532 2.99 4462.3
0.532 3.02 4963.05
0.532 3.05 5477.4
0.532 3.08 6003.04
0.532 3.11 6537.69
0.532 3.14 7079.09
0.532 3.17 7625.02
0.532 3.2 8173.34
0.532 3.23 8721.98
0.532 3.26 9268.97
0.532 3.29 9812.5
0.532 3.32 10350.9
0.532 3.35 10882.6
0.532 3.38 11406.3
0.532 3.41 11920.9
0.532 3.44 12425.4
0.532 3.47 12919
0.54 2 5701.62
0.54 2.03 5111.61
0.54 2.06 4541.33
0.54 2.09 3993.95
0.54 2.12 3472.52
0.54 2.15 2979.91
0.54 2.18 2518.8
0.54 2.21 2091.64
0.54 2.24 1700.65
0.54 2.27 1347.78
0.54 2.3 1034.68
0.54 2.33 762.753
0.54 2.36 533.073
0.54 2.39 346.451
0.54 2.42 203.424
0.54 2.45 104.261
0.54 2.48 48.9827
0.54 2.51 37.3646
0.54 2.54 68.9483
0.54 2.57 143.041
0.54 2.6 258.653
0.54 2.63 334.496
0.54 2.66 494.403
0.54 2.69 692.797
0.54 2.72 928.322
0.54 2.75 1199.38
0.54 2.78 1504.16
0.54 2.81 1840.72
0.54 2.84 2206.95
0.54 2.87 2600.65
0.54 2.9 3019.55
0.54 2.93 3461.34
0.54 2.96 3923.69
0.54 2.99 4404.27
0.54 3.02 4900.77
0.54 3.05 5410.89
0.54 3.08 5932.36
0.54 3.11 6462.91
0.54 3.14 7000.31
0.54 3.17 7542.37
0.54 3.2 8086.97
0.54 3.23 8632.07
0.54 3.26 9175.73
0.54 3.29 9716.14
0.54 3.32 10251.6
0.54 3.35 10780.8
0.54 3.38 11302.2
0.54 3.41 11814.7
0.54 3.44 12317.5
0.54 3.47 12809.6
0.548 2 5685.86
0.548 2.03 5097.67
0.548 2.06 4529.2
0.548 2.09 3983.59
0.548 2.12 3463.85
0.548 2.15 2972.82
0.548 2.18 2513.13
0.548 2.21 2087.22
0.548 2.24 1697.26
0.548 2.27 1345.17
0.548 2.3 1032.59
0.548 2.33 760.886
0.548 2.36 531.118
0.548 2.39 344.082
0.548 2.42 200.299
0.548 2.45 100.031
0.548 2.48 43.2897
0.548 2.51 29.848
0.548 2.54 59.2463
0.548 2.57 130.791
0.548 2.6 243.464
0.548 2.63 317.136
0.548 2.66 473.676
0.548 2.69 668.372
0.548 2.72 899.894
0.548 2.75 1166.67
0.548 2.78 1466.92
0.548 2.81 1798.71
0.548 2.84 2159.98
0.548 2.87 2548.55
0.548 2.9 2962.17
0.548 2.93 3398.57
0.548 2.96 3855.45
0.548 2.99 4330.52
0.548 3.02 4821.5
0.548 3.05 5326.12
0.548 3.08 5842.15
0.548 3.11 6367.36
0.548 3.14 6899.55
0.548 3.17 7436.57
0.548 3.2 7976.33
0.548 3.23 8516.82
0.548 3.26 9056.12
0.548 3.29 9592.47
0.548 3.32 10124.2
0.548 3.35 10649.9
0.548 3.38 11168.3
0.548 3.41 11678.1
0.548 3.44 12178.6
0.548 3.47 12668.8
0.556 2 5666.89
0.556 2.03 5081.06
0.556 2.06 4514.92
0.556 2.09 3971.59
0.556 2.12 3454.03
0.556 2.15 2965.03
0.556 2.18 2507.2
0.556 2.21 2082.9
0.556 2.24 1694.3
0.556 2.27 1343.26
0.556 2.3 1031.4
0.556 2.33 760.053
0.556 2.36 530.257
0.556 2.39 342.789
0.556 2.42 198.157
0.556 2.45 96.6089
0.556 2.48 38.1493
0.556 2.51 22.5463
0.556 2.54 49.3387
0.556 2.57 117.83
0.556 2.6 226.921
0.556 2.63 298.321
0.556 2.66 450.845
0.556 2.69 641.114
0.556 2.72 867.835
0.556 2.75 1129.46
0.556 2.78 1424.26
0.556 2.81 1750.31
0.556 2.84 2105.59
0.556 2.87 2487.96
0.556 2.9 2895.21
0.556 2.93 3325.1
0.556 2.96 3775.36
0.556 2.99 4243.77
0.556 3.02 4728.06
0.556 3.05 5226.03
0.556 3.08 5735.48
0.556 3.11 6254.22
0.556 3.14 6780.1
0.556 3.17 7311.01
0.556 3.2 7844.89
0.556 3.23 8379.78
0.556 3.26 8913.8
0.556 3.29 9445.22
0.556 3.32 9972.42
0.556 3.35 10494
0.556 3.38 11008.6
0.556 3.41 11515.2
0.556 3.44 12012.8
0.556 3.47 12500.6
0.564 2 5645.61
0.564 2.03 5062.68
0.564 2.06 4499.42
0.564 2.09 3958.91
0.564 2.12 3444.04
0.564 2.15 2957.56
0.564 2.18 2502.01
0.564 2.21 2079.74
0.564 2.24 1692.84
0.564 2.27 1343.14
0.564 2.3 1032.23
0.564 2.33 761.401
0.564 2.36 531.674
0.564 2.39 343.801
0.564 2.42 198.271
0.564 2.45 95.3191
0.564 2.48 34.9416
0.564 2.51 16.9011
0.564 2.54 40.7341
0.564 2.57 105.738
0.564 2.6 169.96
0.564 2.63 279.757
0.564 2.66 427.707
0.564 2.69 612.922
0.564 2.72 834.146
0.564 2.75 1089.87
0.564 2.78 1378.4
0.564 2.81 1697.85
0.564 2.84 2046.25
0.564 2.87 2421.47
0.564 2.9 2821.38
0.564 2.93 3243.75
0.564 2.96 3686.4
0.564 2.99 4147.1
0.564 3.02 4623.68
0.564 3.05 5113.97
0.564 3.08 5615.81
0.564 3.11 6127.07
0.564 3.14 6645.65
0.564 3.17 7169.49
0.564 3.2 7696.58
0.564 3.23 8224.98
0.564 3.26 8752.88
0.564 3.29 9278.55
0.564 3.32 9800.45
0.564 3.35 10317.1
0.564 3.38 10827.4
0.564 3.41 11330.1
0.564 3.44 11824.3
0.564 3.47 12309.4
0.572 2 5623.02
0.572 2.03 5043.57
0.572 2.06 4483.78
0.572 2.09 3946.62
0.572 2.12 3434.97
0.572 2.15 2951.51
0.572 2.18 2498.72
0.572 2.21 2078.89
0.572 2.24 1694.05
0.572 2.27 1346.02
0.572 2.3 1036.32
0.572 2.33 766.205
0.572 2.36 536.681
0.572 2.39 348.47
0.572 2.42 202.041
0.572 2.45 97.6167
0.572 2.48 35.1812
0.572 2.51 14.4923
0.572 2.54 35.0828
0.572 2.57 96.2373
0.572 2.6 157.918
0.572 2.63 263.302
0.572 2.66 406.224
0.572 2.69 585.86
0.572 2.72 801.003
0.572 2.75 1050.19
0.572 2.78 1331.75
0.572 2.81 1643.87
0.572 2.84 1984.6
0.572 2.87 2351.88
0.572 2.9 2743.6
0.572 2.93 3157.6
0.572 2.96 3591.74
0.572 2.99 4043.86
0.572 3.02 4511.83
0.572 3.05 4993.53
0.572 3.08 5486.87
0.572 3.11 5989.77
0.572 3.14 6500.18
0.572 3.17 7016.1
0.572 3.2 7535.56
0.572 3.23 8056.7
0.572 3.26 8577.7
0.572 3.29 9096.93
0.572 3.32 9612.84
0.572 3.35 10124
0.572 3.38 10629.3
0.572 3.41 11127.6
0.572 3.44 11618
0.572 3.47 12099.8
0.58 2 5600.24
0.58 2.03 5024.88
0.58 2.06 4469.13
0.58 2.09 3935.91
0.58 2.12 3428.03
0.58 2.15 2948.09
0.58 2.18 2498.54
0.58 2.21 2081.58
0.58 2.24 1699.21
0.58 2.27 1353.18
0.58 2.3 1044.97
0.58 2.33 775.814
0.58 2.36 546.664
0.58 2.39 358.225
0.58 2.42 210.945
0.58 2.45 105.031
0.58 2.48 40.4574
0.58 2.51 16.9748
0.58 2.54 34.1106
0.58 2.57 91.1263
0.58 2.6 150.198
0.58 2.63 250.89
0.58 2.66 388.43
0.58 2.69 562.071
0.58 2.72 770.659
0.58 2.75 1012.78
0.58 2.78 1286.81
0.58 2.81 1590.99
0.58 2.84 1923.4
0.58 2.87 2282.06
0.58 2.9 2664.88
0.58 2.93 3069.79
0.58 2.96 3494.68
0.58 2.99 3937.45
0.58 3.02 4396.04
0.58 3.05 4868.39
0.58 3.08 5352.46
0.58 3.11 5846.24
0.58 3.14 6347.73
0.58 3.17 6854.99
0.58 3.2 7366.12
0.58 3.23 7879.28
0.58 3.26 8392.73
0.58 3.29 8904.85
0.58 3.32 9414.16
0.58 3.35 9919.29
0.58 3.38 10419.1
0.58 3.41 10912.4
0.58 3.44 11398.5
0.58 3.47 11876.5
0.588 2 5578.46
0.588 2.03 5007.8
0.588 2.06 4456.7
0.588 2.09 3928
0.588 2.12 3424.44
0.588 2.15 2948.57
0.588 2.18 2502.74
0.588 2.21 2089.12
0.588 2.24 1709.63
0.588 2.27 1365.96
0.588 2.3 1059.56
0.588 2.33 791.608
0.588 2.36 563.038
0.588 2.39 374.521
0.588 2.42 226.482
0.588 2.45 119.114
0.588 2.48 52.3783
0.588 2.51 26.02
0.588 2.54 39.5571
0.588 2.57 92.2124
0.588 2.6 148.644
0.588 2.63 244.463
0.588 2.66 376.366
0.588 2.69 543.698
0.588 2.72 745.367
0.588 2.75 980.011
0.588 2.78 1246.07
0.588 2.81 1541.81
0.588 2.84 1865.39
0.588 2.87 2214.86
0.588 2.9 2588.22
0.588 2.93 2983.44
0.588 2.96 3398.46
0.588 2.99 3831.26
0.588 3.02 4279.84
0.588 3.05 4742.19
0.588 3.08 5216.35
0.588 3.11 5700.36
0.588 3.14 6192.3
0.588 3.17 6690.27
0.588 3.2 7192.43
0.588 3.23 7697.01
0.588 3.26 8202.31
0.588 3.29 8706.76
0.588 3.32 9208.9
0.588 3.35 9707.43
0.588 3.38 10201.2
0.588 3.41 10689.1
0.588 3.44 11170.4
0.588 3.47 11644.2
0.596 2 5558.9
0.596 2.03 4993.58
0.596 2.06 4447.73
0.596 2.09 3924.15
0.596 2.12 3425.49
0.596 2.15 2954.21
0.596 2.18 2512.62
0.596 2.21 2102.79
0.596 2.24 1726.59
0.596 2.27 1385.67
0.596 2.3 1081.41
0.596 2.33 814.956
0.596 2.36 587.203
0.596 2.39 398.792
0.596 2.42 250.129
0.596 2.45 141.388
0.596 2.48 72.521
0.596 2.51 43.264
0.596 2.54 53.1222
0.596 2.57 101.258
0.596 2.6 155.05
0.596 2.63 245.904
0.596 2.66 372.011
0.596 2.69 532.82
0.596 2.72 727.309
0.596 2.75 954.174
0.596 2.78 1211.91
0.596 2.81 1498.84
0.596 2.84 1813.19
0.596 2.87 2153.05
0.596 2.9 2516.49
0.596 2.93 2901.54
0.596 2.96 3306.21
0.596 2.99 3728.54
0.596 3.02 4166.58
0.596 3.05 4618.41
0.596 3.08 5082.13
0.596 3.11 5555.84
0.596 3.14 6037.68
0.596 3.17 6525.83
0.596 3.2 7018.5
0.596 3.23 7513.97
0.596 3.26 8010.6
0.596 3.29 8506.87
0.596 3.32 9001.34
0.596 3.35 9492.77
0.596 3.38 9980.01
0.596 3.41 10462.1
0.596 3.44 10938
0.596 3.47 11407.2
0.604 2 5542.8
0.604 2.03 4983.45
0.604 2.06 4443.48
0.604 2.09 3925.61
0.604 2.12 3432.41
0.604 2.15 2966.28
0.604 2.18 2529.42
0.604 2.21 2123.85
0.604 2.24 1751.39
0.604 2.27 1413.6
0.604 2.3 1111.83
0.604 2.33 847.183
0.604 2.36 620.506
0.604 2.39 432.417
0.604 2.42 283.299
0.604 2.45 173.31
0.604 2.48 102.39
0.604 2.51 70.2642
0.604 2.54 76.4215
0.604 2.57 119.933
0.604 2.6 171.114
0.604 2.63 256.996
0.604 2.66 377.233
0.604 2.69 531.395
0.604 2.72 718.537
0.604 2.75 937.421
0.604 2.78 1186.6
0.604 2.81 1464.46
0.604 2.84 1769.27
0.604 2.87 2099.2
0.604 2.9 2452.39
0.604 2.93 2826.91
0.604 2.96 3220.85
0.604 2.99 3632.31
0.604 3.02 4059.41
0.604 3.05 4500.31
0.604 3.08 4953.16
0.604 3.11 5416.13
0.604 3.14 5887.45
0.604 3.17 6365.33
0.604 3.2 6848.06
0.604 3.23 7333.97
0.604 3.26 7821.48
0.604 3.29 8309.11
0.604 3.32 8795.48
0.604 3.35 9279.36
0.604 3.38 9759.64
0.604 3.41 10235.3
0.604 3.44 10705.6
0.604 3.47 11169.7
0.612 2 5531.39
0.612 2.03 4978.64
0.612 2.06 4445.17
0.612 2.09 3933.6
0.612 2.12 3446.43
0.612 2.15 2985.97
0.612 2.18 2554.36
0.612 2.21 2153.53
0.612 2.24 1785.23
0.612 2.27 1450.98
0.612 2.3 1152.06
0.612 2.33 889.532
0.612 2.36 664.211
0.612 2.39 476.686
0.612 2.42 327.314
0.612 2.45 216.236
0.612 2.48 143.382
0.612 2.51 108.466
0.612 2.54 110.952
0.612 2.57 149.784
0.612 2.6 198.402
0.612 2.63 279.379
0.612 2.66 393.749
0.612 2.69 541.221
0.612 2.72 720.936
0.612 2.75 931.722
0.612 2.78 1172.2
0.612 2.81 1440.81
0.612 2.84 1735.89
0.612 2.87 2055.68
0.612 2.9 2398.36
0.612 2.93 2762.09
0.612 2.96 3145.03
0.612 2.99 3545.33
0.612 3.02 3961.2
0.612 3.05 4390.84
0.612 3.08 4832.49
0.612 3.11 5284.39
0.612 3.14 5744.82
0.612 3.17 6212.08
0.612 3.2 6684.49
0.612 3.23 7160.47
0.612 3.26 7638.47
0.612 3.29 8117.07
0.612 3.32 8594.92
0.612 3.35 9070.85
0.612 3.38 9543.76
0.612 3.41 10012.7
0.612 3.44 10476.8
0.612 3.47 10935.4
0.62 2 5525.87
0.62 2.03 4980.34
0.62 2.06 4453.97
0.62 2.09 3949.29
0.62 2.12 3468.71
0.62 2.15 3014.45
0.62 2.18 2588.58
0.62 2.21 2192.95
0.62 2.24 1829.25
0.62 2.27 1498.93
0.62 2.3 1203.23
0.62 2.33 943.151
0.62 2.36 719.48
0.62 2.39 532.777
0.62 2.42 383.375
0.62 2.45 271.399
0.62 2.48 196.766
0.62 2.51 159.176
0.62 2.54 158.067
0.62 2.57 192.207
0.62 2.6 238.323
0.62 2.63 314.523
0.62 2.66 423.097
0.62 2.69 563.907
0.62 2.72 736.188
0.62 2.75 938.842
0.62 2.78 1170.55
0.62 2.81 1429.83
0.62 2.84 1715.07
0.62 2.87 2024.58
0.62 2.9 2356.61
0.62 2.93 2709.39
0.62 2.96 3081.13
0.62 2.99 3470.08
0.62 3.02 3874.49
0.62 3.05 4292.65
0.62 3.08 4722.85
0.62 3.11 5163.42
0.62 3.14 5612.68
0.62 3.17 6069.02
0.62 3.2 6530.82
0.62 3.23 6996.54
0.62 3.26 7464.71
0.62 3.29 7933.93
0.62 3.32 8402.91
0.62 3.35 8870.51
0.62 3.38 9335.67
0.62 3.41 9797.44
0.62 3.44 10255
0.62 3.47 10707.7
0.628 2 5527.37
0.628 2.03 4989.67
0.628 2.06 4470.99
0.628 2.09 3973.76
0.628 2.12 3500.31
0.628 2.15 3052.77
0.628 2.18 2633.12
0.628 2.21 2243.15
0.628 2.24 1884.48
0.628 2.27 1558.48
0.628 2.3 1266.35
0.628 2.33 1009.06
0.628 2.36 787.348
0.628 2.39 601.739
0.628 2.42 452.55
0.628 2.45 339.889
0.628 2.48 263.659
0.628 2.51 223.548
0.628 2.54 218.959
0.628 2.57 248.45
0.628 2.6 292.114
0.628 2.63 363.717
0.628 2.66 466.621
0.628 2.69 600.859
0.628 2.72 765.763
0.628 2.75 960.315
0.628 2.78 1183.26
0.628 2.81 1433.19
0.628 2.84 1708.56
0.628 2.87 2007.74
0.628 2.9 2329.05
0.628 2.93 2670.78
0.628 2.96 3031.23
0.628 2.99 3408.69
0.628 3.02 3801.5
0.628 3.05 4208.02
0.628 3.08 4626.6
0.628 3.11 5055.64
0.628 3.14 5493.54
0.628 3.17 5938.74
0.628 3.2 6389.68
0.628 3.23 6844.89
0.628 3.26 7302.93
0.628 3.29 7762.48
0.628 3.32 8222.28
0.628 3.35 8681.21
0.628 3.38 9138.26
0.628 3.41 9592.5
0.628 3.44 10043.1
0.628 3.47 10489.5
0.636 2 5536.94
0.636 2.03 5007.68
0.636 2.06 4497.25
0.636 2.09 4008.02
0.636 2.12 3542.22
0.636 2.15 3101.88
0.636 2.18 2688.93
0.636 2.21 2305.06
0.636 2.24 1951.82
0.636 2.27 1630.53
0.636 2.3 1342.34
0.636 2.33 1088.17
0.636 2.36 868.714
0.636 2.39 684.481
0.636 2.42 535.76
0.636 2.45 422.645
0.636 2.48 345.025
0.636 2.51 302.572
0.636 2.54 294.655
0.636 2.57 319.607
0.636 2.6 360.834
0.636 2.63 428.059
0.636 2.66 525.465
0.636 2.69 653.268
0.636 2.72 810.907
0.636 2.75 997.445
0.636 2.78 1211.7
0.636 2.81 1452.33
0.636 2.84 1717.85
0.636 2.87 2006.71
0.636 2.9 2317.29
0.636 2.93 2647.95
0.636 2.96 2997.06
0.636 2.99 3362.99
0.636 3.02 3744.13
0.636 3.05 4138.91
0.636 3.08 4545.77
0.636 3.11 4963.15
0.636 3.14 5389.54
0.636 3.17 5823.42
0.636 3.2 6263.31
0.636 3.23 6707.79
0.636 3.26 7155.49
0.636 3.29 7605.09
0.636 3.32 8055.44
0.636 3.35 8505.41
0.636 3.38 8954.01
0.636 3.41 9400.37
0.636 3.44 9843.69
0.636 3.47 10283.3
0.644 2 5555.58
0.644 2.03 5035.3
0.644 2.06 4533.68
0.644 2.09 4052.97
0.644 2.12 3595.3
0.644 2.15 3162.65
0.644 2.18 2756.83
0.644 2.21 2379.48
0.644 2.24 2032.07
0.644 2.27 1715.87
0.644 2.3 1431.96
0.644 2.33 1181.23
0.644 2.36 964.342
0.644 2.39 781.766
0.644 2.42 633.777
0.644 2.45 520.45
0.644 2.48 441.663
0.644 2.51 397.072
0.644 2.54 386.006
0.644 2.57 406.622
0.644 2.6 445.364
0.644 2.63 508.455
0.644 2.66 600.568
0.644 2.69 722.115
0.644 2.72 872.644
0.644 2.75 1051.3
0.644 2.78 1256.98
0.644 2.81 1488.4
0.644 2.84 1744.16
0.644 2.87 2022.76
0.644 2.9 2322.67
0.644 2.93 2642.3
0.644 2.96 2980.09
0.644 2.99 3334.47
0.644 3.02 3703.93
0.644 3.05 4086.94
0.644 3.08 4482.02
0.644 3.11 4887.67
0.644 3.14 5302.44
0.644 3.17 5724.89
0.644 3.2 6153.59
0.644 3.23 6587.18
0.644 3.26 7024.33
0.644 3.29 7463.79
0.644 3.32 7904.42
0.644 3.35 8345.15
0.644 3.38 8785.02
0.644 3.41 9223.17
0.644 3.44 9658.83
0.644 3.47 10091.3
0.652 2 5584.15
0.652 2.03 5073.4
0.652 2.06 4581.09
0.652 2.09 4109.39
0.652 2.12 3660.33
0.652 2.15 3235.8
0.652 2.18 2837.53
0.652 2.21 2467.1
0.652 2.24 2125.89
0.652 2.27 1815.13
0.652 2.3 1535.85
0.652 2.33 1288.87
0.652 2.36 1074.85
0.652 2.39 894.216
0.652 2.42 747.225
0.652 2.45 633.936
0.652 2.48 554.216
0.652 2.51 507.705
0.652 2.54 493.696
0.652 2.57 510.24
0.652 2.6 546.414
0.652 2.63 605.626
0.652 2.66 692.677
0.652 2.69 808.176
0.652 2.72 951.784
0.652 2.75 1122.73
0.652 2.78 1319.99
0.652 2.81 1542.35
0.652 2.84 1788.47
0.652 2.87 2056.93
0.652 2.9 2346.25
0.652 2.93 2654.92
0.652 2.96 2981.46
0.652 2.99 3324.36
0.652 3.02 3682.16
0.652 3.05 4053.42
0.652 3.08 4436.7
0.652 3.11 4830.59
0.652 3.14 5233.7
0.652 3.17 5644.64
0.652 3.2 6062.04
0.652 3.23 6484.61
0.652 3.26 6911.04
0.652 3.29 7340.18
0.652 3.32 7770.89
0.652 3.35 8202.15
0.652 3.38 8633.01
0.652 3.41 9062.65
0.652 3.44 9490.31
0.652 3.47 9915.32
0.66 2 5623.44
0.66 2.03 5122.72
0.66 2.06 4640.2
0.66 2.09 4177.96
0.66 2.12 3737.94
0.66 2.15 3321.94
0.66 2.18 2931.62
0.66 2.21 2568.47
0.66 2.24 2233.83
0.66 2.27 1928.84
0.66 2.3 1654.5
0.66 2.33 1411.59
0.66 2.36 1200.72
0.66 2.39 1022.31
0.66 2.42 876.577
0.66 2.45 763.58
0.66 2.48 683.169
0.66 2.51 634.971
0.66 2.54 618.245
0.66 2.57 631.01
0.66 2.6 664.534
0.66 2.63 720.117
0.66 2.66 802.351
0.66 2.69 912.03
0.66 2.72 1048.93
0.66 2.75 1212.37
0.66 2.78 1401.4
0.66 2.81 1614.87
0.66 2.84 1851.51
0.66 2.87 2109.97
0.66 2.9 2388.84
0.66 2.93 2686.68
0.66 2.96 3002.07
0.66 2.99 3333.57
0.66 3.02 3679.79
0.66 3.05 4039.33
0.66 3.08 4410.86
0.66 3.11 4793
0.66 3.14 5184.42
0.66 3.17 5583.81
0.66 3.2 5989.86
0.66 3.23 6401.3
0.66 3.26 6816.91
0.66 3.29 7235.57
0.66 3.32 7656.18
0.66 3.35 8077.74
0.66 3.38 8499.36
0.66 3.41 8920.21
0.66 3.44 9339.56
0.66 3.47 9756.77
0.668 2 5674.11
0.668 2.03 5183.9
0.668 2.06 4711.61
0.668 2.09 4259.25
0.668 2.12 3828.66
0.668 2.15 3421.58
0.668 2.18 3039.56
0.668 2.21 2684.04
0.668 2.24 2356.28
0.668 2.27 2057.39
0.668 2.3 1788.29
0.668 2.33 1549.74
0.668 2.36 1342.3
0.668 2.39 1166.38
0.668 2.42 1022.17
0.668 2.45 909.718
0.668 2.48 828.861
0.668 2.51 779.213
0.668 2.54 760.014
0.668 2.57 769.306
0.668 2.6 800.122
0.668 2.63 852.305
0.668 2.66 929.974
0.668 2.69 1034.08
0.668 2.72 1164.51
0.668 2.75 1320.66
0.668 2.78 1501.67
0.668 2.81 1706.44
0.668 2.84 1933.8
0.668 2.87 2182.44
0.668 2.9 2451.02
0.668 2.93 2738.19
0.668 2.96 3042.56
0.668 2.99 3362.77
0.668 3.02 3697.51
0.668 3.05 4045.43
0.668 3.08 4405.26
0.668 3.11 4775.69
0.668 3.14 5155.45
0.668 3.17 5543.28
0.668 3.2 5937.93
0.668 3.23 6338.18
0.668 3.26 6742.88
0.668 3.29 7150.93
0.668 3.32 7561.28
0.668 3.35 7972.97
0.668 3.38 8385.12
0.668 3.41 8796.94
0.668 3.44 9207.71
0.668 3.47 9616.78
0.676 2 5736.74
0.676 2.03 5257.44
0.676 2.06 4795.79
0.676 2.09 4353.7
0.676 2.12 3932.92
0.676 2.15 3535.1
0.676 2.18 3161.72
0.676 2.21 2814.14
0.676 2.24 2493.57
0.676 2.27 2201.06
0.676 2.3 1937.49
0.676 2.33 1703.56
0.676 2.36 1499.82
0.676 2.39 1326.64
0.676 2.42 1184.21
0.676 2.45 1072.55
0.676 2.48 991.491
0.676 2.51 940.64
0.676 2.54 919.218
0.676 2.57 925.341
0.676 2.6 953.431
0.676 2.63 1002.42
0.676 2.66 1075.77
0.676 2.69 1174.55
0.676 2.72 1298.75
0.676 2.75 1447.86
0.676 2.78 1621.07
0.676 2.81 1817.37
0.676 2.84 2035.65
0.676 2.87 2274.67
0.676 2.9 2533.15
0.676 2.93 2809.81
0.676 2.96 3103.33
0.676 2.99 3412.41
0.676 3.02 3735.79
0.676 3.05 4072.2
0.676 3.08 4420.42
0.676 3.11 4779.21
0.676 3.14 5147.35
0.676 3.17 5523.63
0.676 3.2 5906.87
0.676 3.23 6295.91
0.676 3.26 6689.63
0.676 3.29 7086.97
0.676 3.32 7486.93
0.676 3.35 7888.58
0.676 3.38 8291.07
0.676 3.41 8693.63
0.676 3.44 9095.56
0.676 3.47 9496.21
0.684 2 5811.79
0.684 2.03 5343.79
0.684 2.06 4893.15
0.684 2.09 4461.66
0.684 2.12 4051.02
0.684 2.15 3662.76
0.684 2.18 3298.32
0.684 2.21 2958.98
0.684 2.24 2645.87
0.684 2.27 2360.01
0.684 2.3 2102.21
0.684 2.33 1873.17
0.684 2.36 1673.38
0.684 2.39 1503.19
0.684 2.42 1362.78
0.684 2.45 1252.15
0.684 2.48 1171.13
0.684 2.51 1119.32
0.684 2.54 1095.94
0.684 2.57 1099.19
0.684 2.6 1124.58
0.684 2.63 1170.55
0.684 2.66 1239.82
0.684 2.69 1333.53
0.684 2.72 1451.76
0.684 2.75 1594.06
0.684 2.78 1759.71
0.684 2.81 1947.78
0.684 2.84 2157.2
0.684 2.87 2386.81
0.684 2.9 2635.41
0.684 2.93 2901.75
0.684 2.96 3184.59
0.684 2.99 3482.71
0.684 3.02 3794.88
0.684 3.05 4119.92
0.684 3.08 4456.64
0.684 3.11 4803.87
0.684 3.14 5160.46
0.684 3.17 5525.24
0.684 3.2 5897.08
0.684 3.23 6274.89
0.684 3.26 6657.58
0.684 3.29 7044.14
0.684 3.32 7433.61
0.684 3.35 7825.08
0.684 3.38 8217.74
0.684 3.41 8610.84
0.684 3.44 9003.68
0.684 3.47 9395.66
0.692 2 5899.61
0.692 2.03 5443.26
0.692 2.06 5003.95
0.692 2.09 4583.38
0.692 2.12 4183.16
0.692 2.15 3804.76
0.692 2.18 3449.51
0.692 2.21 3118.65
0.692 2.24 2813.26
0.692 2.27 2534.28
0.692 2.3 2282.51
0.692 2.33 2058.58
0.692 2.36 1862.97
0.692 2.39 1696
0.692 2.42 1557.84
0.692 2.45 1448.48
0.692 2.48 1367.74
0.692 2.51 1315.21
0.692 2.54 1290.12
0.692 2.57 1290.8
0.692 2.6 1313.56
0.692 2.63 1356.65
0.692 2.66 1422.08
0.692 2.69 1510.96
0.692 2.72 1623.46
0.692 2.75 1759.22
0.692 2.78 1917.56
0.692 2.81 2097.63
0.692 2.84 2298.43
0.692 2.87 2518.86
0.692 2.9 2757.78
0.692 2.93 3014.02
0.692 2.96 3286.38
0.692 2.99 3573.71
0.692 3.02 3874.85
0.692 3.05 4188.66
0.692 3.08 4514.01
0.692 3.11 4849.8
0.692 3.14 5194.91
0.692 3.17 5548.25
0.692 3.2 5908.74
0.692 3.23 6275.32
0.692 3.26 6646.96
0.692 3.29 7022.69
0.692 3.32 7401.57
0.692 3.35 7782.76
0.692 3.38 8165.44
0.692 3.41 8548.89
0.692 3.44 8932.45
0.692 3.47 9315.51
