0.3 2 433.524
0.3 2.03 411.783
0.3 2.06 390.666
0.3 2.09 370.205
0.3 2.12 350.43
0.3 2.15 331.375
0.3 2.18 313.07
0.3 2.21 295.547
0.3 2.24 278.836
0.3 2.27 262.968
0.3 2.3 247.972
0.3 2.33 233.876
0.3 2.36 220.707
0.3 2.39 208.491
0.3 2.42 197.25
0.3 2.45 187.007
0.3 2.48 177.779
0.3 2.51 169.583
0.3 2.54 162.433
0.3 2.57 156.339
0.3 2.6 151.309
0.3 2.63 147.347
0.3 2.66 144.455
0.3 2.69 142.63
0.3 2.72 141.869
0.3 2.75 142.162
0.3 2.78 143.499
0.3 2.81 145.865
0.3 2.84 149.244
0.3 2.87 153.616
0.3 2.9 158.958
0.3 2.93 165.245
0.3 2.96 172.45
0.3 2.99 180.545
0.3 3.02 189.497
0.3 3.05 199.273
0.3 3.08 209.84
0.3 3.11 221.16
0.3 3.14 233.198
0.3 3.17 245.914
0.3 3.2 259.271
0.3 3.23 273.228
0.3 3.26 287.746
0.3 3.29 302.785
0.3 3.32 318.306
0.3 3.35 334.267
0.3 3.38 350.629
0.3 3.41 367.354
0.3 3.44 372.184
0.3 3.47 389.041
0.308 2 413.745
0.308 2.03 391.781
0.308 2.06 370.458
0.308 2.09 349.809
0.308 2.12 329.867
0.308 2.15 310.664
0.308 2.18 292.232
0.308 2.21 274.604
0.308 2.24 257.811
0.308 2.27 241.886
0.308 2.3 226.857
0.308 2.33 212.756
0.308 2.36 199.611
0.308 2.39 187.447
0.308 2.42 176.289
0.308 2.45 166.16
0.308 2.48 157.08
0.308 2.51 149.065
0.308 2.54 142.129
0.308 2.57 136.284
0.308 2.6 131.537
0.308 2.63 127.892
0.308 2.66 125.351
0.308 2.69 123.912
0.308 2.72 123.567
0.308 2.75 124.309
0.308 2.78 126.125
0.308 2.81 128.999
0.308 2.84 132.912
0.308 2.87 137.844
0.308 2.9 143.769
0.308 2.93 150.662
0.308 2.96 158.491
0.308 2.99 167.226
0.308 3.02 176.833
0.308 3.05 187.276
0.308 3.08 198.518
0.308 3.11 210.521
0.308 3.14 223.244
0.308 3.17 236.648
0.308 3.2 250.691
0.308 3.23 265.33
0.308 3.26 280.524
0.308 3.29 296.231
0.308 3.32 312.407
0.308 3.35 329.012
0.308 3.38 346.001
0.308 3.41 363.337
0.308 3.44 368.485
0.308 3.47 385.936
0.316 2 394.897
0.316 2.03 372.738
0.316 2.06 351.239
0.316 2.09 330.433
0.316 2.12 310.353
0.316 2.15 291.031
0.316 2.18 272.501
0.316 2.21 254.796
0.316 2.24 237.95
0.316 2.27 221.995
0.316 2.3 206.964
0.316 2.33 192.886
0.316 2.36 179.792
0.316 2.39 167.71
0.316 2.42 156.666
0.316 2.45 146.683
0.316 2.48 137.781
0.316 2.51 129.979
0.316 2.54 123.291
0.316 2.57 117.729
0.316 2.6 113.3
0.316 2.63 110.008
0.316 2.66 107.855
0.316 2.69 106.838
0.316 2.72 106.949
0.316 2.75 108.179
0.316 2.78 110.513
0.316 2.81 113.936
0.316 2.84 118.425
0.316 2.87 123.959
0.316 2.9 130.51
0.316 2.93 138.049
0.316 2.96 146.544
0.316 2.99 155.961
0.316 3.02 166.264
0.316 3.05 177.414
0.316 3.08 189.371
0.316 3.11 202.095
0.316 3.14 215.542
0.316 3.17 229.668
0.316 3.2 244.431
0.316 3.23 259.785
0.316 3.26 275.685
0.316 3.29 292.086
0.316 3.32 308.944
0.316 3.35 326.215
0.316 3.38 343.852
0.316 3.41 349.482
0.316 3.44 367.276
0.316 3.47 385.334
0.324 2 376.985
0.324 2.03 354.662
0.324 2.06 333.016
0.324 2.09 312.082
0.324 2.12 291.892
0.324 2.15 272.48
0.324 2.18 253.881
0.324 2.21 236.128
0.324 2.24 219.257
0.324 2.27 203.301
0.324 2.3 188.294
0.324 2.33 174.268
0.324 2.36 161.255
0.324 2.39 149.284
0.324 2.42 138.382
0.324 2.45 128.574
0.324 2.48 119.882
0.324 2.51 112.325
0.324 2.54 105.918
0.324 2.57 100.672
0.324 2.6 96.596
0.324 2.63 93.6939
0.324 2.66 91.9661
0.324 2.69 91.4089
0.324 2.72 92.0148
0.324 2.75 93.7724
0.324 2.78 96.6668
0.324 2.81 100.679
0.324 2.84 105.787
0.324 2.87 111.965
0.324 2.9 119.185
0.324 2.93 127.414
0.324 2.96 136.618
0.324 2.99 146.76
0.324 3.02 157.802
0.324 3.05 169.701
0.324 3.08 182.415
0.324 3.11 195.899
0.324 3.14 210.109
0.324 3.17 224.996
0.324 3.2 240.515
0.324 3.23 256.617
0.324 3.26 273.255
0.324 3.29 290.381
0.324 3.32 307.948
0.324 3.35 325.908
0.324 3.38 344.217
0.324 3.41 350.15
0.324 3.44 368.591
0.324 3.47 387.271
0.332 2 360.012
0.332 2.03 337.554
0.332 2.06 315.792
0.332 2.09 294.758
0.332 2.12 274.488
0.332 2.15 255.015
0.332 2.18 236.374
0.332 2.21 218.601
0.332 2.24 201.732
0.332 2.27 185.802
0.332 2.3 170.847
0.332 2.33 156.9
0.332 2.36 143.995
0.332 2.39 132.163
0.332 2.42 121.433
0.332 2.45 111.83
0.332 2.48 103.378
0.332 2.51 96.0974
0.332 2.54 90.003
0.332 2.57 85.1076
0.332 2.6 81.4194
0.332 2.63 78.9424
0.332 2.66 77.6768
0.332 2.69 77.6181
0.332 2.72 78.7581
0.332 2.75 81.0842
0.332 2.78 84.5797
0.332 2.81 89.2243
0.332 2.84 94.9937
0.332 2.87 101.86
0.332 2.9 109.792
0.332 2.93 118.756
0.332 2.96 128.714
0.332 2.99 139.626
0.332 3.02 151.451
0.332 3.05 164.143
0.332 3.08 177.657
0.332 3.11 191.944
0.332 3.14 206.957
0.332 3.17 222.645
0.332 3.2 238.957
0.332 3.23 255.844
0.332 3.26 273.253
0.332 3.29 291.135
0.332 3.32 309.439
0.332 3.35 328.116
0.332 3.38 347.118
0.332 3.41 353.352
0.332 3.44 372.459
0.332 3.47 391.775
0.34 2 343.979
0.34 2.03 321.416
0.34 2.06 299.566
0.34 2.09 278.463
0.34 2.12 258.141
0.34 2.15 238.634
0.34 2.18 219.98
0.34 2.21 202.213
0.34 2.24 185.373
0.34 2.27 169.495
0.34 2.3 154.618
0.34 2.33 140.777
0.34 2.36 128.007
0.34 2.39 116.341
0.34 2.42 105.81
0.34 2.45 96.4415
0.34 2.48 88.2596
0.34 2.51 81.2853
0.34 2.54 75.5356
0.34 2.57 71.0233
0.34 2.6 67.7569
0.34 2.63 65.7405
0.34 2.66 64.9738
0.34 2.69 65.4518
0.34 2.72 67.1652
0.34 2.75 70.1001
0.34 2.78 74.2385
0.34 2.81 79.558
0.34 2.84 86.0324
0.34 2.87 93.6316
0.34 2.9 102.322
0.34 2.93 112.066
0.34 2.96 122.823
0.34 2.99 134.551
0.34 3.02 147.205
0.34 3.05 160.735
0.34 3.08 175.093
0.34 3.11 190.228
0.34 3.14 206.087
0.34 3.17 222.616
0.34 3.2 239.762
0.34 3.23 257.471
0.34 3.26 275.688
0.34 3.29 294.359
0.34 3.32 313.432
0.34 3.35 332.853
0.34 3.38 352.572
0.34 3.41 359.102
0.34 3.44 378.896
0.34 3.47 398.866
0.348 2 328.885
0.348 2.03 306.247
0.348 2.06 284.339
0.348 2.09 263.194
0.348 2.12 242.848
0.348 2.15 223.335
0.348 2.18 204.693
0.348 2.21 186.96
0.348 2.24 170.174
0.348 2.27 154.374
0.348 2.3 139.6
0.348 2.33 125.89
0.348 2.36 113.28
0.348 2.39 101.807
0.348 2.42 91.5013
0.348 2.45 82.3937
0.348 2.48 74.5098
0.348 2.51 67.8717
0.348 2.54 62.4973
0.348 2.57 58.4001
0.348 2.6 55.5889
0.348 2.63 54.0677
0.348 2.66 53.836
0.348 2.69 54.8882
0.348 2.72 57.2139
0.348 2.75 60.798
0.348 2.78 65.6209
0.348 2.81 71.6582
0.348 2.84 78.8816
0.348 2.87 87.2583
0.348 2.9 96.7519
0.348 2.93 107.322
0.348 2.96 118.926
0.348 2.99 131.517
0.348 3.02 145.046
0.348 3.05 159.462
0.348 3.08 174.711
0.348 3.11 190.739
0.348 3.14 207.488
0.348 3.17 224.902
0.348 3.2 242.923
0.348 3.23 261.494
0.348 3.26 280.555
0.348 3.29 300.051
0.348 3.32 319.925
0.348 3.35 340.12
0.348 3.38 347.095
0.348 3.41 367.406
0.348 3.44 387.908
0.348 3.47 408.551
0.356 2 314.729
0.356 2.03 292.043
0.356 2.06 270.105
0.356 2.09 248.948
0.356 2.12 228.605
0.356 2.15 209.112
0.356 2.18 190.508
0.356 2.21 172.832
0.356 2.24 156.125
0.356 2.27 140.427
0.356 2.3 125.779
0.356 2.33 112.224
0.356 2.36 99.7986
0.356 2.39 88.5415
0.356 2.42 78.487
0.356 2.45 69.6664
0.356 2.48 62.1074
0.356 2.51 55.8336
0.356 2.54 50.8637
0.356 2.57 47.2122
0.356 2.6 44.8882
0.356 2.63 43.8959
0.356 2.66 44.2344
0.356 2.69 45.8974
0.356 2.72 48.8736
0.356 2.75 53.1466
0.356 2.78 58.695
0.356 2.81 65.4926
0.356 2.84 73.5087
0.356 2.87 82.7079
0.356 2.9 93.051
0.356 2.93 104.495
0.356 2.96 116.992
0.356 2.99 130.494
0.356 3.02 144.947
0.356 3.05 160.296
0.356 3.08 176.483
0.356 3.11 193.45
0.356 3.14 211.136
0.356 3.17 229.479
0.356 3.2 248.419
0.356 3.23 267.893
0.356 3.26 287.839
0.356 3.29 308.196
0.356 3.32 328.904
0.356 3.35 349.905
0.356 3.38 357.172
0.356 3.41 378.252
0.356 3.44 399.485
0.356 3.47 420.821
0.364 2 301.503
0.364 2.03 278.8
0.364 2.06 256.86
0.364 2.09 235.716
0.364 2.12 215.402
0.364 2.15 195.956
0.364 2.18 177.414
0.364 2.21 159.819
0.364 2.24 143.213
0.364 2.27 127.638
0.364 2.3 113.14
0.364 2.33 99.7604
0.364 2.36 87.5416
0.364 2.39 76.5235
0.364 2.42 66.7429
0.364 2.45 58.2334
0.364 2.48 51.0244
0.364 2.51 45.1409
0.364 2.54 40.6032
0.364 2.57 37.4263
0.364 2.6 35.62
0.364 2.63 35.1887
0.364 2.66 36.131
0.364 2.69 38.4401
0.364 2.72 42.1038
0.364 2.75 47.1043
0.364 2.78 53.4185
0.364 2.81 61.0181
0.364 2.84 69.87
0.364 2.87 79.9362
0.364 2.9 91.1744
0.364 2.93 103.538
0.364 2.96 116.977
0.364 2.99 131.437
0.364 3.02 146.862
0.364 3.05 163.193
0.364 3.08 180.367
0.364 3.11 198.321
0.364 3.14 216.991
0.364 3.17 236.31
0.364 3.2 256.212
0.364 3.23 276.632
0.364 3.26 297.503
0.364 3.29 318.76
0.364 3.32 326.555
0.364 3.35 348.03
0.364 3.38 369.736
0.364 3.41 391.612
0.364 3.44 413.602
0.364 3.47 435.651
0.372 2 289.202
0.372 2.03 266.508
0.372 2.06 244.593
0.372 2.09 223.489
0.372 2.12 203.23
0.372 2.15 183.853
0.372 2.18 165.397
0.372 2.21 147.904
0.372 2.24 131.42
0.372 2.27 115.989
0.372 2.3 101.659
0.372 2.33 88.4759
0.372 2.36 76.4834
0.372 2.39 65.7245
0.372 2.42 56.2388
0.372 2.45 48.0621
0.372 2.48 41.2259
0.372 2.51 35.7569
0.372 2.54 31.6767
0.372 2.57 29.0013
0.372 2.6 27.7411
0.372 2.63 27.9006
0.372 2.66 29.4785
0.372 2.69 32.4673
0.372 2.72 36.8537
0.372 2.75 42.6186
0.372 2.78 49.7373
0.372 2.81 58.1793
0.372 2.84 67.9089
0.372 2.87 78.8856
0.372 2.9 91.0637
0.372 2.93 104.393
0.372 2.96 118.82
0.372 2.99 134.287
0.372 3.02 150.733
0.372 3.05 168.094
0.372 3.08 186.303
0.372 3.11 205.293
0.372 3.14 224.994
0.372 3.17 245.336
0.372 3.2 266.247
0.372 3.23 287.656
0.372 3.26 309.494
0.372 3.29 317.665
0.372 3.32 339.784
0.372 3.35 362.163
0.372 3.38 384.736
0.372 3.41 407.439
0.372 3.44 430.212
0.372 3.47 452.998
0.38 2 277.815
0.38 2.03 255.157
0.38 2.06 233.294
0.38 2.09 212.254
0.38 2.12 192.073
0.38 2.15 172.787
0.38 2.18 154.437
0.38 2.21 137.067
0.38 2.24 120.724
0.38 2.27 105.455
0.38 2.3 91.3113
0.38 2.33 78.341
0.38 2.36 66.5921
0.38 2.39 56.1104
0.38 2.42 46.9379
0.38 2.45 39.1133
0.38 2.48 32.6701
0.38 2.51 27.637
0.38 2.54 24.037
0.38 2.57 21.8874
0.38 2.6 21.1991
0.38 2.63 21.9771
0.38 2.66 24.2197
0.38 2.69 27.919
0.38 2.72 33.061
0.38 2.75 39.625
0.38 2.78 47.5846
0.38 2.81 56.9072
0.38 2.84 67.5547
0.38 2.87 79.4835
0.38 2.9 92.6447
0.38 2.93 106.985
0.38 2.96 122.446
0.38 2.99 138.966
0.38 3.02 156.48
0.38 3.05 174.919
0.38 3.08 194.213
0.38 3.11 214.286
0.38 3.14 235.067
0.38 3.17 256.477
0.38 3.2 278.442
0.38 3.23 286.975
0.38 3.26 309.406
0.38 3.29 332.208
0.38 3.32 355.304
0.38 3.35 378.625
0.38 3.38 402.099
0.38 3.41 425.66
0.38 3.44 449.243
0.38 3.47 472.789
0.388 2 267.328
0.388 2.03 244.733
0.388 2.06 222.945
0.388 2.09 201.994
0.388 2.12 181.913
0.388 2.15 162.739
0.388 2.18 144.514
0.388 2.21 127.284
0.388 2.24 111.097
0.388 2.27 96.0063
0.388 2.3 82.0632
0.388 2.33 69.3207
0.388 2.36 57.8302
0.388 2.39 47.6405
0.388 2.42 38.7969
0.388 2.45 31.3405
0.388 2.48 25.3077
0.388 2.51 20.7289
0.388 2.54 17.6289
0.388 2.57 16.0261
0.388 2.6 15.9323
0.388 2.63 17.3529
0.388 2.66 20.2863
0.388 2.69 24.7241
0.388 2.72 30.6512
0.388 2.75 38.0458
0.388 2.78 46.8798
0.388 2.81 57.1184
0.388 2.84 68.721
0.388 2.87 81.6408
0.388 2.9 95.8259
0.388 2.93 111.219
0.388 2.96 127.758
0.388 2.99 145.376
0.388 3.02 164.004
0.388 3.05 183.568
0.388 3.08 203.992
0.388 3.11 225.196
0.388 3.14 247.102
0.388 3.17 269.627
0.388 3.2 278.446
0.388 3.23 301.536
0.388 3.26 325.046
0.388 3.29 348.898
0.388 3.32 373.012
0.388 3.35 397.311
0.388 3.38 421.721
0.388 3.41 446.171
0.388 3.44 470.593
0.388 3.47 494.923
0.396 2 257.727
0.396 2.03 235.218
0.396 2.06 213.53
0.396 2.09 192.689
0.396 2.12 172.728
0.396 2.15 153.684
0.396 2.18 135.6
0.396 2.21 118.525
0.396 2.24 102.509
0.396 2.27 87.6075
0.396 2.3 73.8772
0.396 2.33 61.3743
0.396 2.36 50.1537
0.396 2.39 40.2678
0.396 2.42 31.7653
0.396 2.45 24.6902
0.396 2.48 19.0815
0.396 2.51 14.9719
0.396 2.54 12.3879
0.396 2.57 11.3493
0.396 2.6 11.8689
0.396 2.63 13.9525
0.396 2.66 17.5987
0.396 2.69 22.7987
0.396 2.72 29.5366
0.396 2.75 37.7894
0.396 2.78 47.5272
0.396 2.81 58.7132
0.396 2.84 71.3041
0.396 2.87 85.2503
0.396 2.9 100.496
0.396 2.93 116.981
0.396 2.96 134.638
0.396 2.99 153.396
0.396 3.02 173.181
0.396 3.05 193.913
0.396 3.08 215.51
0.396 3.11 237.889
0.396 3.14 246.857
0.396 3.17 270.036
0.396 3.2 293.787
0.396 3.23 318.022
0.396 3.26 342.655
0.396 3.29 367.598
0.396 3.32 392.769
0.396 3.35 418.084
0.396 3.38 443.465
0.396 3.41 468.836
0.396 3.44 494.125
0.396 3.47 519.264
0.404 2 248.992
0.404 2.03 226.593
0.404 2.06 205.024
0.404 2.09 184.313
0.404 2.12 164.489
0.404 2.15 145.592
0.404 2.18 127.663
0.404 2.21 110.754
0.404 2.24 94.9198
0.404 2.27 80.2181
0.404 2.3 66.7095
0.404 2.33 54.4544
0.404 2.36 43.512
0.404 2.39 33.9383
0.404 2.42 25.7855
0.404 2.45 19.101
0.404 2.48 13.9264
0.404 2.51 10.2967
0.404 2.54 8.24059
0.404 2.57 7.77922
0.404 2.6 8.92654
0.404 2.63 11.6889
0.404 2.66 16.0651
0.404 2.69 22.0462
0.404 2.72 29.6155
0.404 2.75 38.749
0.404 2.78 49.4149
0.404 2.81 61.5745
0.404 2.84 75.1819
0.404 2.87 90.1845
0.404 2.9 106.523
0.404 2.93 124.133
0.404 2.96 142.943
0.404 2.99 162.877
0.404 3.02 183.855
0.404 3.05 205.785
0.404 3.08 214.741
0.404 3.11 237.74
0.404 3.14 261.485
0.404 3.17 285.883
0.404 3.2 310.84
0.404 3.23 336.263
0.404 3.26 362.058
0.404 3.29 388.133
0.404 3.32 414.398
0.404 3.35 440.766
0.404 3.38 467.151
0.404 3.41 493.474
0.404 3.44 519.657
0.404 3.47 545.629
0.412 2 241.102
0.412 2.03 218.831
0.412 2.06 197.402
0.412 2.09 176.837
0.412 2.12 157.167
0.412 2.15 138.428
0.412 2.18 120.666
0.412 2.21 103.933
0.412 2.24 88.2872
0.412 2.27 73.7913
0.412 2.3 60.5098
0.412 2.33 48.5075
0.412 2.36 37.8478
0.412 2.39 28.5909
0.412 2.42 20.7927
0.412 2.45 14.5039
0.412 2.48 9.76891
0.412 2.51 6.62554
0.412 2.54 5.10429
0.412 2.57 5.22812
0.412 2.6 7.01213
0.412 2.63 10.4635
0.412 2.66 15.5812
0.412 2.69 22.3563
0.412 2.72 30.7715
0.412 2.75 40.8017
0.412 2.78 52.4136
0.412 2.81 65.5665
0.412 2.84 80.2118
0.412 2.87 96.2939
0.412 2.9 113.75
0.412 2.93 132.511
0.412 2.96 152.499
0.412 2.99 160.934
0.412 3.02 182.381
0.412 3.05 204.858
0.412 3.08 228.274
0.412 3.11 252.535
0.412 3.14 277.542
0.412 3.17 303.196
0.412 3.2 329.398
0.412 3.23 356.046
0.412 3.26 383.041
0.412 3.29 410.284
0.412 3.32 437.679
0.412 3.35 465.132
0.412 3.38 492.552
0.412 3.41 519.855
0.412 3.44 546.958
0.412 3.47 573.786
0.42 2 234.029
0.42 2.03 211.906
0.42 2.06 190.633
0.42 2.09 170.229
0.42 2.12 150.724
0.42 2.15 132.154
0.42 2.18 114.566
0.42 2.21 98.0142
0.42 2.24 82.5615
0.42 2.27 68.2742
0.42 2.3 55.2217
0.42 2.33 43.4734
0.42 2.36 33.0972
0.42 2.39 24.1576
0.42 2.42 16.7144
0.42 2.45 10.8219
0.42 2.48 6.52746
0.42 2.51 3.87153
0.42 2.54 2.88683
0.42 2.57 3.59806
0.42 2.6 6.02169
0.42 2.63 10.1658
0.42 2.66 16.0298
0.42 2.69 23.6047
0.42 2.72 32.8729
0.42 2.75 43.8081
0.42 2.78 56.3759
0.42 2.81 70.5333
0.42 2.84 86.2294
0.42 2.87 103.405
0.42 2.9 121.992
0.42 2.93 129.94
0.42 2.96 150.257
0.42 2.99 171.806
0.42 3.02 194.499
0.42 3.05 218.243
0.42 3.08 242.94
0.42 3.11 268.49
0.42 3.14 294.789
0.42 3.17 321.73
0.42 3.2 349.207
0.42 3.23 377.112
0.42 3.26 405.338
0.42 3.29 433.78
0.42 3.32 462.334
0.42 3.35 490.901
0.42 3.38 519.384
0.42 3.41 547.691
0.42 3.44 575.737
0.42 3.47 603.44
0.428 2 227.746
0.428 2.03 205.785
0.428 2.06 184.68
0.428 2.09 164.45
0.428 2.12 145.118
0.428 2.15 126.724
0.428 2.18 109.314
0.428 2.21 92.9461
0.428 2.24 77.6869
0.428 2.27 63.6075
0.428 2.3 50.7821
0.428 2.33 39.2852
0.428 2.36 29.1893
0.428 2.39 20.5634
0.428 2.42 13.4713
0.428 2.45 7.97074
0.428 2.48 4.11246
0.428 2.51 1.93953
0.428 2.54 1.48694
0.428 2.57 2.7813
0.428 2.6 5.84051
0.428 2.63 10.6736
0.428 2.66 17.2808
0.428 2.69 25.653
0.428 2.72 35.7723
0.428 2.75 47.6117
0.428 2.78 61.1353
0.428 2.81 76.2981
0.428 2.84 93.0449
0.428 2.87 111.306
0.428 2.9 119.045
0.428 2.93 139.209
0.428 2.96 160.725
0.428 2.99 183.504
0.428 3.02 207.456
0.428 3.05 232.481
0.428 3.08 258.475
0.428 3.11 285.332
0.428 3.14 312.942
0.428 3.17 341.19
0.428 3.2 369.964
0.428 3.23 399.148
0.428 3.26 428.628
0.428 3.29 458.292
0.428 3.32 488.028
0.428 3.35 517.73
0.428 3.38 547.296
0.428 3.41 576.627
0.428 3.44 605.632
0.428 3.47 634.225
0.436 2 222.217
0.436 2.03 200.431
0.436 2.06 179.505
0.436 2.09 159.455
0.436 2.12 140.303
0.436 2.15 122.087
0.436 2.18 104.856
0.436 2.21 88.6704
0.436 2.24 73.6018
0.436 2.27 59.7259
0.436 2.3 47.1221
0.436 2.33 35.87
0.436 2.36 26.0471
0.436 2.39 17.7268
0.436 2.42 10.977
0.436 2.45 5.85913
0.436 2.48 2.42698
0.436 2.51 0.726453
0.436 2.54 0.794906
0.436 2.57 2.66087
0.436 2.6 6.34378
0.436 2.63 11.8538
0.436 2.66 19.1919
0.436 2.69 28.3492
0.436 2.72 39.3075
0.436 2.75 52.0392
0.436 2.78 66.5058
0.436 2.81 82.6589
0.436 2.84 89.5897
0.436 2.87 107.885
0.436 2.9 127.73
0.436 2.93 149.048
0.436 2.96 171.757
0.436 2.99 195.764
0.436 3.02 220.973
0.436 3.05 247.279
0.436 3.08 274.574
0.436 3.11 302.743
0.436 3.14 331.669
0.436 3.17 361.233
0.436 3.2 391.312
0.436 3.23 421.786
0.436 3.26 452.53
0.436 3.29 483.427
0.436 3.32 514.357
0.436 3.35 545.206
0.436 3.38 575.865
0.436 3.41 606.23
0.436 3.44 636.204
0.436 3.47 665.695
0.444 2 217.408
0.444 2.03 195.803
0.444 2.06 175.062
0.444 2.09 155.196
0.444 2.12 136.225
0.444 2.15 118.186
0.444 2.18 101.131
0.444 2.21 85.1233
0.444 2.24 70.2387
0.444 2.27 56.5583
0.444 2.3 44.167
0.444 2.33 33.1495
0.444 2.36 23.5881
0.444 2.39 15.5609
0.444 2.42 9.1398
0.444 2.45 4.38971
0.444 2.48 1.36771
0.444 2.51 0.122425
0.444 2.54 0.693585
0.444 2.57 3.11169
0.444 2.6 7.3978
0.444 2.63 13.5633
0.444 2.66 21.6099
0.444 2.69 31.5289
0.444 2.72 43.3021
0.444 2.75 56.8999
0.444 2.78 72.2794
0.444 2.81 78.7999
0.444 2.84 96.4706
0.444 2.87 115.808
0.444 2.9 136.741
0.444 2.93 159.192
0.444 2.96 183.073
0.444 2.99 208.289
0.444 3.02 234.737
0.444 3.05 262.308
0.444 3.08 290.888
0.444 3.11 320.356
0.444 3.14 350.588
0.444 3.17 381.458
0.444 3.2 412.836
0.444 3.23 444.592
0.444 3.26 476.597
0.444 3.29 508.722
0.444 3.32 540.843
0.444 3.35 572.837
0.444 3.38 604.589
0.444 3.41 635.986
0.444 3.44 666.926
0.444 3.47 697.312
0.452 2 213.277
0.452 2.03 191.856
0.452 2.06 171.302
0.452 2.09 151.619
0.452 2.12 132.826
0.452 2.15 114.96
0.452 2.18 98.0742
0.452 2.21 82.2359
0.452 2.24 67.5253
0.452 2.27 54.0291
0.452 2.3 41.8376
0.452 2.33 31.0406
0.452 2.36 21.7254
0.452 2.39 13.9743
0.452 2.42 7.86321
0.452 2.45 3.46056
0.452 2.48 0.826507
0.452 2.51 0.0123688
0.452 2.54 1.06019
0.452 2.57 4.00245
0.452 2.6 8.8618
0.452 2.63 15.6509
0.452 2.66 24.372
0.452 2.69 35.0169
0.452 2.72 47.566
0.452 2.75 61.9846
0.452 2.78 68.0199
0.452 2.81 84.8654
0.452 2.84 103.489
0.452 2.87 123.828
0.452 2.9 145.809
0.452 2.93 169.352
0.452 2.96 194.365
0.452 2.99 220.75
0.452 3.02 248.399
0.452 3.05 277.199
0.452 3.08 307.028
0.452 3.11 337.761
0.452 3.14 369.267
0.452 3.17 401.412
0.452 3.2 434.06
0.452 3.23 467.072
0.452 3.26 500.312
0.452 3.29 533.644
0.452 3.32 566.934
0.452 3.35 600.054
0.452 3.38 632.878
0.452 3.41 665.29
0.452 3.44 697.18
0.452 3.47 728.446
0.46 2 209.783
0.46 2.03 188.544
0.46 2.06 168.172
0.46 2.09 148.667
0.46 2.12 130.046
0.46 2.15 112.344
0.46 2.18 95.6163
0.46 2.21 79.9355
0.46 2.24 65.3858
0.46 2.27 52.0594
0.46 2.3 40.0517
0.46 2.33 29.4578
0.46 2.36 20.3694
0.46 2.39 12.8731
0.46 2.42 7.04844
0.46 2.45 2.96727
0.46 2.48 0.692611
0.46 2.51 0.278341
0.46 2.54 1.76873
0.46 2.57 5.19814
0.46 2.6 10.5908
0.46 2.63 17.9604
0.46 2.66 27.31
0.46 2.69 38.6307
0.46 2.72 51.8983
0.46 2.75 57.3745
0.46 2.78 73.1853
0.46 2.81 90.8766
0.46 2.84 110.395
0.46 2.87 131.676
0.46 2.9 154.645
0.46 2.93 179.218
0.46 2.96 205.302
0.46 2.99 232.794
0.46 3.02 261.583
0.46 3.05 291.549
0.46 3.08 322.568
0.46 3.11 354.507
0.46 3.14 387.229
0.46 3.17 420.593
0.46 3.2 454.456
0.46 3.23 488.673
0.46 3.26 523.099
0.46 3.29 557.59
0.46 3.32 592.005
0.46 3.35 626.207
0.46 3.38 660.065
0.46 3.41 693.454
0.46 3.44 726.259
0.46 3.47 758.371
0.468 2 206.881
0.468 2.03 185.816
0.468 2.06 165.618
0.468 2.09 146.281
0.468 2.12 127.819
0.468 2.15 110.268
0.468 2.18 93.6855
0.468 2.21 78.1474
0.468 2.24 63.7427
0.468 2.27 50.5689
0.468 2.3 38.7263
0.468 2.33 28.3147
0.468 2.36 19.4303
0.468 2.39 12.1633
0.468 2.42 6.59681
0.468 2.45 2.80563
0.468 2.48 0.855486
0.468 2.51 0.802587
0.468 2.54 2.69325
0.468 2.57 6.56358
0.468 2.6 12.4392
0.468 2.63 20.3348
0.468 2.66 30.2532
0.468 2.69 42.1825
0.468 2.72 47.0326
0.468 2.75 61.598
0.468 2.78 78.1339
0.468 2.81 96.5969
0.468 2.84 116.932
0.468 2.87 139.075
0.468 2.9 162.949
0.468 2.93 188.469
0.468 2.96 215.537
0.468 2.99 244.049
0.468 3.02 273.888
0.468 3.05 304.933
0.468 3.08 337.053
0.468 3.11 370.11
0.468 3.14 403.961
0.468 3.17 438.459
0.468 3.2 473.455
0.468 3.23 508.795
0.468 3.26 544.327
0.468 3.29 579.901
0.468 3.32 615.368
0.468 3.35 650.583
0.468 3.38 685.409
0.468 3.41 719.714
0.468 3.44 753.376
0.468 3.47 786.282
0.476 2 204.527
0.476 2.03 183.623
0.476 2.06 163.583
0.476 2.09 144.398
0.476 2.12 126.08
0.476 2.15 108.664
0.476 2.18 92.2103
0.476 2.21 76.7974
0.476 2.24 62.5196
0.476 2.27 49.4789
0.476 2.3 37.7802
0.476 2.33 27.5276
0.476 2.36 18.8209
0.476 2.39 11.754
0.476 2.42 6.41293
0.476 2.45 2.87503
0.476 2.48 1.20841
0.476 2.51 1.47136
0.476 2.54 3.71196
0.476 2.57 7.96785
0.476 2.6 14.2658
0.476 2.63 22.6207
0.476 2.66 33.0338
0.476 2.69 37.2005
0.476 2.72 50.3166
0.476 2.75 65.4773
0.476 2.78 82.6503
0.476 2.81 101.792
0.476 2.84 122.847
0.476 2.87 145.751
0.476 2.9 170.424
0.476 2.93 196.781
0.476 2.96 224.721
0.476 2.99 254.138
0.476 3.02 284.912
0.476 3.05 316.917
0.476 3.08 350.018
0.476 3.11 384.073
0.476 3.14 418.934
0.476 3.17 454.448
0.476 3.2 490.459
0.476 3.23 526.807
0.476 3.26 563.335
0.476 3.29 599.884
0.476 3.32 636.298
0.476 3.35 672.427
0.476 3.38 708.126
0.476 3.41 743.257
0.476 3.44 777.693
0.476 3.47 811.314
0.484 2 202.678
0.484 2.03 181.915
0.484 2.06 162.014
0.484 2.09 142.962
0.484 2.12 124.768
0.484 2.15 107.467
0.484 2.18 91.1223
0.484 2.21 75.8154
0.484 2.24 61.6444
0.484 2.27 48.7155
0.484 2.3 37.1375
0.484 2.33 27.0182
0.484 2.36 18.4605
0.484 2.39 11.5611
0.484 2.42 6.40852
0.484 2.45 3.08237
0.484 2.48 1.65266
0.484 2.51 2.17935
0.484 2.54 4.71201
0.484 2.57 9.28941
0.484 2.6 15.9389
0.484 2.63 24.6749
0.484 2.66 35.4896
0.484 2.69 39.5908
0.484 2.72 53.1686
0.484 2.75 68.8262
0.484 2.78 86.5315
0.484 2.81 106.241
0.484 2.84 127.899
0.484 2.87 151.439
0.484 2.9 176.784
0.484 2.93 203.844
0.484 2.96 232.519
0.484 2.99 262.698
0.484 3.02 294.26
0.484 3.05 327.077
0.484 3.08 361.008
0.484 3.11 395.909
0.484 3.14 431.627
0.484 3.17 468.004
0.484 3.2 504.878
0.484 3.23 542.085
0.484 3.26 579.461
0.484 3.29 616.841
0.484 3.32 654.065
0.484 3.35 690.974
0.484 3.38 727.42
0.484 3.41 763.258
0.484 3.44 798.356
0.484 3.47 832.59
0.492 2 201.296
0.492 2.03 180.649
0.492 2.06 160.862
0.492 2.09 141.918
0.492 2.12 123.825
0.492 2.15 106.618
0.492 2.18 90.3603
0.492 2.21 75.1385
0.492 2.24 61.053
0.492 2.27 48.2134
0.492 2.3 36.7315
0.492 2.33 26.7179
0.492 2.36 18.278
0.492 2.39 11.5107
0.492 2.42 6.5064
0.492 2.45 3.34633
0.492 2.48 2.10198
0.492 2.51 2.83456
0.492 2.54 5.59466
0.492 2.57 10.4217
0.492 2.6 17.3432
0.492 2.63 26.37
0.492 2.66 29.6949
0.492 2.69 41.5028
0.492 2.72 55.4379
0.492 2.75 71.48
0.492 2.78 89.5973
0.492 2.81 109.746
0.492 2.84 131.872
0.492 2.87 155.907
0.492 2.9 181.773
0.492 2.93 209.379
0.492 2.96 238.625
0.492 2.99 269.398
0.492 3.02 301.576
0.492 3.05 335.025
0.492 3.08 369.606
0.492 3.11 405.169
0.492 3.14 441.558
0.492 3.17 478.611
0.492 3.2 516.163
0.492 3.23 554.045
0.492 3.26 592.088
0.492 3.29 630.123
0.492 3.32 667.983
0.492 3.35 705.508
0.492 3.38 742.542
0.492 3.41 778.938
0.492 3.44 814.558
0.492 3.47 849.276
0.5 2 200.35
0.5 2.03 179.79
0.5 2.06 160.087
0.5 2.09 141.223
0.5 2.12 123.204
0.5 2.15 106.066
0.5 2.18 89.8741
0.5 2.21 74.7154
0.5 2.24 60.6933
0.5 2.27 47.9195
0.5 2.3 36.508
0.5 2.33 26.5713
0.5 2.36 18.2164
0.5 2.39 11.5436
0.5 2.42 6.64459
0.5 2.45 3.60163
0.5 2.48 2.48714
0.5 2.51 3.36307
0.5 2.54 6.28056
0.5 2.57 11.2792
0.5 2.6 18.3851
0.5 2.63 27.5975
0.5 2.66 30.7929
0.5 2.69 42.8252
0.5 2.72 57.0026
0.5 2.75 73.3053
0.5 2.78 91.7018
0.5 2.81 112.149
0.5 2.84 134.591
0.5 2.87 158.961
0.5 2.9 185.18
0.5 2.93 213.157
0.5 2.96 242.79
0.5 2.99 273.966
0.5 3.02 306.561
0.5 3.05 340.442
0.5 3.08 375.464
0.5 3.11 411.477
0.5 3.14 448.323
0.5 3.17 485.837
0.5 3.2 523.852
0.5 3.23 562.194
0.5 3.26 600.692
0.5 3.29 639.174
0.5 3.32 677.471
0.5 3.35 715.417
0.5 3.38 752.854
0.5 3.41 789.631
0.5 3.44 825.609
0.5 3.47 860.657
0.508 2 199.816
0.508 2.03 179.31
0.508 2.06 159.659
0.508 2.09 140.845
0.508 2.12 122.873
0.508 2.15 105.779
0.508 2.18 89.6281
0.508 2.21 74.51
0.508 2.24 60.5286
0.508 2.27 47.7966
0.508 2.3 36.4292
0.508 2.33 26.5396
0.508 2.36 18.2358
0.508 2.39 11.6184
0.508 2.42 6.77985
0.508 2.45 3.80274
0.508 2.48 2.75984
0.508 2.51 3.71333
0.508 2.54 6.71434
0.508 2.57 11.8018
0.508 2.6 18.9987
0.508 2.63 21.3535
0.508 2.66 31.3362
0.508 2.69 43.4802
0.508 2.72 57.7777
0.508 2.75 74.2089
0.508 2.78 92.7427
0.508 2.81 113.336
0.508 2.84 135.932
0.508 2.87 160.466
0.508 2.9 186.857
0.508 2.93 215.015
0.508 2.96 244.836
0.508 2.99 276.208
0.508 3.02 309.006
0.508 3.05 343.095
0.508 3.08 378.332
0.508 3.11 414.564
0.508 3.14 451.632
0.508 3.17 489.37
0.508 3.2 527.609
0.508 3.23 566.175
0.508 3.26 604.895
0.508 3.29 643.595
0.508 3.32 682.103
0.508 3.35 720.254
0.508 3.38 757.887
0.508 3.41 794.85
0.508 3.44 831.002
0.508 3.47 866.213
0.516 2 199.683
0.516 2.03 179.196
0.516 2.06 159.564
0.516 2.09 140.768
0.516 2.12 122.813
0.516 2.15 105.737
0.516 2.18 89.6039
0.516 2.21 74.5037
0.516 2.24 60.5401
0.516 2.27 47.8259
0.516 2.3 36.476
0.516 2.33 26.6034
0.516 2.36 18.316
0.516 2.39 11.7143
0.516 2.42 6.89039
0.516 2.45 3.92672
0.516 2.48 2.89577
0.516 2.51 3.85939
0.516 2.54 6.86805
0.516 2.57 11.9593
0.516 2.6 19.1497
0.516 2.63 21.3092
0.516 2.66 31.2895
0.516 2.69 43.4295
0.516 2.72 57.7211
0.516 2.75 74.1449
0.516 2.78 92.6694
0.516 2.81 113.251
0.516 2.84 135.836
0.516 2.87 160.355
0.516 2.9 186.731
0.516 2.93 214.871
0.516 2.96 244.675
0.516 2.99 276.027
0.516 3.02 308.804
0.516 3.05 342.872
0.516 3.08 378.086
0.516 3.11 414.295
0.516 3.14 451.339
0.516 3.17 489.053
0.516 3.2 527.267
0.516 3.23 565.808
0.516 3.26 604.504
0.516 3.29 643.179
0.516 3.32 681.664
0.516 3.35 719.793
0.516 3.38 757.404
0.516 3.41 794.348
0.516 3.44 830.481
0.516 3.47 865.674
0.524 2 199.949
0.524 2.03 179.447
0.524 2.06 159.801
0.524 2.09 140.991
0.524 2.12 123.026
0.524 2.15 105.941
0.524 2.18 89.8024
0.524 2.21 74.6973
0.524 2.24 60.7288
0.524 2.27 48.0082
0.524 2.3 36.6492
0.524 2.33 26.7636
0.524 2.36 18.4581
0.524 2.39 11.8323
0.524 2.42 6.97722
0.524 2.45 3.97463
0.524 2.48 2.89608
0.524 2.51 3.80249
0.524 2.54 6.74316
0.524 2.57 11.7532
0.524 2.6 13.0569
0.524 2.63 20.7841
0.524 2.66 30.6563
0.524 2.69 42.6766
0.524 2.72 56.837
0.524 2.75 73.1175
0.524 2.78 91.4868
0.524 2.81 111.902
0.524 2.84 134.307
0.524 2.87 158.635
0.524 2.9 184.808
0.524 2.93 212.735
0.524 2.96 242.314
0.524 2.99 273.432
0.524 3.02 305.965
0.524 3.05 339.781
0.524 3.08 374.737
0.524 3.11 410.681
0.524 3.14 447.456
0.524 3.17 484.898
0.524 3.2 522.839
0.524 3.23 561.109
0.524 3.26 599.535
0.524 3.29 637.946
0.524 3.32 676.173
0.524 3.35 714.053
0.524 3.38 751.426
0.524 3.41 788.144
0.524 3.44 824.066
0.524 3.47 859.063
0.532 2 200.628
0.532 2.03 180.078
0.532 2.06 160.385
0.532 2.09 141.532
0.532 2.12 123.528
0.532 2.15 106.411
0.532 2.18 90.2429
0.532 2.21 75.1107
0.532 2.24 61.1148
0.532 2.27 48.364
0.532 2.3 36.9696
0.532 2.33 27.0413
0.532 2.36 18.6838
0.532 2.39 11.9949
0.532 2.42 7.06403
0.532 2.45 3.97144
0.532 2.48 2.78728
0.532 2.51 3.571
0.532 2.54 6.37016
0.532 2.57 11.2164
0.532 2.6 12.279
0.532 2.63 19.8161
0.532 2.66 29.4779
0.532 2.69 41.2672
0.532 2.72 55.1752
0.532 2.75 71.1817
0.532 2.78 89.2553
0.532 2.81 109.352
0.532 2.84 131.418
0.532 2.87 155.386
0.532 2.9 181.177
0.532 2.93 208.701
0.532 2.96 237.859
0.532 2.99 268.537
0.532 3.02 300.615
0.532 3.05 333.96
0.532 3.08 368.431
0.532 3.11 403.882
0.532 3.14 440.155
0.532 3.17 477.091
0.532 3.2 514.525
0.532 3.23 552.288
0.532 3.26 590.214
0.532 3.29 628.133
0.532 3.32 665.881
0.532 3.35 703.298
0.532 3.38 740.229
0.532 3.41 776.527
0.532 3.44 812.056
0.532 3.47 846.691
0.54 2 201.74
0.54 2.03 181.114
0.54 2.06 161.345
0.54 2.09 142.422
0.54 2.12 124.355
0.54 2.15 107.181
0.54 2.18 90.9621
0.54 2.21 75.7812
0.54 2.24 61.736
0.54 2.27 48.9317
0.54 2.3 37.4764
0.54 2.33 27.4767
0.54 2.36 19.0345
0.54 2.39 12.245
0.54 2.42 7.19562
0.54 2.45 3.96435
0.54 2.48 2.61947
0.54 2.51 3.21852
0.54 2.54 5.80678
0.54 2.57 10.4114
0.54 2.6 11.2162
0.54 2.63 18.4757
0.54 2.66 27.8314
0.54 2.69 39.2852
0.54 2.72 52.8278
0.54 2.75 68.4387
0.54 2.78 86.0858
0.54 2.81 105.726
0.54 2.84 127.304
0.54 2.87 150.754
0.54 2.9 175.998
0.54 2.93 202.947
0.54 2.96 231.502
0.54 2.99 261.554
0.54 3.02 292.981
0.54 3.05 325.656
0.54 3.08 359.44
0.54 3.11 394.188
0.54 3.14 429.75
0.54 3.17 465.968
0.54 3.2 502.682
0.54 3.23 539.73
0.54 3.26 576.947
0.54 3.29 614.171
0.54 3.32 651.243
0.54 3.35 688.006
0.54 3.38 724.312
0.54 3.41 760.019
0.54 3.44 794.995
0.54 3.47 829.117
0.548 2 203.316
0.548 2.03 182.59
0.548 2.06 162.722
0.548 2.09 143.706
0.548 2.12 125.553
0.548 2.15 108.301
0.548 2.18 92.0104
0.548 2.21 76.7606
0.548 2.24 62.6451
0.548 2.27 49.7651
0.548 2.3 38.2245
0.548 2.33 28.126
0.548 2.36 19.5681
0.548 2.39 12.643
0.548 2.42 7.43501
0.548 2.45 4.01981
0.548 2.48 2.46321
0.548 2.51 2.82044
0.548 2.54 5.1341
0.548 2.57 9.42578
0.548 2.6 9.95918
0.548 2.63 16.8614
0.548 2.66 25.824
0.548 2.69 36.8479
0.548 2.72 49.9231
0.548 2.75 65.0285
0.548 2.78 82.1319
0.548 2.81 101.19
0.548 2.84 122.148
0.548 2.87 144.941
0.548 2.9 169.492
0.548 2.93 195.713
0.548 2.96 223.508
0.548 2.99 252.768
0.548 3.02 283.376
0.548 3.05 315.207
0.548 3.08 348.126
0.548 3.11 381.994
0.548 3.14 416.664
0.548 3.17 451.983
0.548 3.2 487.797
0.548 3.23 523.949
0.548 3.26 560.282
0.548 3.29 596.639
0.548 3.32 632.867
0.548 3.35 668.817
0.548 3.38 704.345
0.548 3.41 739.315
0.548 3.44 773.601
0.548 3.47 807.085
0.556 2 205.394
0.556 2.03 184.549
0.556 2.06 164.564
0.556 2.09 145.435
0.556 2.12 127.178
0.556 2.15 109.83
0.556 2.18 93.4488
0.556 2.21 78.1114
0.556 2.24 63.9062
0.556 2.27 50.9295
0.556 2.3 39.2807
0.556 2.33 29.058
0.556 2.36 20.3559
0.556 2.39 13.2627
0.556 2.42 7.85982
0.556 2.45 4.21966
0.556 2.48 2.4054
0.556 2.51 2.46958
0.556 2.54 4.45187
0.556 2.57 8.36751
0.556 2.6 8.61907
0.556 2.63 15.0936
0.556 2.66 23.5865
0.556 2.69 34.0978
0.556 2.72 46.6165
0.556 2.75 61.1213
0.556 2.78 77.5796
0.556 2.81 95.9484
0.556 2.84 116.174
0.556 2.87 138.19
0.556 2.9 161.924
0.556 2.93 187.288
0.556 2.96 214.188
0.556 2.99 242.519
0.556 3.02 272.168
0.556 3.05 303.012
0.556 3.08 334.922
0.556 3.11 367.762
0.556 3.14 401.391
0.556 3.17 435.664
0.556 3.2 470.433
0.556 3.23 505.546
0.556 3.26 540.853
0.556 3.29 576.206
0.556 3.32 611.458
0.556 3.35 646.466
0.556 3.38 681.094
0.556 3.41 715.213
0.556 3.44 748.702
0.556 3.47 781.449
0.564 2 208.015
0.564 2.03 187.039
0.564 2.06 166.922
0.564 2.09 147.667
0.564 2.12 129.291
0.564 2.15 111.832
0.564 2.18 95.3448
0.564 2.21 79.9031
0.564 2.24 65.5906
0.564 2.27 52.4984
0.564 2.3 40.7205
0.564 2.33 30.3505
0.564 2.36 21.4783
0.564 2.39 14.1884
0.564 2.42 8.55814
0.564 2.45 4.65689
0.564 2.48 2.54473
0.564 2.51 2.27135
0.564 2.54 3.87336
0.564 2.57 7.35893
0.564 2.6 7.32147
0.564 2.63 13.3083
0.564 2.66 21.2665
0.564 2.69 31.1952
0.564 2.72 43.0827
0.564 2.75 56.9072
0.564 2.78 72.6362
0.564 2.81 90.2268
0.564 2.84 109.626
0.564 2.87 130.77
0.564 2.9 153.585
0.564 2.93 177.988
0.564 2.96 203.887
0.564 2.99 231.18
0.564 3.02 259.758
0.564 3.05 289.502
0.564 3.08 320.289
0.564 3.11 351.988
0.564 3.14 384.465
0.564 3.17 417.58
0.564 3.2 451.191
0.564 3.23 485.157
0.564 3.26 519.333
0.564 3.29 553.579
0.564 3.32 587.755
0.564 3.35 621.728
0.564 3.38 655.367
0.564 3.41 688.55
0.564 3.44 721.162
0.564 3.47 753.098
0.572 2 211.222
0.572 2.03 190.108
0.572 2.06 169.852
0.572 2.09 150.461
0.572 2.12 131.956
0.572 2.15 114.374
0.572 2.18 97.7685
0.572 2.21 82.2087
0.572 2.24 67.7736
0.572 2.27 54.5491
0.572 2.3 42.6239
0.572 2.33 32.0864
0.572 2.36 23.0217
0.572 2.39 15.5099
0.572 2.42 9.62451
0.572 2.45 5.43135
0.572 2.48 2.98726
0.572 2.51 2.33894
0.572 2.54 3.51993
0.572 2.57 2.66396
0.572 2.6 6.20077
0.572 2.63 11.6505
0.572 2.66 19.021
0.572 2.69 28.3103
0.572 2.72 39.5064
0.572 2.75 52.5868
0.572 2.78 67.5195
0.572 2.81 84.262
0.572 2.84 102.762
0.572 2.87 122.958
0.572 2.9 144.777
0.572 2.93 168.141
0.572 2.96 192.958
0.572 2.99 219.131
0.572 3.02 246.555
0.572 3.05 275.117
0.572 3.08 304.698
0.572 3.11 335.175
0.572 3.14 366.418
0.572 3.17 398.295
0.572 3.2 430.673
0.572 3.23 463.415
0.572 3.26 496.388
0.572 3.29 529.457
0.572 3.32 562.491
0.572 3.35 595.363
0.572 3.38 627.952
0.572 3.41 660.142
0.572 3.44 691.825
0.572 3.47 722.9
0.58 2 215.058
0.58 2.03 193.804
0.58 2.06 173.407
0.58 2.09 153.877
0.58 2.12 135.236
0.58 2.15 117.523
0.58 2.18 100.79
0.58 2.21 85.1009
0.58 2.24 70.5308
0.58 2.27 57.1603
0.58 2.3 45.0724
0.58 2.33 34.3503
0.58 2.36 25.0742
0.58 2.39 17.3197
0.58 2.42 11.1563
0.58 2.45 6.64596
0.58 2.48 3.84227
0.58 2.51 2.7889
0.58 2.54 3.51645
0.58 2.57 2.3818
0.58 2.6 5.39479
0.58 2.63 10.2687
0.58 2.66 17.0103
0.58 2.69 25.6165
0.58 2.72 36.075
0.58 2.75 48.3632
0.58 2.78 62.4493
0.58 2.81 78.2917
0.58 2.84 95.8394
0.58 2.87 115.032
0.58 2.9 135.801
0.58 2.93 158.068
0.58 2.96 181.746
0.58 2.99 206.744
0.58 3.02 232.958
0.58 3.05 260.283
0.58 3.08 288.604
0.58 3.11 317.805
0.58 3.14 347.762
0.58 3.17 378.352
0.58 3.2 409.448
0.58 3.23 440.922
0.58 3.26 472.647
0.58 3.29 504.497
0.58 3.32 536.35
0.58 3.35 568.085
0.58 3.38 599.588
0.58 3.41 630.752
0.58 3.44 661.473
0.58 3.47 691.658
0.588 2 219.564
0.588 2.03 198.175
0.588 2.06 177.638
0.588 2.09 157.969
0.588 2.12 139.191
0.588 2.15 121.343
0.588 2.18 104.476
0.588 2.21 88.6505
0.588 2.24 73.9363
0.588 2.27 60.4089
0.588 2.3 48.1462
0.588 2.33 37.226
0.588 2.36 27.7236
0.588 2.39 19.71
0.588 2.42 13.2505
0.588 2.45 8.40337
0.588 2.48 5.2188
0.588 2.51 3.73747
0.588 2.54 3.98724
0.588 2.57 2.57797
0.588 2.6 5.04038
0.588 2.63 9.31006
0.588 2.66 15.3927
0.588 2.69 23.2845
0.588 2.72 32.9726
0.588 2.75 44.4348
0.588 2.78 57.6397
0.588 2.81 72.5467
0.588 2.84 89.1064
0.588 2.87 107.26
0.588 2.9 126.942
0.588 2.93 148.077
0.588 2.96 170.583
0.588 2.99 194.37
0.588 3.02 219.343
0.588 3.05 245.399
0.588 3.08 272.43
0.588 3.11 300.327
0.588 3.14 328.973
0.588 3.17 358.251
0.588 3.2 388.042
0.588 3.23 418.226
0.588 3.26 448.683
0.588 3.29 479.297
0.588 3.32 509.951
0.588 3.35 540.533
0.588 3.38 570.937
0.588 3.41 601.06
0.588 3.44 630.807
0.588 3.47 660.089
0.596 2 224.78
0.596 2.03 203.263
0.596 2.06 182.593
0.596 2.09 162.789
0.596 2.12 143.876
0.596 2.15 125.894
0.596 2.18 108.891
0.596 2.21 92.9242
0.596 2.24 78.0599
0.596 2.27 64.3684
0.596 2.3 51.9223
0.596 2.33 40.7942
0.596 2.36 31.0546
0.596 2.39 22.77
0.596 2.42 16.0014
0.596 2.45 10.8034
0.596 2.48 7.22286
0.596 2.51 5.29759
0.596 2.54 5.05296
0.596 2.57 3.37615
0.596 2.6 5.26997
0.596 2.63 8.9166
0.596 2.66 14.3207
0.596 2.69 21.478
0.596 2.72 30.3754
0.596 2.75 40.991
0.596 2.78 53.294
0.596 2.81 67.2452
0.596 2.84 82.7969
0.596 2.87 99.8931
0.596 2.9 118.47
0.596 2.93 138.456
0.596 2.96 159.773
0.596 2.99 182.336
0.596 3.02 206.053
0.596 3.05 230.829
0.596 3.08 256.562
0.596 3.11 283.147
0.596 3.14 310.475
0.596 3.17 338.437
0.596 3.2 366.92
0.596 3.23 395.813
0.596 3.26 425.003
0.596 3.29 454.381
0.596 3.32 483.837
0.596 3.35 513.269
0.596 3.38 542.575
0.596 3.41 571.659
0.596 3.44 600.432
0.596 3.47 628.81
0.604 2 230.74
0.604 2.03 209.108
0.604 2.06 188.315
0.604 2.09 168.384
0.604 2.12 149.343
0.604 2.15 131.23
0.604 2.18 114.092
0.604 2.21 97.9835
0.604 2.24 82.9669
0.604 2.27 69.1074
0.604 2.3 56.4729
0.604 2.33 45.131
0.604 2.36 35.1475
0.604 2.39 26.5843
0.604 2.42 19.4984
0.604 2.45 13.9409
0.604 2.48 9.95536
0.604 2.51 7.57671
0.604 2.54 6.82814
0.604 2.57 4.89369
0.604 2.6 6.20898
0.604 2.63 9.2225
0.604 2.66 13.938
0.604 2.69 20.3509
0.604 2.72 28.448
0.604 2.75 38.208
0.604 2.78 49.6009
0.604 2.81 62.589
0.604 2.84 77.1264
0.604 2.87 93.1597
0.604 2.9 110.628
0.604 2.93 129.463
0.604 2.96 149.591
0.604 2.99 170.931
0.604 3.02 193.397
0.604 3.05 216.898
0.604 3.08 241.339
0.604 3.11 266.621
0.604 3.14 292.643
0.604 3.17 319.301
0.604 3.2 346.49
0.604 3.23 374.105
0.604 3.26 402.043
0.604 3.29 430.2
0.604 3.32 458.475
0.604 3.35 486.77
0.604 3.38 514.992
0.604 3.41 543.05
0.604 3.44 570.861
0.604 3.47 598.345
0.612 2 237.477
0.612 2.03 215.744
0.612 2.06 194.843
0.612 2.09 174.797
0.612 2.12 155.636
0.612 2.15 137.399
0.612 2.18 120.131
0.612 2.21 103.884
0.612 2.24 88.7165
0.612 2.27 74.6888
0.612 2.3 61.8646
0.612 2.33 50.3069
0.612 2.36 40.0767
0.612 2.39 31.2318
0.612 2.42 23.8254
0.612 2.45 17.9048
0.612 2.48 13.5106
0.612 2.51 10.6752
0.612 2.54 9.41978
0.612 2.57 9.74002
0.612 2.6 7.97408
0.612 2.63 10.3523
0.612 2.66 14.3777
0.612 2.69 20.0453
0.612 2.72 27.3422
0.612 2.75 36.2475
0.612 2.78 46.7327
0.612 2.81 58.7614
0.612 2.84 72.2898
0.612 2.87 87.2671
0.612 2.9 103.635
0.612 2.93 121.33
0.612 2.96 140.282
0.612 2.99 160.414
0.612 3.02 181.645
0.612 3.05 203.89
0.612 3.08 227.059
0.612 3.11 251.06
0.612 3.14 275.798
0.612 3.17 301.176
0.612 3.2 327.097
0.612 3.23 353.461
0.612 3.26 380.172
0.612 3.29 407.134
0.612 3.32 434.252
0.612 3.35 461.436
0.612 3.38 488.596
0.612 3.41 515.649
0.612 3.44 542.516
0.612 3.47 569.122
0.62 2 245.02
0.62 2.03 223.204
0.62 2.06 202.21
0.62 2.09 182.064
0.62 2.12 162.797
0.62 2.15 144.446
0.62 2.18 127.056
0.62 2.21 110.677
0.62 2.24 95.3621
0.62 2.27 81.1696
0.62 2.3 68.158
0.62 2.33 56.386
0.62 2.36 45.9105
0.62 2.39 36.785
0.62 2.42 29.0591
0.62 2.45 22.7767
0.62 2.48 17.9755
0.62 2.51 14.6855
0.62 2.54 12.9261
0.62 2.57 12.6947
0.62 2.6 10.6721
0.62 2.63 12.4198
0.62 2.66 15.7608
0.62 2.69 20.6901
0.62 2.72 27.1949
0.62 2.75 35.2554
0.62 2.78 44.8441
0.62 2.81 55.9263
0.62 2.84 68.4606
0.62 2.87 82.3987
0.62 2.9 97.6858
0.62 2.93 114.261
0.62 2.96 132.059
0.62 2.99 151.008
0.62 3.02 171.03
0.62 3.05 192.048
0.62 3.08 213.976
0.62 3.11 236.728
0.62 3.14 260.215
0.62 3.17 284.347
0.62 3.2 309.032
0.62 3.23 334.18
0.62 3.26 359.699
0.62 3.29 385.499
0.62 3.32 411.493
0.62 3.35 437.594
0.62 3.38 463.722
0.62 3.41 489.797
0.62 3.44 515.743
0.62 3.47 541.492
0.628 2 253.391
0.628 2.03 231.514
0.628 2.06 210.447
0.628 2.09 190.218
0.628 2.12 170.859
0.628 2.15 152.408
0.628 2.18 134.907
0.628 2.21 118.405
0.628 2.24 102.951
0.628 2.27 88.6003
0.628 2.3 75.4072
0.628 2.33 63.4263
0.628 2.36 52.7103
0.628 2.39 43.3093
0.628 2.42 35.2692
0.628 2.45 28.6307
0.628 2.48 23.4289
0.628 2.51 19.6913
0.628 2.54 17.4361
0.628 2.57 16.6621
0.628 2.6 14.3996
0.628 2.63 15.5276
0.628 2.66 18.1964
0.628 2.69 22.4008
0.628 2.72 28.1288
0.628 2.75 35.3612
0.628 2.78 44.0721
0.628 2.81 54.2285
0.628 2.84 65.7911
0.628 2.87 78.7146
0.628 2.9 92.9472
0.628 2.93 108.432
0.628 2.96 125.107
0.628 2.99 142.904
0.628 3.02 161.754
0.628 3.05 181.579
0.628 3.08 202.303
0.628 3.11 223.845
0.628 3.14 246.121
0.628 3.17 269.046
0.628 3.2 292.537
0.628 3.23 316.508
0.628 3.26 340.874
0.628 3.29 365.551
0.628 3.32 390.456
0.628 3.35 415.512
0.628 3.38 440.639
0.628 3.41 465.764
0.628 3.44 490.817
0.628 3.47 515.732
0.636 2 262.614
0.636 2.03 240.697
0.636 2.06 219.578
0.636 2.09 199.285
0.636 2.12 179.853
0.636 2.15 161.317
0.636 2.18 143.72
0.636 2.21 127.106
0.636 2.24 111.525
0.636 2.27 97.0255
0.636 2.3 83.66
0.636 2.33 71.4788
0.636 2.36 60.5311
0.636 2.39 50.8633
0.636 2.42 42.518
0.636 2.45 35.5332
0.636 2.48 29.9413
0.636 2.51 25.7678
0.636 2.54 23.0294
0.636 2.57 21.7265
0.636 2.6 19.2423
0.636 2.63 19.7668
0.636 2.66 21.7808
0.636 2.69 25.2796
0.636 2.72 30.2517
0.636 2.75 36.6788
0.636 2.78 44.5365
0.636 2.81 53.7937
0.636 2.84 64.4135
0.636 2.87 76.353
0.636 2.9 89.564
0.636 2.93 103.993
0.636 2.96 119.581
0.636 2.99 136.267
0.636 3.02 153.982
0.636 3.05 172.658
0.636 3.08 192.22
0.636 3.11 212.594
0.636 3.14 233.703
0.636 3.17 255.467
0.636 3.2 277.807
0.636 3.23 300.645
0.636 3.26 323.9
0.636 3.29 347.494
0.636 3.32 371.352
0.636 3.35 395.397
0.636 3.38 419.559
0.636 3.41 443.767
0.636 3.44 467.954
0.636 3.47 492.059
0.644 2 272.706
0.644 2.03 250.773
0.644 2.06 229.624
0.644 2.09 209.29
0.644 2.12 189.804
0.644 2.15 171.202
0.644 2.18 153.524
0.644 2.21 136.814
0.644 2.24 121.119
0.644 2.27 106.484
0.644 2.3 92.958
0.644 2.33 80.5884
0.644 2.36 69.4208
0.644 2.39 59.4984
0.644 2.42 50.8606
0.644 2.45 43.5429
0.644 2.48 37.5752
0.644 2.51 32.9812
0.644 2.54 29.7764
0.644 2.57 27.9623
0.644 2.6 25.2758
0.644 2.63 25.2173
0.644 2.66 26.5987
0.644 2.69 29.4157
0.644 2.72 33.6574
0.644 2.75 39.3067
0.644 2.78 46.3407
0.644 2.81 54.7302
0.644 2.84 64.4405
0.644 2.87 75.4316
0.644 2.9 87.6582
0.644 2.93 101.07
0.644 2.96 115.613
0.644 2.99 131.229
0.644 3.02 147.854
0.644 3.05 165.425
0.644 3.08 183.872
0.644 3.11 203.126
0.644 3.14 223.114
0.644 3.17 243.763
0.644 3.2 264.999
0.644 3.23 286.749
0.644 3.26 308.937
0.644 3.29 331.492
0.644 3.32 354.342
0.644 3.35 377.416
0.644 3.38 400.647
0.644 3.41 423.969
0.644 3.44 447.32
0.644 3.47 470.64
0.652 2 283.681
0.652 2.03 261.758
0.652 2.06 240.604
0.652 2.09 220.251
0.652 2.12 200.733
0.652 2.15 182.084
0.652 2.18 164.345
0.652 2.21 147.557
0.652 2.24 131.763
0.652 2.27 117.008
0.652 2.3 103.337
0.652 2.33 90.7938
0.652 2.36 79.4211
0.652 2.39 69.2592
0.652 2.42 60.3447
0.652 2.45 52.7107
0.652 2.48 46.3848
0.652 2.51 41.3891
0.652 2.54 37.7382
0.652 2.57 35.4344
0.652 2.6 32.5655
0.652 2.63 31.9481
0.652 2.66 32.7227
0.652 2.69 34.8855
0.652 2.72 38.4262
0.652 2.75 43.3291
0.652 2.78 49.5725
0.652 2.81 57.1294
0.652 2.84 65.9673
0.652 2.87 76.0489
0.652 2.9 87.3319
0.652 2.93 99.7695
0.652 2.96 113.311
0.652 2.99 127.902
0.652 3.02 143.484
0.652 3.05 159.997
0.652 3.08 177.377
0.652 3.11 195.558
0.652 3.14 214.474
0.652 3.17 234.056
0.652 3.2 254.236
0.652 3.23 274.944
0.652 3.26 296.111
0.652 3.29 317.669
0.652 3.32 339.551
0.652 3.35 361.692
0.652 3.38 384.027
0.652 3.41 406.496
0.652 3.44 429.038
0.652 3.47 451.597
0.66 2 295.551
0.66 2.03 273.664
0.66 2.06 252.532
0.66 2.09 232.184
0.66 2.12 212.657
0.66 2.15 193.984
0.66 2.18 176.204
0.66 2.21 159.357
0.66 2.24 143.483
0.66 2.27 128.626
0.66 2.3 114.827
0.66 2.33 102.128
0.66 2.36 90.5674
0.66 2.39 80.1838
0.66 2.42 71.0113
0.66 2.45 63.0803
0.66 2.48 56.4167
0.66 2.51 51.0412
0.66 2.54 46.9673
0.66 2.57 44.1978
0.66 2.6 41.1668
0.66 2.63 40.0179
0.66 2.66 40.2147
0.66 2.69 41.7538
0.66 2.72 44.626
0.66 2.75 48.8165
0.66 2.78 54.3055
0.66 2.81 61.0676
0.66 2.84 69.0727
0.66 2.87 78.2861
0.66 2.9 88.6683
0.66 2.93 100.176
0.66 2.96 112.762
0.66 2.99 126.375
0.66 3.02 140.962
0.66 3.05 156.465
0.66 3.08 172.827
0.66 3.11 189.985
0.66 3.14 207.878
0.66 3.17 226.441
0.66 3.2 245.611
0.66 3.23 265.323
0.66 3.26 285.513
0.66 3.29 306.117
0.66 3.32 327.072
0.66 3.35 348.317
0.66 3.38 369.791
0.66 3.41 391.436
0.66 3.44 413.197
0.66 3.47 435.02
0.668 2 308.326
0.668 2.03 286.502
0.668 2.06 265.417
0.668 2.09 245.101
0.668 2.12 225.589
0.668 2.15 206.915
0.668 2.18 189.117
0.668 2.21 172.232
0.668 2.24 156.3
0.668 2.27 141.36
0.668 2.3 127.453
0.668 2.33 114.617
0.668 2.36 102.889
0.668 2.39 92.3041
0.668 2.42 82.8945
0.668 2.45 74.6884
0.668 2.48 67.7102
0.668 2.51 61.979
0.668 2.54 57.5076
0.668 2.57 54.2993
0.668 2.6 51.1261
0.668 2.63 49.4757
0.668 2.66 49.1261
0.668 2.69 50.0744
0.668 2.72 52.3126
0.668 2.75 55.8272
0.668 2.78 60.5997
0.668 2.81 66.6068
0.668 2.84 73.8205
0.668 2.87 82.2086
0.668 2.9 91.7345
0.668 2.93 102.358
0.668 2.96 114.035
0.668 2.99 126.718
0.668 3.02 140.358
0.668 3.05 154.901
0.668 3.08 170.293
0.668 3.11 186.477
0.668 3.14 203.395
0.668 3.17 220.987
0.668 3.2 239.194
0.668 3.23 257.956
0.668 3.26 277.212
0.668 3.29 296.903
0.668 3.32 316.97
0.668 3.35 337.354
0.668 3.38 358
0.668 3.41 378.853
0.668 3.44 399.859
0.668 3.47 420.968
0.676 2 322.011
0.676 2.03 300.279
0.676 2.06 279.268
0.676 2.09 259.011
0.676 2.12 239.54
0.676 2.15 220.89
0.676 2.18 203.097
0.676 2.21 186.197
0.676 2.24 170.228
0.676 2.27 155.229
0.676 2.3 141.235
0.676 2.33 128.284
0.676 2.36 116.41
0.676 2.39 105.646
0.676 2.42 96.0223
0.676 2.45 87.5652
0.676 2.48 80.2973
0.676 2.51 74.2366
0.676 2.54 69.3952
0.676 2.57 65.7769
0.676 2.6 62.481
0.676 2.63 60.3612
0.676 2.66 59.4983
0.676 2.69 59.8907
0.676 2.72 61.5313
0.676 2.75 64.4078
0.676 2.78 68.5033
0.676 2.81 73.7964
0.676 2.84 80.2612
0.676 2.87 87.8678
0.676 2.9 96.5824
0.676 2.93 106.368
0.676 2.96 117.183
0.676 2.99 128.984
0.676 3.02 141.725
0.676 3.05 155.356
0.676 3.08 169.827
0.676 3.11 185.085
0.676 3.14 201.075
0.676 3.17 217.743
0.676 3.2 235.033
0.676 3.23 252.888
0.676 3.26 271.252
0.676 3.29 290.07
0.676 3.32 309.286
0.676 3.35 328.845
0.676 3.38 348.695
0.676 3.41 368.782
0.676 3.44 389.058
0.676 3.47 409.474
0.684 2 336.612
0.684 2.03 314.999
0.684 2.06 294.091
0.684 2.09 273.919
0.684 2.12 254.515
0.684 2.15 235.915
0.684 2.18 218.152
0.684 2.21 201.262
0.684 2.24 185.281
0.684 2.27 170.244
0.684 2.3 156.187
0.684 2.33 143.144
0.684 2.36 131.148
0.684 2.39 120.23
0.684 2.42 110.417
0.684 2.45 101.734
0.684 2.48 94.2034
0.684 2.51 87.8412
0.684 2.54 82.659
0.684 2.57 78.6609
0.684 2.6 75.2606
0.684 2.63 72.7053
0.684 2.66 71.3641
0.684 2.69 71.2366
0.684 2.72 72.3169
0.684 2.75 74.5943
0.684 2.78 78.0531
0.684 2.81 82.6738
0.684 2.84 88.4326
0.684 2.87 95.302
0.684 2.9 103.251
0.684 2.93 112.244
0.684 2.96 122.244
0.684 2.99 133.21
0.684 3.02 145.1
0.684 3.05 157.867
0.684 3.08 171.464
0.684 3.11 185.843
0.684 3.14 200.952
0.684 3.17 216.741
0.684 3.2 233.157
0.684 3.23 250.148
0.684 3.26 267.661
0.684 3.29 285.644
0.684 3.32 304.044
0.684 3.35 322.811
0.684 3.38 341.894
0.684 3.41 361.243
0.684 3.44 380.813
0.684 3.47 400.555
0.692 2 352.129
0.692 2.03 330.664
0.692 2.06 309.887
0.692 2.09 289.828
0.692 2.12 270.52
0.692 2.15 251.996
0.692 2.18 234.289
0.692 2.21 217.434
0.692 2.24 201.465
0.692 2.27 186.416
0.692 2.3 172.321
0.692 2.33 159.211
0.692 2.36 147.118
0.692 2.39 136.07
0.692 2.42 126.094
0.692 2.45 117.213
0.692 2.48 109.448
0.692 2.51 102.813
0.692 2.54 97.3206
0.692 2.57 92.9743
0.692 2.6 89.4865
0.692 2.63 86.5311
0.692 2.66 84.7474
0.692 2.69 84.137
0.692 2.72 84.6954
0.692 2.75 86.413
0.692 2.78 89.2759
0.692 2.81 93.2662
0.692 2.84 98.3621
0.692 2.87 104.538
0.692 2.9 111.766
0.692 2.93 120.012
0.692 2.96 129.244
0.692 2.99 139.422
0.692 3.02 150.507
0.692 3.05 162.456
0.692 3.08 175.226
0.692 3.11 188.771
0.692 3.14 203.044
0.692 3.17 217.998
0.692 3.2 233.582
0.692 3.23 249.749
0.692 3.26 266.449
0.692 3.29 283.633
0.692 3.32 301.251
0.692 3.35 319.256
0.692 3.38 337.601
0.692 3.41 356.238
0.692 3.44 375.122
0.692 3.47 394.209
