0.3 2 5942.52
0.3 2.03 5556.38
0.3 2.06 5185.15
0.3 2.09 4830.22
0.3 2.12 4492.85
0.3 2.15 4174.25
0.3 2.18 3875.48
0.3 2.21 3597.51
0.3 2.24 3341.23
0.3 2.27 3107.36
0.3 2.3 2896.55
0.3 2.33 2709.3
0.3 2.36 2545.97
0.3 2.39 2406.84
0.3 2.42 2292.04
0.3 2.45 2201.57
0.3 2.48 2135.34
0.3 2.51 2093.15
0.3 2.54 2074.69
0.3 2.57 2079.55
0.3 2.6 2107.23
0.3 2.63 2157.09
0.3 2.66 2228.4
0.3 2.69 2313.62
0.3 2.72 2406.96
0.3 2.75 2520.2
0.3 2.78 2652.63
0.3 2.81 2803.4
0.3 2.84 2971.59
0.3 2.87 3156.25
0.3 2.9 3356.43
0.3 2.93 3571.14
0.3 2.96 3799.42
0.3 2.99 4040.34
0.3 3.02 4292.98
0.3 3.05 4556.44
0.3 3.08 4829.82
0.3 3.11 5112.25
0.3 3.14 5402.87
0.3 3.17 5700.8
0.3 3.2 6005.2
0.3 3.23 6315.24
0.3 3.26 6630.11
0.3 3.29 6949.03
0.3 3.32 7271.26
0.3 3.35 7596.13
0.3 3.38 7922.99
0.3 3.41 8251.26
0.3 3.44 8580.37
0.3 3.47 8909.81
0.308 2 5818.34
0.308 2.03 5420.04
0.308 2.06 5037.01
0.308 2.09 4670.68
0.308 2.12 4322.43
0.308 2.15 3993.51
0.308 2.18 3685.05
0.308 2.21 3398.09
0.308 2.24 3133.54
0.308 2.27 2892.2
0.308 2.3 2674.73
0.308 2.33 2481.66
0.308 2.36 2313.4
0.308 2.39 2170.23
0.308 2.42 2052.27
0.308 2.45 1959.56
0.308 2.48 1891.99
0.308 2.51 1849.36
0.308 2.54 1831.34
0.308 2.57 1837.51
0.308 2.6 1867.35
0.308 2.63 1920.2
0.308 2.66 1995.3
0.308 2.69 2081.17
0.308 2.72 2178.98
0.308 2.75 2297.47
0.308 2.78 2435.85
0.308 2.81 2593.22
0.308 2.84 2768.61
0.308 2.87 2961.02
0.308 2.9 3169.42
0.308 2.93 3392.78
0.308 2.96 3630.11
0.308 2.99 3880.4
0.308 3.02 4142.68
0.308 3.05 4416.01
0.308 3.08 4699.46
0.308 3.11 4992.09
0.308 3.14 5293
0.308 3.17 5601.28
0.308 3.2 5916.03
0.308 3.23 6236.37
0.308 3.26 6561.47
0.308 3.29 6890.5
0.308 3.32 7222.72
0.308 3.35 7557.39
0.308 3.38 7893.86
0.308 3.41 8231.52
0.308 3.44 8569.8
0.308 3.47 8908.17
0.316 2 5706.68
0.316 2.03 5296.38
0.316 2.06 4901.68
0.316 2.09 4524.11
0.316 2.12 4165.1
0.316 2.15 3825.98
0.316 2.18 3507.95
0.316 2.21 3212.1
0.316 2.24 2939.41
0.316 2.27 2690.71
0.316 2.3 2466.7
0.316 2.33 2267.95
0.316 2.36 2094.9
0.316 2.39 1947.81
0.316 2.42 1826.86
0.316 2.45 1732.06
0.316 2.48 1663.31
0.316 2.51 1620.4
0.316 2.54 1603
0.316 2.57 1610.67
0.316 2.6 1642.85
0.316 2.63 1698.89
0.316 2.66 1777.97
0.316 2.69 1864.34
0.316 2.72 1966.84
0.316 2.75 2090.8
0.316 2.78 2235.35
0.316 2.81 2399.53
0.316 2.84 2582.32
0.316 2.87 2782.66
0.316 2.9 2999.47
0.316 2.93 3231.68
0.316 2.96 3478.21
0.316 2.99 3738.03
0.316 3.02 4010.11
0.316 3.05 4293.46
0.316 3.08 4587.08
0.316 3.11 4890.02
0.316 3.14 5201.31
0.316 3.17 5519.99
0.316 3.2 5845.13
0.316 3.23 6175.8
0.316 3.26 6511.12
0.316 3.29 6850.25
0.316 3.32 7192.39
0.316 3.35 7536.8
0.316 3.38 7882.78
0.316 3.41 8229.71
0.316 3.44 8577.01
0.316 3.47 8924.14
0.324 2 5607.51
0.324 2.03 5185.41
0.324 2.06 4779.23
0.324 2.09 4390.57
0.324 2.12 4020.96
0.324 2.15 3671.79
0.324 2.18 3344.34
0.324 2.21 3039.76
0.324 2.24 2759.07
0.324 2.27 2503.15
0.324 2.3 2272.75
0.324 2.33 2068.48
0.324 2.36 1890.77
0.324 2.39 1739.94
0.324 2.42 1616.15
0.324 2.45 1519.43
0.324 2.48 1449.68
0.324 2.51 1406.68
0.324 2.54 1390.08
0.324 2.57 1399.43
0.324 2.6 1434.17
0.324 2.63 1493.59
0.324 2.66 1576.86
0.324 2.69 1682.91
0.324 2.72 1771.01
0.324 2.75 1900.65
0.324 2.78 2051.57
0.324 2.81 2222.77
0.324 2.84 2413.16
0.324 2.87 2621.62
0.324 2.9 2847.03
0.324 2.93 3088.25
0.324 2.96 3344.16
0.324 2.99 3613.66
0.324 3.02 3895.67
0.324 3.05 4189.16
0.324 3.08 4493.08
0.324 3.11 4806.41
0.324 3.14 5128.15
0.324 3.17 5457.29
0.324 3.2 5792.84
0.324 3.23 6133.86
0.324 3.26 6479.39
0.324 3.29 6828.57
0.324 3.32 7180.57
0.324 3.35 7534.62
0.324 3.38 7889.99
0.324 3.41 8246.05
0.324 3.44 8602.21
0.324 3.47 8957.9
0.332 2 5520.75
0.332 2.03 5087.08
0.332 2.06 4669.62
0.332 2.09 4270.09
0.332 2.12 3890.07
0.332 2.15 3531.04
0.332 2.18 3194.35
0.332 2.21 2881.2
0.332 2.24 2592.68
0.332 2.27 2329.72
0.332 2.3 2093.1
0.332 2.33 1883.46
0.332 2.36 1701.28
0.332 2.39 1546.88
0.332 2.42 1420.44
0.332 2.45 1321.98
0.332 2.48 1251.42
0.332 2.51 1208.51
0.332 2.54 1192.91
0.332 2.57 1204.15
0.332 2.6 1241.63
0.332 2.63 1304.65
0.332 2.66 1392.32
0.332 2.69 1503.55
0.332 2.72 1591.84
0.332 2.75 1727.38
0.332 2.78 1884.89
0.332 2.81 2063.3
0.332 2.84 2261.48
0.332 2.87 2478.26
0.332 2.9 2712.44
0.332 2.93 2962.84
0.332 2.96 3228.28
0.332 2.99 3507.6
0.332 3.02 3799.69
0.332 3.05 4103.42
0.332 3.08 4417.73
0.332 3.11 4741.54
0.332 3.14 5073.79
0.332 3.17 5413.42
0.332 3.2 5759.41
0.332 3.23 6110.74
0.332 3.26 6466.45
0.332 3.29 6825.63
0.332 3.32 7187.4
0.332 3.35 7550.97
0.332 3.38 7915.6
0.332 3.41 8280.62
0.332 3.44 8645.43
0.332 3.47 9009.47
0.34 2 5446.23
0.34 2.03 5001.25
0.34 2.06 4572.78
0.34 2.09 4162.6
0.34 2.12 3772.41
0.34 2.15 3403.73
0.34 2.18 3058
0.34 2.21 2736.49
0.34 2.24 2440.34
0.34 2.27 2170.53
0.34 2.3 1927.89
0.34 2.33 1713.08
0.34 2.36 1526.62
0.34 2.39 1368.84
0.34 2.42 1239.94
0.34 2.45 1139.94
0.34 2.48 1068.76
0.34 2.51 1026.15
0.34 2.54 1011.75
0.34 2.57 1025.08
0.34 2.6 1065.52
0.34 2.63 1132.34
0.34 2.66 1224.62
0.34 2.69 1341.24
0.34 2.72 1429.63
0.34 2.75 1571.27
0.34 2.78 1735.57
0.34 2.81 1921.39
0.34 2.84 2127.55
0.34 2.87 2352.82
0.34 2.9 2595.95
0.34 2.93 2855.69
0.34 2.96 3130.8
0.34 2.99 3420.08
0.34 3.02 3722.34
0.34 3.05 4036.44
0.34 3.08 4361.22
0.34 3.11 4695.56
0.34 3.14 5038.36
0.34 3.17 5388.5
0.34 3.2 5744.91
0.34 3.23 6106.54
0.34 3.26 6472.38
0.34 3.29 6841.47
0.34 3.32 7212.91
0.34 3.35 7585.87
0.34 3.38 7959.6
0.34 3.41 8333.4
0.34 3.44 8706.66
0.34 3.47 9078.8
0.348 2 5383.69
0.348 2.03 4927.72
0.348 2.06 4488.51
0.348 2.09 4067.97
0.348 2.12 3667.85
0.348 2.15 3289.78
0.348 2.18 2935.26
0.348 2.21 2605.61
0.348 2.24 2302.06
0.348 2.27 2025.62
0.348 2.3 1777.17
0.348 2.33 1557.41
0.348 2.36 1366.88
0.348 2.39 1205.93
0.348 2.42 1074.78
0.348 2.45 973.453
0.348 2.48 901.861
0.348 2.51 859.76
0.348 2.54 846.775
0.348 2.57 862.402
0.348 2.6 906.01
0.348 2.63 976.83
0.348 2.66 1073.93
0.348 2.69 1196.15
0.348 2.72 1284.54
0.348 2.75 1432.5
0.348 2.78 1603.79
0.348 2.81 1797.21
0.348 2.84 2011.53
0.348 2.87 2245.45
0.348 2.9 2497.68
0.348 2.93 2766.9
0.348 2.96 3051.82
0.348 2.99 3351.17
0.348 3.02 3663.72
0.348 3.05 3988.25
0.348 3.08 4323.56
0.348 3.11 4668.49
0.348 3.14 5021.86
0.348 3.17 5382.51
0.348 3.2 5749.33
0.348 3.23 6121.21
0.348 3.26 6497.1
0.348 3.29 6875.99
0.348 3.32 7256.97
0.348 3.35 7639.17
0.348 3.38 8021.81
0.348 3.41 8404.18
0.348 3.44 8785.65
0.348 3.47 9165.63
0.356 2 5332.79
0.356 2.03 4866.16
0.356 2.06 4416.56
0.356 2.09 3985.96
0.356 2.12 3576.22
0.356 2.15 3189.04
0.356 2.18 2825.98
0.356 2.21 2488.47
0.356 2.24 2177.76
0.356 2.27 1894.94
0.356 2.3 1640.92
0.356 2.33 1416.44
0.356 2.36 1222.07
0.356 2.39 1058.18
0.356 2.42 924.995
0.356 2.45 822.561
0.356 2.48 750.778
0.356 2.51 709.398
0.356 2.54 698.036
0.356 2.57 716.173
0.356 2.6 763.156
0.356 2.63 838.19
0.356 2.66 940.316
0.356 2.69 1068.34
0.356 2.72 1156.65
0.356 2.75 1311.13
0.356 2.78 1489.58
0.356 2.81 1690.78
0.356 2.84 1913.42
0.356 2.87 2156.15
0.356 2.9 2417.62
0.356 2.93 2696.45
0.356 2.96 2991.28
0.356 2.99 3300.81
0.356 3.02 3623.72
0.356 3.05 3958.75
0.356 3.08 4304.65
0.356 3.11 4660.18
0.356 3.14 5024.13
0.356 3.17 5395.27
0.356 3.2 5772.45
0.356 3.23 6154.5
0.356 3.26 6540.34
0.356 3.29 6928.93
0.356 3.32 7319.29
0.356 3.35 7710.56
0.356 3.38 8101.91
0.356 3.41 8492.62
0.356 3.44 8882.04
0.356 3.47 9269.59
0.364 2 5293.1
0.364 2.03 4816.2
0.364 2.06 4356.56
0.364 2.09 3916.25
0.364 2.12 3497.21
0.364 2.15 3101.23
0.364 2.18 2729.95
0.364 2.21 2384.86
0.364 2.24 2067.28
0.364 2.27 1778.34
0.364 2.3 1519.01
0.364 2.33 1290.07
0.364 2.36 1092.1
0.364 2.39 925.51
0.364 2.42 790.527
0.364 2.45 687.21
0.364 2.48 615.456
0.364 2.51 575.015
0.364 2.54 565.489
0.364 2.57 586.343
0.364 2.6 636.902
0.364 2.63 716.349
0.364 2.66 823.694
0.364 2.69 957.708
0.364 2.72 1045.89
0.364 2.75 1207.06
0.364 2.78 1392.86
0.364 2.81 1601.99
0.364 2.84 1833.09
0.364 2.87 2084.77
0.364 2.9 2355.6
0.364 2.93 2644.14
0.364 2.96 2949
0.364 2.99 3268.77
0.364 3.02 3602.11
0.364 3.05 3947.68
0.364 3.08 4304.18
0.364 3.11 4670.31
0.364 3.14 5044.81
0.364 3.17 5426.41
0.364 3.2 5813.87
0.364 3.23 6206.01
0.364 3.26 6601.68
0.364 3.29 6999.81
0.364 3.32 7399.4
0.364 3.35 7799.53
0.364 3.38 8199.36
0.364 3.41 8598.16
0.364 3.44 8995.26
0.364 3.47 9390.06
0.372 2 5264.08
0.372 2.03 4777.33
0.372 2.06 4308.05
0.372 2.09 3858.42
0.372 2.12 3430.44
0.372 2.15 3026.01
0.372 2.18 2646.84
0.372 2.21 2294.49
0.372 2.24 1970.34
0.372 2.27 1675.58
0.372 2.3 1411.22
0.372 2.33 1178.08
0.372 2.36 976.773
0.372 2.39 807.731
0.372 2.42 671.192
0.372 2.45 567.223
0.372 2.48 495.724
0.372 2.51 456.437
0.372 2.54 448.955
0.372 2.57 472.728
0.372 2.6 527.06
0.372 2.63 611.106
0.372 2.66 723.853
0.372 2.69 864.036
0.372 2.72 952.038
0.372 2.75 1120.08
0.372 2.78 1313.37
0.372 2.81 1530.57
0.372 2.84 1770.27
0.372 2.87 2031
0.372 2.9 2311.29
0.372 2.93 2609.63
0.372 2.96 2924.56
0.372 2.99 3254.63
0.372 3.02 3598.42
0.372 3.05 3954.55
0.372 3.08 4321.64
0.372 3.11 4698.36
0.372 3.14 5083.36
0.372 3.17 5475.34
0.372 3.2 5873
0.372 3.23 6275.11
0.372 3.26 6680.47
0.372 3.29 7087.98
0.372 3.32 7496.59
0.372 3.35 7905.35
0.372 3.38 8313.43
0.372 3.41 8720.04
0.372 3.44 9124.51
0.372 3.47 9526.24
0.38 2 5245.11
0.38 2.03 4748.96
0.38 2.06 4270.48
0.38 2.09 3811.92
0.38 2.12 3375.41
0.38 2.15 2962.91
0.38 2.18 2576.21
0.38 2.21 2216.94
0.38 2.24 1886.55
0.38 2.27 1586.28
0.38 2.3 1317.19
0.38 2.33 1080.14
0.38 2.36 875.773
0.38 2.39 704.535
0.38 2.42 566.687
0.38 2.45 462.301
0.38 2.48 391.279
0.38 2.51 353.359
0.38 2.54 348.123
0.38 2.57 375.005
0.38 2.6 433.29
0.38 2.63 522.109
0.38 2.66 640.42
0.38 2.69 786.93
0.38 2.72 874.736
0.38 2.75 1049.78
0.38 2.78 1250.69
0.38 2.81 1476.08
0.38 2.84 1724.47
0.38 2.87 1994.34
0.38 2.9 2284.15
0.38 2.93 2592.34
0.38 2.96 2917.38
0.38 2.99 3257.76
0.38 3.02 3612.01
0.38 3.05 3978.68
0.38 3.08 4356.34
0.38 3.11 4743.58
0.38 3.14 5139.01
0.38 3.17 5541.26
0.38 3.2 5949
0.38 3.23 6360.92
0.38 3.26 6775.81
0.38 3.29 7192.49
0.38 3.32 7609.89
0.38 3.35 8027.05
0.38 3.38 8443.08
0.38 3.41 8857.21
0.38 3.44 9268.73
0.38 3.47 9677.05
0.388 2 5235.47
0.388 2.03 4730.39
0.388 2.06 4243.17
0.388 2.09 3776.14
0.388 2.12 3331.52
0.388 2.15 2911.35
0.388 2.18 2517.51
0.388 2.21 2151.7
0.388 2.24 1815.41
0.388 2.27 1509.97
0.388 2.3 1236.47
0.388 2.33 995.807
0.388 2.36 788.656
0.388 2.39 615.489
0.388 2.42 476.58
0.388 2.45 372.01
0.388 2.48 301.684
0.388 2.51 265.333
0.388 2.54 262.533
0.388 2.57 292.7
0.388 2.6 355.101
0.388 2.63 448.843
0.388 2.66 572.857
0.388 2.69 725.824
0.388 2.72 813.435
0.388 2.75 995.602
0.388 2.78 1204.23
0.388 2.81 1437.88
0.388 2.84 1695.02
0.388 2.87 1974.08
0.388 2.9 2273.44
0.388 2.93 2591.49
0.388 2.96 2926.64
0.388 2.99 3277.33
0.388 3.02 3642
0.388 3.05 4019.15
0.388 3.08 4407.3
0.388 3.11 4804.97
0.388 3.14 5210.71
0.388 3.17 5623.11
0.388 3.2 6040.76
0.388 3.23 6462.32
0.388 3.26 6886.52
0.388 3.29 7312.16
0.388 3.32 7738.12
0.388 3.35 8163.41
0.388 3.38 8587.12
0.388 3.41 9008.44
0.388 3.44 9426.68
0.388 3.47 9841.22
0.396 2 5234.31
0.396 2.03 4720.83
0.396 2.06 4225.36
0.396 2.09 3750.34
0.396 2.12 3298.06
0.396 2.15 2870.66
0.396 2.18 2470.09
0.396 2.21 2098.12
0.396 2.24 1756.32
0.396 2.27 1446.05
0.396 2.3 1168.47
0.396 2.33 924.501
0.396 2.36 714.854
0.396 2.39 540.025
0.396 2.42 400.302
0.396 2.45 295.776
0.396 2.48 226.353
0.396 2.51 191.764
0.396 2.54 191.571
0.396 2.57 225.179
0.396 2.6 291.834
0.396 2.63 390.622
0.396 2.66 520.448
0.396 2.69 679.97
0.396 2.72 767.411
0.396 2.75 956.777
0.396 2.78 1173.18
0.396 2.81 1415.14
0.396 2.84 1681.05
0.396 2.87 1969.29
0.396 2.9 2278.19
0.396 2.93 2606.09
0.396 2.96 2951.31
0.396 2.99 3312.23
0.396 3.02 3687.25
0.396 3.05 4074.79
0.396 3.08 4473.31
0.396 3.11 4881.29
0.396 3.14 5297.19
0.396 3.17 5719.56
0.396 3.2 6146.94
0.396 3.23 6577.93
0.396 3.26 7011.22
0.396 3.29 7445.56
0.396 3.32 7879.81
0.396 3.35 8312.92
0.396 3.38 8743.99
0.396 3.41 9172.17
0.396 3.44 9596.77
0.396 3.47 10017.1
0.404 2 5240.74
0.404 2.03 4719.39
0.404 2.06 4216.19
0.404 2.09 3733.67
0.404 2.12 3274.22
0.404 2.15 2840.04
0.404 2.18 2433.18
0.404 2.21 2055.46
0.404 2.24 1708.53
0.404 2.27 1393.81
0.404 2.3 1112.48
0.404 2.33 865.521
0.404 2.36 653.669
0.404 2.39 477.443
0.404 2.42 337.147
0.404 2.45 232.883
0.404 2.48 164.559
0.404 2.51 131.901
0.404 2.54 134.466
0.404 2.57 171.644
0.404 2.6 242.661
0.404 2.63 346.584
0.404 2.66 482.293
0.404 2.69 648.425
0.404 2.72 735.74
0.404 2.75 932.34
0.404 2.78 1156.54
0.404 2.81 1406.79
0.404 2.84 1681.45
0.404 2.87 1978.84
0.404 2.9 2297.22
0.404 2.93 2634.88
0.404 2.96 2990.07
0.404 2.99 3361.12
0.404 3.02 3746.36
0.404 3.05 4144.16
0.404 3.08 4552.9
0.404 3.11 4970.99
0.404 3.14 5396.87
0.404 3.17 5828.99
0.404 3.2 6265.87
0.404 3.23 6706.04
0.404 3.26 7148.15
0.404 3.29 7590.91
0.404 3.32 8033.14
0.404 3.35 8473.77
0.404 3.38 8911.85
0.404 3.41 9346.54
0.404 3.44 9777.12
0.404 3.47 10202.9
0.412 2 5253.76
0.412 2.03 4725.09
0.412 2.06 4214.7
0.412 2.09 3725.21
0.412 2.12 3259.08
0.412 2.15 2818.61
0.412 2.18 2405.9
0.412 2.21 2022.87
0.412 2.24 1671.21
0.412 2.27 1352.4
0.412 2.3 1067.67
0.412 2.33 818.04
0.412 2.36 604.271
0.412 2.39 426.907
0.412 2.42 286.27
0.412 2.45 182.47
0.412 2.48 115.42
0.412 2.51 84.8434
0.412 2.54 90.288
0.412 2.57 131.13
0.412 2.6 206.581
0.412 2.63 315.685
0.412 2.66 457.302
0.412 2.69 630.052
0.412 2.72 717.306
0.412 2.75 921.123
0.412 2.78 1153.07
0.412 2.81 1411.56
0.412 2.84 1694.89
0.412 2.87 2001.33
0.412 2.9 2329.08
0.412 2.93 2676.36
0.412 2.96 3041.39
0.412 2.99 3422.4
0.412 3.02 3817.68
0.412 3.05 4225.52
0.412 3.08 4644.27
0.412 3.11 5072.26
0.412 3.14 5507.86
0.412 3.17 5949.49
0.412 3.2 6395.59
0.412 3.23 6844.66
0.412 3.26 7295.29
0.412 3.29 7746.15
0.412 3.32 8196.03
0.412 3.35 8643.83
0.412 3.38 9088.57
0.412 3.41 9529.39
0.412 3.44 9965.55
0.412 3.47 10396.4
0.42 2 5272.3
0.42 2.03 4736.9
0.42 2.06 4219.87
0.42 2.09 3723.94
0.42 2.12 3251.65
0.42 2.15 2805.37
0.42 2.18 2387.29
0.42 2.21 1999.38
0.42 2.24 1643.4
0.42 2.27 1320.88
0.42 2.3 1033.11
0.42 2.33 781.113
0.42 2.36 565.708
0.42 2.39 387.456
0.42 2.42 246.692
0.42 2.45 143.54
0.42 2.48 77.9134
0.42 2.51 49.5364
0.42 2.54 57.9478
0.42 2.57 102.512
0.42 2.6 182.423
0.42 2.63 296.705
0.42 2.66 444.202
0.42 2.69 623.521
0.42 2.72 710.789
0.42 2.75 921.748
0.42 2.78 1161.35
0.42 2.81 1427.95
0.42 2.84 1719.81
0.42 2.87 2035.13
0.42 2.9 2372.07
0.42 2.93 2728.78
0.42 2.96 3103.42
0.42 2.99 3494.17
0.42 3.02 3899.25
0.42 3.05 4316.89
0.42 3.08 4745.36
0.42 3.11 5182.96
0.42 3.14 5628
0.42 3.17 6078.83
0.42 3.2 6533.83
0.42 3.23 6991.47
0.42 3.26 7450.28
0.42 3.29 7908.89
0.42 3.32 8366.05
0.42 3.35 8820.64
0.42 3.38 9271.65
0.42 3.41 9718.21
0.42 3.44 10159.6
0.42 3.47 10595.1
0.428 2 5295.25
0.428 2.03 4753.68
0.428 2.06 4230.59
0.428 2.09 3728.77
0.428 2.12 3250.84
0.428 2.15 2799.26
0.428 2.18 2376.28
0.428 2.21 1983.95
0.428 2.24 1624.06
0.428 2.27 1298.21
0.428 2.3 1007.73
0.428 2.33 753.684
0.428 2.36 536.914
0.428 2.39 358.006
0.428 2.42 217.311
0.428 2.45 114.962
0.428 2.48 50.8799
0.428 2.51 24.7851
0.428 2.54 36.2101
0.428 2.57 84.5068
0.428 2.6 168.853
0.428 2.63 288.256
0.428 2.66 441.543
0.428 2.69 627.318
0.428 2.72 714.679
0.428 2.75 932.636
0.428 2.78 1179.72
0.428 2.81 1454.25
0.428 2.84 1754.42
0.428 2.87 2078.4
0.428 2.9 2424.27
0.428 2.93 2790.14
0.428 2.96 3174.11
0.428 2.99 3574.29
0.428 3.02 3988.84
0.428 3.05 4415.96
0.428 3.08 4853.83
0.428 3.11 5300.7
0.428 3.14 5754.81
0.428 3.17 6214.47
0.428 3.2 6678
0.428 3.23 7143.83
0.428 3.26 7610.43
0.428 3.29 8076.4
0.428 3.32 8540.45
0.428 3.35 9001.43
0.428 3.38 9458.31
0.428 3.41 9910.19
0.428 3.44 10356.3
0.428 3.47 10796
0.436 2 5321.42
0.436 2.03 4774.29
0.436 2.06 4245.71
0.436 2.09 3738.56
0.436 2.12 3255.53
0.436 2.15 2799.16
0.436 2.18 2371.76
0.436 2.21 1975.44
0.436 2.24 1612.06
0.436 2.27 1283.26
0.436 2.3 990.404
0.436 2.33 734.605
0.436 2.36 516.723
0.436 2.39 337.37
0.436 2.42 196.912
0.436 2.45 95.4931
0.436 2.48 33.0387
0.436 2.51 9.26793
0.436 2.54 23.7065
0.436 2.57 75.6947
0.436 2.6 164.394
0.436 2.63 288.795
0.436 2.66 447.711
0.436 2.69 639.753
0.436 2.72 727.289
0.436 2.75 952.029
0.436 2.78 1206.36
0.436 2.81 1488.53
0.436 2.84 1796.73
0.436 2.87 2129.04
0.436 2.9 2483.52
0.436 2.93 2858.19
0.436 2.96 3251.12
0.436 2.99 3660.35
0.436 3.02 4084
0.436 3.05 4520.18
0.436 3.08 4967.04
0.436 3.11 5422.76
0.436 3.14 5885.52
0.436 3.17 6353.58
0.436 3.2 6825.22
0.436 3.23 7298.79
0.436 3.26 7772.75
0.436 3.29 8245.65
0.436 3.32 8716.16
0.436 3.35 9183.1
0.436 3.38 9645.42
0.436 3.41 10102.2
0.436 3.44 10552.7
0.436 3.47 10996.2
0.444 2 5349.65
0.444 2.03 4797.53
0.444 2.06 4264.05
0.444 2.09 3752.12
0.444 2.12 3264.54
0.444 2.15 2803.88
0.444 2.18 2372.54
0.444 2.21 1972.68
0.444 2.24 1606.22
0.444 2.27 1274.83
0.444 2.3 979.928
0.444 2.33 722.651
0.444 2.36 503.89
0.444 2.39 324.276
0.444 2.42 184.194
0.444 2.45 83.7957
0.444 2.48 23.0108
0.444 2.51 1.55872
0.444 2.54 18.9587
0.444 2.57 74.5393
0.444 2.6 167.447
0.444 2.63 296.653
0.444 2.66 460.957
0.444 2.69 658.985
0.444 2.72 746.78
0.444 2.75 978.004
0.444 2.78 1239.24
0.444 2.81 1528.72
0.444 2.84 1844.55
0.444 2.87 2184.79
0.444 2.9 2547.45
0.444 2.93 2930.49
0.444 2.96 3331.92
0.444 2.99 3749.74
0.444 3.02 4182
0.444 3.05 4626.76
0.444 3.08 5082.12
0.444 3.11 5546.19
0.444 3.14 6017.11
0.444 3.17 6493.07
0.444 3.2 6972.32
0.444 3.23 7453.16
0.444 3.26 7933.99
0.444 3.29 8413.34
0.444 3.32 8889.84
0.444 3.35 9362.28
0.444 3.38 9829.59
0.444 3.41 10290.8
0.444 3.44 10745.2
0.444 3.47 11192.1
0.452 2 5378.75
0.452 2.03 4822.24
0.452 2.06 4284.41
0.452 2.09 3768.27
0.452 2.12 3276.66
0.452 2.15 2812.23
0.452 2.18 2377.43
0.452 2.21 1974.47
0.452 2.24 1605.32
0.452 2.27 1271.7
0.452 2.3 975.05
0.452 2.33 716.555
0.452 2.36 497.121
0.452 2.39 317.401
0.452 2.42 177.796
0.452 2.45 78.4663
0.452 2.48 19.3472
0.452 2.51 0.157114
0.452 2.54 20.4093
0.452 2.57 79.4217
0.452 2.6 176.324
0.452 2.63 310.066
0.452 2.66 479.422
0.452 2.69 565.952
0.452 2.72 771.193
0.452 2.75 1008.52
0.452 2.78 1276.24
0.452 2.81 1572.57
0.452 2.84 1895.56
0.452 2.87 2243.24
0.452 2.9 2613.55
0.452 2.93 3004.42
0.452 2.96 3413.81
0.452 2.99 3839.65
0.452 3.02 4279.95
0.452 3.05 4732.71
0.452 3.08 5195.99
0.452 3.11 5667.83
0.452 3.14 6146.33
0.452 3.17 6629.63
0.452 3.2 7115.92
0.452 3.23 7603.47
0.452 3.26 8090.64
0.452 3.29 8575.91
0.452 3.32 9057.89
0.452 3.35 9535.34
0.452 3.38 10007.2
0.452 3.41 10472.4
0.452 3.44 10930.3
0.452 3.47 11380.1
0.46 2 5407.57
0.46 2.03 4847.24
0.46 2.06 4305.64
0.46 2.09 3785.84
0.46 2.12 3290.73
0.46 2.15 2823.03
0.46 2.18 2385.22
0.46 2.21 1979.59
0.46 2.24 1608.13
0.46 2.27 1272.62
0.46 2.3 974.513
0.46 2.33 715.029
0.46 2.36 495.1
0.46 2.39 315.396
0.46 2.42 176.33
0.46 2.45 78.0737
0.46 2.48 20.5664
0.46 2.51 3.52635
0.46 2.54 26.4612
0.46 2.57 88.6774
0.46 2.6 189.287
0.46 2.63 327.214
0.46 2.66 501.149
0.46 2.69 588.037
0.46 2.72 798.507
0.46 2.75 1041.45
0.46 2.78 1315.15
0.46 2.81 1617.78
0.46 2.84 1947.36
0.46 2.87 2301.87
0.46 2.9 2679.2
0.46 2.93 3077.26
0.46 2.96 3493.94
0.46 2.99 3927.15
0.46 3.02 4374.82
0.46 3.05 4834.92
0.46 3.08 5305.43
0.46 3.11 5784.37
0.46 3.14 6269.79
0.46 3.17 6759.78
0.46 3.2 7252.48
0.46 3.23 7746.12
0.46 3.26 8239.03
0.46 3.29 8729.64
0.46 3.32 9216.55
0.46 3.35 9698.48
0.46 3.38 10174.3
0.46 3.41 10643.1
0.46 3.44 11104
0.46 3.47 11556.4
0.468 2 5435.02
0.468 2.03 4871.43
0.468 2.06 4326.62
0.468 2.09 3803.7
0.468 2.12 3305.61
0.468 2.15 2835.11
0.468 2.18 2394.76
0.468 2.21 1986.87
0.468 2.24 1613.48
0.468 2.27 1276.38
0.468 2.3 977.079
0.468 2.33 716.813
0.468 2.36 496.534
0.468 2.39 316.928
0.468 2.42 178.423
0.468 2.45 81.1984
0.468 2.48 25.1976
0.468 2.51 10.1387
0.468 2.54 35.5245
0.468 2.57 100.651
0.468 2.6 204.611
0.468 2.63 346.286
0.468 2.66 430.731
0.468 2.69 611.521
0.468 2.72 826.688
0.468 2.75 1074.67
0.468 2.78 1353.74
0.468 2.81 1662.01
0.468 2.84 1997.5
0.468 2.87 2358.13
0.468 2.9 2741.77
0.468 2.93 3146.28
0.468 2.96 3569.49
0.468 2.99 4009.29
0.468 3.02 4463.55
0.468 3.05 4930.2
0.468 3.08 5407.19
0.468 3.11 5892.47
0.468 3.14 6384.06
0.468 3.17 6880
0.468 3.2 7378.4
0.468 3.23 7877.45
0.468 3.26 8375.43
0.468 3.29 8870.77
0.468 3.32 9362.01
0.468 3.35 9847.86
0.468 3.38 10327.2
0.468 3.41 10799
0.468 3.44 11262.5
0.468 3.47 11717.1
0.476 2 5460.08
0.476 2.03 4893.79
0.476 2.06 4346.31
0.476 2.09 3820.79
0.476 2.12 3320.22
0.476 2.15 2847.42
0.476 2.18 2404.96
0.476 2.21 1995.2
0.476 2.24 1620.22
0.476 2.27 1281.83
0.476 2.3 981.578
0.476 2.33 720.706
0.476 2.36 500.189
0.476 2.39 320.729
0.476 2.42 182.764
0.476 2.45 86.4821
0.476 2.48 31.8306
0.476 2.51 18.5274
0.476 2.54 46.0707
0.476 2.57 113.746
0.476 2.6 220.627
0.476 2.63 365.518
0.476 2.66 449.978
0.476 2.69 634.524
0.476 2.72 853.768
0.476 2.75 1106.13
0.476 2.78 1389.85
0.476 2.81 1703.03
0.476 2.84 2043.64
0.476 2.87 2409.58
0.476 2.9 2798.69
0.476 2.93 3208.78
0.476 2.96 3637.66
0.476 2.99 4083.17
0.476 3.02 4543.15
0.476 3.05 5015.48
0.476 3.08 5498.07
0.476 3.11 5988.84
0.476 3.14 6485.76
0.476 3.17 6986.84
0.476 3.2 7490.15
0.476 3.23 7993.84
0.476 3.26 8496.19
0.476 3.29 8995.56
0.476 3.32 9490.51
0.476 3.35 9979.69
0.476 3.38 10462
0.476 3.41 10936.4
0.476 3.44 11402
0.476 3.47 11858.3
0.484 2 5481.84
0.484 2.03 4913.39
0.484 2.06 4363.77
0.484 2.09 3836.17
0.484 2.12 3333.63
0.484 2.15 2858.98
0.484 2.18 2414.84
0.484 2.21 2003.59
0.484 2.24 1627.35
0.484 2.27 1287.95
0.484 2.3 986.944
0.484 2.33 725.612
0.484 2.36 504.938
0.484 2.39 325.635
0.484 2.42 188.15
0.484 2.45 92.6781
0.484 2.48 39.1692
0.484 2.51 27.3419
0.484 2.54 56.6908
0.484 2.57 126.492
0.484 2.6 235.798
0.484 2.63 316.342
0.484 2.66 467.657
0.484 2.69 655.307
0.484 2.72 877.919
0.484 2.75 1133.9
0.484 2.78 1421.47
0.484 2.81 1738.7
0.484 2.84 2083.56
0.484 2.87 2453.9
0.484 2.9 2847.54
0.484 2.93 3262.26
0.484 2.96 3695.85
0.484 2.99 4146.09
0.484 3.02 4610.8
0.484 3.05 5087.84
0.484 3.08 5575.06
0.484 3.11 6070.38
0.484 3.14 6571.7
0.484 3.17 7077.03
0.484 3.2 7584.39
0.484 3.23 8091.92
0.484 3.26 8597.85
0.484 3.29 9100.54
0.484 3.32 9598.51
0.484 3.35 10090.4
0.484 3.38 10575.1
0.484 3.41 11051.5
0.484 3.44 11518.9
0.484 3.47 11976.6
0.492 2 5499.55
0.492 2.03 4929.45
0.492 2.06 4378.21
0.492 2.09 3849.04
0.492 2.12 3345
0.492 2.15 2868.95
0.492 2.18 2423.54
0.492 2.21 2011.17
0.492 2.24 1633.97
0.492 2.27 1293.81
0.492 2.3 992.255
0.492 2.33 730.587
0.492 2.36 509.808
0.492 2.39 330.64
0.492 2.42 193.538
0.492 2.45 98.7021
0.492 2.48 46.085
0.492 2.51 35.4054
0.492 2.54 66.1549
0.492 2.57 137.602
0.492 2.6 248.777
0.492 2.63 328.832
0.492 2.66 482.312
0.492 2.69 672.341
0.492 2.72 897.54
0.492 2.75 1156.3
0.492 2.78 1446.84
0.492 2.81 1767.2
0.492 2.84 2115.33
0.492 2.87 2489.07
0.492 2.9 2886.21
0.492 2.93 3304.51
0.492 2.96 3741.73
0.492 2.99 4195.64
0.492 3.02 4664.02
0.492 3.05 5144.7
0.492 3.08 5635.52
0.492 3.11 6134.34
0.492 3.14 6639.08
0.492 3.17 7147.68
0.492 3.2 7658.17
0.492 3.23 8168.66
0.492 3.26 8677.35
0.492 3.29 9182.59
0.492 3.32 9682.88
0.492 3.35 10176.9
0.492 3.38 10663.4
0.492 3.41 11141.4
0.492 3.44 11610.1
0.492 3.47 12068.8
0.5 2 5512.58
0.5 2.03 4941.35
0.5 2.06 4389
0.5 2.09 3858.75
0.5 2.12 3353.68
0.5 2.15 2876.67
0.5 2.18 2430.39
0.5 2.21 2017.25
0.5 2.24 1639.4
0.5 2.27 1298.71
0.5 2.3 996.771
0.5 2.33 734.868
0.5 2.36 514.012
0.5 2.39 334.932
0.5 2.42 198.087
0.5 2.45 103.681
0.5 2.48 51.6684
0.5 2.51 41.768
0.5 2.54 73.4695
0.5 2.57 146.036
0.5 2.6 258.475
0.5 2.63 337.833
0.5 2.66 492.762
0.5 2.69 684.389
0.5 2.72 911.331
0.5 2.75 1171.97
0.5 2.78 1464.52
0.5 2.81 1787
0.5 2.84 2137.36
0.5 2.87 2513.43
0.5 2.9 2912.96
0.5 2.93 3333.73
0.5 2.96 3773.44
0.5 2.99 4229.86
0.5 3.02 4700.77
0.5 3.05 5183.95
0.5 3.08 5677.24
0.5 3.11 6178.48
0.5 3.14 6685.57
0.5 3.17 7196.43
0.5 3.2 7709.08
0.5 3.23 8221.59
0.5 3.26 8732.18
0.5 3.29 9239.18
0.5 3.32 9741.06
0.5 3.35 10236.5
0.5 3.38 10724.2
0.5 3.41 11203.3
0.5 3.44 11672.9
0.5 3.47 12132.3
0.508 2 5520.49
0.508 2.03 4948.64
0.508 2.06 4395.68
0.508 2.09 3864.83
0.508 2.12 3359.2
0.508 2.15 2881.67
0.508 2.18 2434.9
0.508 2.21 2021.34
0.508 2.24 1643.12
0.508 2.27 1302.13
0.508 2.3 999.966
0.508 2.33 737.916
0.508 2.36 516.996
0.508 2.39 337.936
0.508 2.42 201.201
0.508 2.45 106.994
0.508 2.48 55.2723
0.508 2.51 45.7536
0.508 2.54 77.9265
0.508 2.57 151.05
0.508 2.6 264.113
0.508 2.63 342.543
0.508 2.66 498.169
0.508 2.69 690.571
0.508 2.72 918.367
0.508 2.75 1179.94
0.508 2.78 1473.49
0.508 2.81 1797.05
0.508 2.84 2148.54
0.508 2.87 2525.79
0.508 2.9 2926.56
0.508 2.93 3348.59
0.508 2.96 3789.61
0.508 2.99 4247.35
0.508 3.02 4719.57
0.508 3.05 5204.07
0.508 3.08 5698.66
0.508 3.11 6201.18
0.508 3.14 6709.51
0.508 3.17 7221.57
0.508 3.2 7735.35
0.508 3.23 8248.95
0.508 3.26 8760.55
0.508 3.29 9268.47
0.508 3.32 9771.2
0.508 3.35 10267.4
0.508 3.38 10755.8
0.508 3.41 11235.4
0.508 3.44 11705.5
0.508 3.47 12165.3
0.516 2 5523.03
0.516 2.03 4951.07
0.516 2.06 4397.99
0.516 2.09 3867.04
0.516 2.12 3361.3
0.516 2.15 2883.67
0.516 2.18 2436.82
0.516 2.21 2023.16
0.516 2.24 1644.86
0.516 2.27 1303.79
0.516 2.3 1001.55
0.516 2.33 739.435
0.516 2.36 518.453
0.516 2.39 339.339
0.516 2.42 202.554
0.516 2.45 108.305
0.516 2.48 56.5451
0.516 2.51 46.9946
0.516 2.54 79.1407
0.516 2.57 152.24
0.516 2.6 265.263
0.516 2.63 342.524
0.516 2.66 498.076
0.516 2.69 690.409
0.516 2.72 918.147
0.516 2.75 1179.68
0.516 2.78 1473.19
0.516 2.81 1796.74
0.516 2.84 2148.24
0.516 2.87 2525.51
0.516 2.9 2926.33
0.516 2.93 3348.41
0.516 2.96 3789.49
0.516 2.99 4247.31
0.516 3.02 4719.62
0.516 3.05 5204.22
0.516 3.08 5698.92
0.516 3.11 6201.54
0.516 3.14 6709.98
0.516 3.17 7222.15
0.516 3.2 7736.04
0.516 3.23 8249.74
0.516 3.26 8761.44
0.516 3.29 9269.47
0.516 3.32 9772.29
0.516 3.35 10268.5
0.516 3.38 10757
0.516 3.41 11236.8
0.516 3.44 11706.9
0.516 3.47 12166.8
0.524 2 5520.16
0.524 2.03 4948.58
0.524 2.06 4395.89
0.524 2.09 3865.31
0.524 2.12 3359.94
0.524 2.15 2882.64
0.524 2.18 2436.08
0.524 2.21 2022.67
0.524 2.24 1644.57
0.524 2.27 1303.65
0.524 2.3 1001.49
0.524 2.33 739.388
0.524 2.36 518.349
0.524 2.39 339.103
0.524 2.42 202.112
0.524 2.45 107.576
0.524 2.48 55.4499
0.524 2.51 45.4525
0.524 2.54 77.071
0.524 2.57 149.562
0.524 2.6 261.872
0.524 2.63 337.732
0.524 2.66 492.44
0.524 2.69 683.86
0.524 2.72 910.626
0.524 2.75 1171.13
0.524 2.78 1463.59
0.524 2.81 1786.04
0.524 2.84 2136.41
0.524 2.87 2512.53
0.524 2.9 2912.18
0.524 2.93 3333.1
0.524 2.96 3773.01
0.524 2.99 4229.67
0.524 3.02 4700.83
0.524 3.05 5184.31
0.524 3.08 5677.9
0.524 3.11 6179.46
0.524 3.14 6686.87
0.524 3.17 7198.06
0.524 3.2 7711.03
0.524 3.23 8223.86
0.524 3.26 8734.76
0.524 3.29 9242.05
0.524 3.32 9744.21
0.524 3.35 10239.9
0.524 3.38 10727.9
0.524 3.41 11207.2
0.524 3.44 11677
0.524 3.47 12136.6
0.532 2 5512
0.532 2.03 4941.32
0.532 2.06 4389.52
0.532 2.09 3859.82
0.532 2.12 3355.27
0.532 2.15 2878.74
0.532 2.18 2432.88
0.532 2.21 2020.07
0.532 2.24 1642.46
0.532 2.27 1301.91
0.532 2.3 999.997
0.532 2.33 737.997
0.532 2.36 516.916
0.532 2.39 337.474
0.532 2.42 200.128
0.532 2.45 105.075
0.532 2.48 52.2663
0.532 2.51 41.4202
0.532 2.54 72.0242
0.532 2.57 143.335
0.532 2.6 254.269
0.532 2.63 328.514
0.532 2.66 481.632
0.532 2.69 671.318
0.532 2.72 896.22
0.532 2.75 1154.75
0.532 2.78 1445.12
0.532 2.81 1765.41
0.532 2.84 2113.54
0.532 2.87 2487.37
0.532 2.9 2884.68
0.532 2.93 3303.23
0.532 2.96 3740.76
0.532 2.99 4195.03
0.532 3.02 4663.84
0.532 3.05 5144.97
0.532 3.08 5636.28
0.532 3.11 6135.62
0.532 3.14 6640.89
0.532 3.17 7150.03
0.532 3.2 7661.05
0.532 3.23 8172.06
0.532 3.26 8681.26
0.532 3.29 9187
0.532 3.32 9687.75
0.532 3.35 10182.2
0.532 3.38 10669.1
0.532 3.41 11147.5
0.532 3.44 11616.6
0.532 3.47 12075.6
0.54 2 5498.91
0.54 2.03 4929.64
0.54 2.06 4379.25
0.54 2.09 3850.92
0.54 2.12 3347.68
0.54 2.15 2872.37
0.54 2.18 2427.61
0.54 2.21 2015.76
0.54 2.24 1638.95
0.54 2.27 1299.02
0.54 2.3 997.527
0.54 2.33 735.74
0.54 2.36 514.648
0.54 2.39 334.965
0.54 2.42 197.138
0.54 2.45 101.36
0.54 2.48 47.5775
0.54 2.51 35.5078
0.54 2.54 64.6388
0.54 2.57 134.227
0.54 2.6 202.1
0.54 2.63 315.595
0.54 2.66 466.42
0.54 2.69 653.591
0.54 2.72 875.78
0.54 2.75 1131.42
0.54 2.78 1418.74
0.54 2.81 1735.85
0.54 2.84 2080.68
0.54 2.87 2451.11
0.54 2.9 2844.95
0.54 2.93 3259.97
0.54 2.96 3693.95
0.54 2.99 4144.67
0.54 3.02 4609.94
0.54 3.05 5087.58
0.54 3.08 5575.46
0.54 3.11 6071.47
0.54 3.14 6573.51
0.54 3.17 7079.56
0.54 3.2 7587.65
0.54 3.23 8095.9
0.54 3.26 8602.54
0.54 3.29 9105.92
0.54 3.32 9604.54
0.54 3.35 10097.1
0.54 3.38 10582.3
0.54 3.41 11059.4
0.54 3.44 11527.2
0.54 3.47 11985.4
0.548 2 5481.41
0.548 2.03 4914.09
0.548 2.06 4365.63
0.548 2.09 3839.19
0.548 2.12 3337.76
0.548 2.15 2864.13
0.548 2.18 2420.88
0.548 2.21 2010.38
0.548 2.24 1634.69
0.548 2.27 1295.64
0.548 2.3 994.765
0.548 2.33 733.32
0.548 2.36 512.276
0.548 2.39 332.334
0.548 2.42 193.931
0.548 2.45 97.2522
0.548 2.48 42.2412
0.548 2.51 28.6117
0.548 2.54 55.8528
0.548 2.57 123.219
0.548 2.6 189.151
0.548 2.63 300.037
0.548 2.66 447.922
0.548 2.69 631.859
0.548 2.72 850.55
0.548 2.75 1102.45
0.548 2.78 1385.82
0.548 2.81 1698.79
0.548 2.84 2039.32
0.548 2.87 2405.32
0.548 2.9 2794.63
0.548 2.93 3205.05
0.548 2.96 3634.38
0.548 2.99 4080.44
0.548 3.02 4541.06
0.548 3.05 5014.11
0.548 3.08 5497.49
0.548 3.11 5989.1
0.548 3.14 6486.89
0.548 3.17 6988.87
0.548 3.2 7493.09
0.548 3.23 7997.69
0.548 3.26 8500.93
0.548 3.29 9001.18
0.548 3.32 9496.96
0.548 3.35 9986.95
0.548 3.38 10470
0.548 3.41 10945.1
0.548 3.44 11411.5
0.548 3.47 11868.4
0.556 2 5460.18
0.556 2.03 4895.37
0.556 2.06 4349.39
0.556 2.09 3825.37
0.556 2.12 3326.25
0.556 2.15 2854.77
0.556 2.18 2413.5
0.556 2.21 2004.72
0.556 2.24 1630.5
0.556 2.27 1292.62
0.556 2.3 992.587
0.556 2.33 731.642
0.556 2.36 510.734
0.556 2.39 330.55
0.556 2.42 191.513
0.556 2.45 93.799
0.556 2.48 37.3481
0.556 2.51 21.871
0.556 2.54 46.8564
0.556 2.57 111.554
0.556 2.6 175.398
0.556 2.63 283.183
0.556 2.66 427.554
0.556 2.69 607.613
0.556 2.72 822.095
0.556 2.75 1069.49
0.556 2.78 1348.09
0.556 2.81 1656.04
0.556 2.84 1991.37
0.556 2.87 2352
0.556 2.9 2735.8
0.556 2.93 3140.61
0.556 2.96 3564.28
0.556 2.99 4004.66
0.556 3.02 4459.62
0.556 3.05 4927.07
0.556 3.08 5404.93
0.556 3.11 5891.17
0.556 3.14 6383.76
0.556 3.17 6880.73
0.556 3.2 7380.19
0.556 3.23 7880.3
0.556 3.26 8379.34
0.556 3.29 8875.72
0.556 3.32 9368
0.556 3.35 9854.84
0.556 3.38 10335.1
0.556 3.41 10807.8
0.556 3.44 11272.2
0.556 3.47 11727.5
0.564 2 5436.08
0.564 2.03 4874.34
0.564 2.06 4331.41
0.564 2.09 3810.35
0.564 2.12 3314.06
0.564 2.15 2845.24
0.564 2.18 2406.39
0.564 2.21 1999.76
0.564 2.24 1627.37
0.564 2.27 1290.96
0.564 2.3 992.03
0.564 2.33 731.773
0.564 2.36 511.123
0.564 2.39 330.749
0.564 2.42 191.06
0.564 2.45 92.2238
0.564 2.48 34.1721
0.564 2.51 16.6138
0.564 2.54 39.0362
0.564 2.57 100.678
0.564 2.6 162.319
0.564 2.63 266.59
0.564 2.66 406.957
0.564 2.69 582.578
0.564 2.72 792.23
0.564 2.75 1034.44
0.564 2.78 1307.54
0.564 2.81 1609.71
0.564 2.84 1939.02
0.564 2.87 2293.43
0.564 2.9 2670.85
0.564 2.93 3069.16
0.564 2.96 3486.26
0.564 2.99 3920.03
0.564 3.02 4368.41
0.564 3.05 4829.33
0.564 3.08 5300.77
0.564 3.11 5780.72
0.564 3.14 6267.22
0.564 3.17 6758.35
0.564 3.2 7252.22
0.564 3.23 7747.05
0.564 3.26 8241.15
0.564 3.29 8732.98
0.564 3.32 9221.07
0.564 3.35 9704.12
0.564 3.38 10181.1
0.564 3.41 10650.9
0.564 3.44 11112.8
0.564 3.47 11566.1
0.572 2 5410.08
0.572 2.03 4851.99
0.572 2.06 4312.68
0.572 2.09 3795.16
0.572 2.12 3302.24
0.572 2.15 2836.59
0.572 2.18 2400.63
0.572 2.21 1996.58
0.572 2.24 1626.4
0.572 2.27 1291.81
0.572 2.3 994.25
0.572 2.33 734.899
0.572 2.36 514.663
0.572 2.39 334.191
0.572 2.42 193.876
0.572 2.45 93.8761
0.572 2.48 34.1155
0.572 2.51 14.2999
0.572 2.54 33.9133
0.572 2.57 92.1744
0.572 2.6 151.535
0.572 2.63 251.963
0.572 2.66 387.922
0.572 2.69 558.636
0.572 2.72 762.93
0.572 2.75 999.376
0.572 2.78 1266.35
0.572 2.81 1562.07
0.572 2.84 1884.65
0.572 2.87 2232.1
0.572 2.9 2602.37
0.572 2.93 2993.4
0.572 2.96 3403.12
0.572 2.99 3829.47
0.572 3.02 4270.44
0.572 3.05 4724
0.572 3.08 5188.2
0.572 3.11 5661.07
0.572 3.14 6140.69
0.572 3.17 6625.18
0.572 3.2 7112.71
0.572 3.23 7601.55
0.572 3.26 8090.02
0.572 3.29 8576.61
0.572 3.32 9059.88
0.572 3.35 9538.6
0.572 3.38 10011.7
0.572 3.41 10478.1
0.572 3.44 10937.2
0.572 3.47 11388.1
0.58 2 5383.25
0.58 2.03 4829.41
0.58 2.06 4294.32
0.58 2.09 3780.9
0.58 2.12 3291.91
0.58 2.15 2829.94
0.58 2.18 2397.37
0.58 2.21 1996.34
0.58 2.24 1628.79
0.58 2.27 1296.36
0.58 2.3 1000.48
0.58 2.33 742.281
0.58 2.36 522.649
0.58 2.39 342.207
0.58 2.42 201.336
0.58 2.45 100.178
0.58 2.48 38.6537
0.58 2.51 16.4624
0.58 2.54 33.083
0.58 2.57 87.6988
0.58 2.6 144.736
0.58 2.63 241.081
0.58 2.66 372.316
0.58 2.69 537.747
0.58 2.72 736.254
0.58 2.75 966.457
0.58 2.78 1226.78
0.58 2.81 1515.49
0.58 2.84 1830.74
0.58 2.87 2170.6
0.58 2.9 2533.07
0.58 2.93 2916.14
0.58 2.96 3317.78
0.58 2.99 3736.01
0.58 3.02 4168.84
0.58 3.05 4614.33
0.58 3.08 5070.57
0.58 3.11 5535.63
0.58 3.14 6007.66
0.58 3.17 6484.82
0.58 3.2 6965.34
0.58 3.23 7447.5
0.58 3.26 7929.71
0.58 3.29 8410.44
0.58 3.32 8888.33
0.58 3.35 9362.16
0.58 3.38 9830.83
0.58 3.41 10293.4
0.58 3.44 10749.1
0.58 3.47 11197.2
0.588 2 5356.74
0.588 2.03 4807.77
0.588 2.06 4277.49
0.588 2.09 3768.75
0.588 2.12 3284.25
0.588 2.15 2826.5
0.588 2.18 2397.81
0.588 2.21 2000.27
0.588 2.24 1635.75
0.588 2.27 1305.87
0.588 2.3 1011.99
0.588 2.33 755.215
0.588 2.36 536.404
0.588 2.39 356.158
0.588 2.42 214.838
0.588 2.45 112.576
0.588 2.48 49.2825
0.588 2.51 24.6531
0.588 2.54 38.1565
0.588 2.57 88.9181
0.588 2.6 143.627
0.588 2.63 235.731
0.588 2.66 362.016
0.588 2.69 521.878
0.588 2.72 714.263
0.588 2.75 937.842
0.588 2.78 1191.09
0.588 2.81 1472.33
0.588 2.84 1779.77
0.588 2.87 2111.52
0.588 2.9 2465.64
0.588 2.93 2840.17
0.588 2.96 3233.15
0.588 2.99 3642.65
0.588 3.02 4066.75
0.588 3.05 4503.54
0.588 3.08 4951.18
0.588 3.11 5407.82
0.588 3.14 5871.63
0.588 3.17 6340.85
0.588 3.2 6813.74
0.588 3.23 7288.64
0.588 3.26 7763.99
0.588 3.29 8238.31
0.588 3.32 8710.27
0.588 3.35 9178.67
0.588 3.38 9642.44
0.588 3.41 10100.7
0.588 3.44 10552.5
0.588 3.47 10997.4
0.596 2 5331.72
0.596 2.03 4788.24
0.596 2.06 4263.38
0.596 2.09 3759.92
0.596 2.12 3280.47
0.596 2.15 2827.48
0.596 2.18 2403.18
0.596 2.21 2009.6
0.596 2.24 1648.54
0.596 2.27 1321.58
0.596 2.3 1030.04
0.596 2.33 774.988
0.596 2.36 557.244
0.596 2.39 377.388
0.596 2.42 235.764
0.596 2.45 132.491
0.596 2.48 67.4713
0.596 2.51 40.393
0.596 2.54 50.711
0.596 2.57 97.4597
0.596 2.6 149.868
0.596 2.63 237.654
0.596 2.66 358.845
0.596 2.69 512.94
0.596 2.72 698.956
0.596 2.75 915.625
0.596 2.78 1161.48
0.596 2.81 1434.89
0.596 2.84 1734.12
0.596 2.87 2057.34
0.596 2.9 2402.67
0.596 2.93 2768.2
0.596 2.96 3152.05
0.596 2.99 3552.32
0.596 3.02 3967.16
0.596 3.05 4394.74
0.596 3.08 4833.26
0.596 3.11 5280.93
0.596 3.14 5735.99
0.596 3.17 6196.72
0.596 3.2 6661.45
0.596 3.23 7128.56
0.596 3.26 7596.53
0.596 3.29 8063.92
0.596 3.32 8529.43
0.596 3.35 8991.9
0.596 3.38 9450.27
0.596 3.41 9903.65
0.596 3.44 10351.2
0.596 3.47 10792.4
0.604 2 5309.42
0.604 2.03 4772.05
0.604 2.06 4253.21
0.604 2.09 3755.61
0.604 2.12 3281.78
0.604 2.15 2834.08
0.604 2.18 2414.67
0.604 2.21 2025.51
0.604 2.24 1668.36
0.604 2.27 1344.72
0.604 2.3 1055.87
0.604 2.33 802.846
0.604 2.36 586.435
0.604 2.39 407.19
0.604 2.42 265.438
0.604 2.45 161.285
0.604 2.48 94.6226
0.604 2.51 65.1318
0.604 2.54 72.247
0.604 2.57 114.865
0.604 2.6 165.033
0.604 2.63 248.496
0.604 2.66 364.523
0.604 2.69 512.734
0.604 2.72 692.222
0.604 2.75 901.781
0.604 2.78 1140
0.604 2.81 1405.32
0.604 2.84 1696.05
0.604 2.87 2010.42
0.604 2.9 2346.61
0.604 2.93 2702.79
0.604 2.96 3077.11
0.604 2.99 3467.75
0.604 3.02 3872.92
0.604 3.05 4290.86
0.604 3.08 4719.82
0.604 3.11 5158.07
0.604 3.14 5603.92
0.604 3.17 6055.7
0.604 3.2 6511.8
0.604 3.23 6970.64
0.604 3.26 7430.75
0.604 3.29 7890.75
0.604 3.32 8349.35
0.604 3.35 8805.41
0.604 3.38 9257.92
0.604 3.41 9705.98
0.604 3.44 10148.8
0.604 3.47 10585.8
0.612 2 5291.03
0.612 2.03 4760.38
0.612 2.06 4248.17
0.612 2.09 3757.01
0.612 2.12 3289.35
0.612 2.15 2847.46
0.612 2.18 2433.44
0.612 2.21 2049.18
0.612 2.24 1696.36
0.612 2.27 1376.44
0.612 2.3 1090.64
0.612 2.33 839.966
0.612 2.36 625.167
0.612 2.39 446.776
0.612 2.42 305.098
0.612 2.45 200.225
0.612 2.48 132.041
0.612 2.51 100.215
0.612 2.54 104.156
0.612 2.57 142.557
0.612 2.6 190.574
0.612 2.63 269.775
0.612 2.66 380.638
0.612 2.69 522.918
0.612 2.72 695.79
0.612 2.75 898.12
0.612 2.78 1128.56
0.612 2.81 1385.6
0.612 2.84 1667.62
0.612 2.87 1972.91
0.612 2.9 2299.71
0.612 2.93 2646.25
0.612 2.96 3010.75
0.612 2.99 3391.45
0.612 3.02 3786.63
0.612 3.05 4194.58
0.612 3.08 4613.62
0.612 3.11 5042.08
0.612 3.14 5478.34
0.612 3.17 5920.78
0.612 3.2 6367.84
0.612 3.23 6818
0.612 3.26 7269.84
0.612 3.29 7722
0.612 3.32 8173.24
0.612 3.35 8622.47
0.612 3.38 9068.67
0.612 3.41 9510.99
0.612 3.44 9948.65
0.612 3.47 10381
0.62 2 5277.71
0.62 2.03 4754.39
0.62 2.06 4249.39
0.62 2.09 3765.24
0.62 2.12 3304.29
0.62 2.15 2868.74
0.62 2.18 2460.6
0.62 2.21 2081.69
0.62 2.24 1733.62
0.62 2.27 1417.81
0.62 2.3 1135.43
0.62 2.33 887.43
0.62 2.36 674.535
0.62 2.39 497.253
0.62 2.42 355.87
0.62 2.45 250.464
0.62 2.48 180.907
0.62 2.51 146.859
0.62 2.54 147.694
0.62 2.57 181.817
0.62 2.6 227.799
0.62 2.63 302.85
0.62 2.66 408.608
0.62 2.69 544.972
0.62 2.72 711.211
0.62 2.75 906.26
0.62 2.78 1128.83
0.62 2.81 1377.49
0.62 2.84 1650.67
0.62 2.87 1946.73
0.62 2.9 2263.97
0.62 2.93 2600.68
0.62 2.96 2955.14
0.62 2.99 3325.67
0.62 3.02 3710.61
0.62 3.05 4108.3
0.62 3.08 4517.14
0.62 3.11 4935.51
0.62 3.14 5361.86
0.62 3.17 5794.63
0.62 3.2 6232.31
0.62 3.23 6673.43
0.62 3.26 7116.62
0.62 3.29 7560.57
0.62 3.32 8004.07
0.62 3.35 8446.05
0.62 3.38 8885.53
0.62 3.41 9321.66
0.62 3.44 9753.69
0.62 3.47 10181
0.628 2 5270.58
0.628 2.03 4755.17
0.628 2.06 4257.96
0.628 2.09 3781.36
0.628 2.12 3327.65
0.628 2.15 2898.93
0.628 2.18 2497.14
0.628 2.21 2124.02
0.628 2.24 1781.14
0.628 2.27 1469.82
0.628 2.3 1191.2
0.628 2.33 946.205
0.628 2.36 735.513
0.628 2.39 559.606
0.628 2.42 418.753
0.628 2.45 313.018
0.628 2.48 242.265
0.628 2.51 206.136
0.628 2.54 203.971
0.628 2.57 233.794
0.628 2.6 277.856
0.628 2.63 348.912
0.628 2.66 449.671
0.628 2.69 580.189
0.628 2.72 739.833
0.628 2.75 927.611
0.628 2.78 1142.31
0.628 2.81 1382.54
0.628 2.84 1646.82
0.628 2.87 1933.56
0.628 2.9 2241.13
0.628 2.93 2567.89
0.628 2.96 2912.18
0.628 2.99 3272.37
0.628 3.02 3646.88
0.628 3.05 4034.12
0.628 3.08 4432.54
0.628 3.11 4840.6
0.628 3.14 5256.78
0.628 3.17 5679.61
0.628 3.2 6107.62
0.628 3.23 6539.4
0.628 3.26 6973.61
0.628 3.29 7408.99
0.628 3.32 7844.4
0.628 3.35 8278.76
0.628 3.38 8711.13
0.628 3.41 9140.67
0.628 3.44 9566.65
0.628 3.47 9988.43
0.636 2 5270.68
0.636 2.03 4763.75
0.636 2.06 4274.87
0.636 2.09 3806.35
0.636 2.12 3360.37
0.636 2.15 2938.96
0.636 2.18 2543.97
0.636 2.21 2177.08
0.636 2.24 1839.76
0.636 2.27 1533.32
0.636 2.3 1258.82
0.636 2.33 1017.14
0.636 2.36 808.949
0.636 2.39 634.687
0.636 2.42 494.609
0.636 2.45 388.765
0.636 2.48 317.007
0.636 2.51 278.965
0.636 2.54 273.935
0.636 2.57 299.746
0.636 2.6 341.726
0.636 2.63 408.972
0.636 2.66 504.878
0.636 2.69 629.664
0.636 2.72 782.798
0.636 2.75 963.366
0.636 2.78 1170.22
0.636 2.81 1402.05
0.636 2.84 1657.42
0.636 2.87 1934.82
0.636 2.9 2232.68
0.636 2.93 2549.42
0.636 2.96 2883.45
0.636 2.99 3233.22
0.636 3.02 3597.18
0.636 3.05 3973.83
0.636 3.08 4361.67
0.636 3.11 4759.23
0.636 3.14 5165.06
0.636 3.17 5577.73
0.636 3.2 5995.83
0.636 3.23 6418.01
0.636 3.26 6842.97
0.636 3.29 7269.49
0.636 3.32 7696.47
0.636 3.35 8122.87
0.636 3.38 8547.76
0.636 3.41 8970.32
0.636 3.44 9389.85
0.636 3.47 9805.7
0.644 2 5278.96
0.644 2.03 4781.07
0.644 2.06 4301.02
0.644 2.09 3841.08
0.644 2.12 3403.31
0.644 2.15 2989.66
0.644 2.18 2601.9
0.644 2.21 2241.63
0.644 2.24 1910.27
0.644 2.27 1609.05
0.644 2.3 1339
0.644 2.33 1100.96
0.644 2.36 895.558
0.644 2.39 723.211
0.644 2.42 584.156
0.644 2.45 478.431
0.644 2.48 405.876
0.644 2.51 366.106
0.644 2.54 358.375
0.644 2.57 380.395
0.644 2.6 420.223
0.644 2.63 483.864
0.644 2.66 575.09
0.644 2.69 694.294
0.644 2.72 841.042
0.644 2.75 1014.5
0.644 2.78 1213.6
0.644 2.81 1437.09
0.644 2.84 1683.6
0.644 2.87 1951.68
0.644 2.9 2239.84
0.644 2.93 2546.55
0.644 2.96 2870.3
0.644 2.99 3209.59
0.644 3.02 3562.94
0.644 3.05 3928.92
0.644 3.08 4306.08
0.644 3.11 4693.02
0.644 3.14 5088.35
0.644 3.17 5490.68
0.644 3.2 5898.68
0.644 3.23 6311.04
0.644 3.26 6726.5
0.644 3.29 7143.91
0.644 3.32 7562.18
0.644 3.35 7980.3
0.644 3.38 8397.37
0.644 3.41 8812.6
0.644 3.44 9225.29
0.644 3.47 9634.8
0.652 2 5296.3
0.652 2.03 4807.94
0.652 2.06 4337.23
0.652 2.09 3886.32
0.652 2.12 3457.2
0.652 2.15 3051.73
0.652 2.18 2671.6
0.652 2.21 2318.33
0.652 2.24 1993.29
0.652 2.27 1697.63
0.652 2.3 1432.36
0.652 2.33 1198.26
0.652 2.36 995.921
0.652 2.39 825.756
0.652 2.42 687.973
0.652 2.45 582.599
0.652 2.48 509.463
0.652 2.51 468.164
0.652 2.54 457.919
0.652 2.57 476.41
0.652 2.6 514.002
0.652 2.63 574.244
0.652 2.66 660.986
0.652 2.69 774.781
0.652 2.72 915.297
0.652 2.75 1081.79
0.652 2.78 1273.25
0.652 2.81 1488.49
0.652 2.84 1726.23
0.652 2.87 1985.07
0.652 2.9 2263.57
0.652 2.93 2560.3
0.652 2.96 2873.78
0.652 2.99 3202.59
0.652 3.02 3545.32
0.652 3.05 3900.58
0.652 3.08 4267
0.652 3.11 4643.24
0.652 3.14 5027.96
0.652 3.17 5419.83
0.652 3.2 5817.58
0.652 3.23 6219.94
0.652 3.26 6625.71
0.652 3.29 7033.77
0.652 3.32 7443.06
0.652 3.35 7852.63
0.652 3.38 8261.58
0.652 3.41 8669.15
0.652 3.44 9074.63
0.652 3.47 9477.43
0.66 2 5323.46
0.66 2.03 4845.11
0.66 2.06 4384.19
0.66 2.09 3942.74
0.66 2.12 3522.69
0.66 2.15 3125.78
0.66 2.18 2753.64
0.66 2.21 2407.73
0.66 2.24 2089.33
0.66 2.27 1799.56
0.66 2.3 1539.36
0.66 2.33 1309.48
0.66 2.36 1110.49
0.66 2.39 942.762
0.66 2.42 806.497
0.66 2.45 701.706
0.66 2.48 628.209
0.66 2.51 585.59
0.66 2.54 573.037
0.66 2.57 588.273
0.66 2.6 623.56
0.66 2.63 680.605
0.66 2.66 763.068
0.66 2.69 871.646
0.66 2.72 1006.11
0.66 2.75 1165.79
0.66 2.78 1349.76
0.66 2.81 1556.9
0.66 2.84 1785.98
0.66 2.87 2035.67
0.66 2.9 2304.62
0.66 2.93 2591.43
0.66 2.96 2894.7
0.66 2.99 3213.07
0.66 3.02 3545.19
0.66 3.05 3889.74
0.66 3.08 4245.4
0.66 3.11 4610.89
0.66 3.14 4984.93
0.66 3.17 5366.26
0.66 3.2 5753.64
0.66 3.23 6145.85
0.66 3.26 6541.76
0.66 3.29 6940.28
0.66 3.32 7340.38
0.66 3.35 7741.13
0.66 3.38 8141.69
0.66 3.41 8541.28
0.66 3.44 8939.23
0.66 3.47 9334.94
0.668 2 5361.11
0.668 2.03 4893.2
0.668 2.06 4442.48
0.668 2.09 4010.89
0.668 2.12 3600.27
0.668 2.15 3212.29
0.668 2.18 2848.48
0.668 2.21 2510.24
0.668 2.24 2198.79
0.668 2.27 1915.2
0.668 2.3 1660.36
0.668 2.33 1434.97
0.668 2.36 1239.58
0.668 2.39 1074.54
0.668 2.42 940.031
0.668 2.45 836.053
0.668 2.48 762.417
0.668 2.51 718.695
0.668 2.54 704.053
0.668 2.57 716.31
0.668 2.6 749.248
0.668 2.63 803.282
0.668 2.66 881.675
0.668 2.69 985.241
0.668 2.72 1113.85
0.668 2.75 1266.9
0.668 2.78 1443.55
0.668 2.81 1642.74
0.668 2.84 1863.3
0.668 2.87 2103.99
0.668 2.9 2363.49
0.668 2.93 2640.48
0.668 2.96 2933.63
0.668 2.99 3241.64
0.668 3.02 3563.2
0.668 3.05 3897.07
0.668 3.08 4241.99
0.668 3.11 4596.72
0.668 3.14 4960.05
0.668 3.17 5330.77
0.668 3.2 5707.7
0.668 3.23 6089.66
0.668 3.26 6475.57
0.668 3.29 6864.37
0.668 3.32 7255.09
0.668 3.35 7646.81
0.668 3.38 8038.71
0.668 3.41 8430.04
0.668 3.44 8820.16
0.668 3.47 9208.45
0.676 2 5409.81
0.676 2.03 4952.73
0.676 2.06 4512.58
0.676 2.09 4091.22
0.676 2.12 3690.37
0.676 2.15 3311.63
0.676 2.18 2956.46
0.676 2.21 2626.19
0.676 2.24 2321.97
0.676 2.27 2044.82
0.676 2.3 1795.59
0.676 2.33 1574.94
0.676 2.36 1383.39
0.676 2.39 1221.28
0.676 2.42 1088.75
0.676 2.45 985.814
0.676 2.48 912.258
0.676 2.51 867.651
0.676 2.54 851.148
0.676 2.57 860.697
0.676 2.6 891.281
0.676 2.63 942.464
0.676 2.66 1016.99
0.676 2.69 1115.76
0.676 2.72 1238.71
0.676 2.75 1385.34
0.676 2.78 1554.85
0.676 2.81 1746.26
0.676 2.84 1958.48
0.676 2.87 2190.31
0.676 2.9 2440.51
0.676 2.93 2707.81
0.676 2.96 2990.95
0.676 2.99 3288.68
0.676 3.02 3599.77
0.676 3.05 3923.02
0.676 3.08 4257.23
0.676 3.11 4601.23
0.676 3.14 4953.84
0.676 3.17 5313.93
0.676 3.2 5680.33
0.676 3.23 6051.96
0.676 3.26 6427.76
0.676 3.29 6806.72
0.676 3.32 7187.88
0.676 3.35 7570.37
0.676 3.38 7953.39
0.676 3.41 8336.22
0.676 3.44 8718.21
0.676 3.47 9098.75
0.684 2 5470.01
0.684 2.03 5024.13
0.684 2.06 4594.89
0.684 2.09 4184.06
0.684 2.12 3793.29
0.684 2.15 3424.07
0.684 2.18 3077.81
0.684 2.21 2755.76
0.684 2.24 2459.03
0.684 2.27 2188.56
0.684 2.3 1945.18
0.684 2.33 1729.5
0.684 2.36 1542.02
0.684 2.39 1383.05
0.684 2.42 1252.73
0.684 2.45 1151.04
0.684 2.48 1077.78
0.684 2.51 1032.51
0.684 2.54 1014.37
0.684 2.57 1021.48
0.684 2.6 1049.74
0.684 2.63 1098.21
0.684 2.66 1169.08
0.684 2.69 1263.25
0.684 2.72 1380.76
0.684 2.75 1521.16
0.684 2.78 1683.73
0.684 2.81 1867.56
0.684 2.84 2071.61
0.684 2.87 2294.75
0.684 2.9 2535.8
0.684 2.93 2793.56
0.684 2.96 3066.83
0.684 2.99 3354.4
0.684 3.02 3655.12
0.684 3.05 3967.83
0.684 3.08 4291.4
0.684 3.11 4624.7
0.684 3.14 4966.62
0.684 3.17 5316.05
0.684 3.2 5671.92
0.684 3.23 6033.17
0.684 3.26 6398.77
0.684 3.29 6767.76
0.684 3.32 7139.22
0.684 3.35 7512.31
0.684 3.38 7886.26
0.684 3.41 8260.34
0.684 3.44 8633.94
0.684 3.47 9006.48
0.692 2 5542.07
0.692 2.03 5107.7
0.692 2.06 4689.67
0.692 2.09 4289.65
0.692 2.12 3909.2
0.692 2.15 3549.77
0.692 2.18 3212.66
0.692 2.21 2899.07
0.692 2.24 2610.04
0.692 2.27 2346.48
0.692 2.3 2109.15
0.692 2.33 1898.66
0.692 2.36 1715.45
0.692 2.39 1559.83
0.692 2.42 1431.91
0.692 2.45 1331.68
0.692 2.48 1258.93
0.692 2.51 1213.2
0.692 2.54 1193.67
0.692 2.57 1198.58
0.692 2.6 1224.58
0.692 2.63 1270.46
0.692 2.66 1337.85
0.692 2.69 1427.64
0.692 2.72 1539.91
0.692 2.75 1674.29
0.692 2.78 1830.13
0.692 2.81 2006.57
0.692 2.84 2202.65
0.692 2.87 2417.28
0.692 2.9 2649.36
0.692 2.93 2897.74
0.692 2.96 3161.28
0.692 2.99 3438.83
0.692 3.02 3729.3
0.692 3.05 4031.57
0.692 3.08 4344.57
0.692 3.11 4667.24
0.692 3.14 4998.5
0.692 3.17 5337.31
0.692 3.2 5682.63
0.692 3.23 6033.46
0.692 3.26 6388.8
0.692 3.29 6747.74
0.692 3.32 7109.38
0.692 3.35 7472.93
0.692 3.38 7837.6
0.692 3.41 8202.75
0.692 3.44 8567.74
0.692 3.47 8932
