0.3 0.002 198.649
0.3 0.00203 188.153
0.3 0.00206 177.977
0.3 0.00209 168.13
0.3 0.00212 158.624
0.3 0.00215 149.467
0.3 0.00218 140.667
0.3 0.00221 132.231
0.3 0.00224 124.163
0.3 0.00227 116.467
0.3 0.0023 109.146
0.3 0.00233 102.201
0.3 0.00236 95.6299
0.3 0.00239 89.4315
0.3 0.00242 83.6025
0.3 0.00245 78.1381
0.3 0.00248 73.0323
0.3 0.00251 68.2781
0.3 0.00254 63.8674
0.3 0.00257 59.7912
0.3 0.0026 56.0396
0.3 0.00263 52.6021
0.3 0.00266 49.4679
0.3 0.00269 46.6257
0.3 0.00272 44.0641
0.3 0.00275 41.7717
0.3 0.00278 39.7372
0.3 0.00281 37.9499
0.3 0.00284 36.3994
0.3 0.00287 35.076
0.3 0.0029 33.9707
0.3 0.00293 33.0754
0.3 0.00296 32.3831
0.3 0.00299 31.8875
0.3 0.00302 31.5836
0.3 0.00305 31.4674
0.3 0.00308 31.536
0.3 0.00311 31.7873
0.3 0.00314 32.2205
0.3 0.00317 32.8354
0.3 0.0032 33.6327
0.3 0.00323 34.6139
0.3 0.00326 35.781
0.3 0.00329 37.1364
0.3 0.00332 38.6829
0.3 0.00335 40.4235
0.3 0.00338 42.3614
0.3 0.00341 44.4996
0.3 0.00344 46.841
0.3 0.00347 49.3883
0.308 0.002 189.279
0.308 0.00203 178.711
0.308 0.00206 168.474
0.308 0.00209 158.582
0.308 0.00212 149.043
0.308 0.00215 139.867
0.308 0.00218 131.062
0.308 0.00221 122.635
0.308 0.00224 114.59
0.308 0.00227 106.931
0.308 0.0023 99.6602
0.308 0.00233 92.7769
0.308 0.00236 86.2805
0.308 0.00239 80.1681
0.308 0.00242 74.4354
0.308 0.00245 69.0768
0.308 0.00248 64.0852
0.308 0.00251 59.4523
0.308 0.00254 55.1686
0.308 0.00257 51.2238
0.308 0.0026 47.6063
0.308 0.00263 44.3044
0.308 0.00266 41.3053
0.308 0.00269 38.5962
0.308 0.00272 36.1641
0.308 0.00275 33.9961
0.308 0.00278 32.0793
0.308 0.00281 30.4015
0.308 0.00284 28.951
0.308 0.00287 27.7168
0.308 0.0029 26.689
0.308 0.00293 25.8585
0.308 0.00296 25.2175
0.308 0.00299 24.7594
0.308 0.00302 24.4787
0.308 0.00305 24.3713
0.308 0.00308 24.4344
0.308 0.00311 24.6662
0.308 0.00314 25.0663
0.308 0.00317 25.6352
0.308 0.0032 26.3744
0.308 0.00323 27.2863
0.308 0.00326 28.3738
0.308 0.00329 29.6405
0.308 0.00332 31.0905
0.308 0.00335 32.728
0.308 0.00338 34.5573
0.308 0.00341 36.5829
0.308 0.00344 38.8088
0.308 0.00347 41.2391
0.316 0.002 180.33
0.316 0.00203 169.702
0.316 0.00206 159.42
0.316 0.00209 149.494
0.316 0.00212 139.937
0.316 0.00215 130.757
0.316 0.00218 121.963
0.316 0.00221 113.561
0.316 0.00224 105.555
0.316 0.00227 97.9497
0.316 0.0023 90.7455
0.316 0.00233 83.9424
0.316 0.00236 77.5387
0.316 0.00239 71.5307
0.316 0.00242 65.9134
0.316 0.00245 60.6799
0.316 0.00248 55.822
0.316 0.00251 51.3301
0.316 0.00254 47.1933
0.316 0.00257 43.3996
0.316 0.0026 39.936
0.316 0.00263 36.7888
0.316 0.00266 33.9437
0.316 0.00269 31.3861
0.316 0.00272 29.1011
0.316 0.00275 27.0741
0.316 0.00278 25.2906
0.316 0.00281 23.7367
0.316 0.00284 22.3993
0.316 0.00287 21.266
0.316 0.0029 20.3257
0.316 0.00293 19.5684
0.316 0.00296 18.9853
0.316 0.00299 18.5694
0.316 0.00302 18.3148
0.316 0.00305 18.2172
0.316 0.00308 18.2739
0.316 0.00311 18.4836
0.316 0.00314 18.8461
0.316 0.00317 19.3628
0.316 0.0032 20.0361
0.316 0.00323 20.8692
0.316 0.00326 21.8665
0.316 0.00329 23.0326
0.316 0.00332 24.373
0.316 0.00335 25.8934
0.316 0.00338 27.5994
0.316 0.00341 29.4968
0.316 0.00344 31.5913
0.316 0.00347 33.8881
0.324 0.002 171.8
0.324 0.00203 161.125
0.324 0.00206 150.809
0.324 0.00209 140.865
0.324 0.00212 131.303
0.324 0.00215 122.134
0.324 0.00218 113.365
0.324 0.00221 105.003
0.324 0.00224 97.0525
0.324 0.00227 89.5164
0.324 0.0023 82.3959
0.324 0.00233 75.6903
0.324 0.00236 69.397
0.324 0.00239 63.5117
0.324 0.00242 58.0284
0.324 0.00245 52.939
0.324 0.00248 48.2341
0.324 0.00251 43.9027
0.324 0.00254 39.9324
0.324 0.00257 36.3094
0.324 0.0026 33.0192
0.324 0.00263 30.0461
0.324 0.00266 27.374
0.324 0.00269 24.9862
0.324 0.00272 22.8661
0.324 0.00275 20.997
0.324 0.00278 19.3626
0.324 0.00281 17.9473
0.324 0.00284 16.7363
0.324 0.00287 15.7158
0.324 0.0029 14.8732
0.324 0.00293 14.1975
0.324 0.00296 13.6791
0.324 0.00299 13.3102
0.324 0.00302 13.0846
0.324 0.00305 12.9978
0.324 0.00308 13.0473
0.324 0.00311 13.232
0.324 0.00314 13.5524
0.324 0.00317 14.0105
0.324 0.0032 14.6099
0.324 0.00323 15.3549
0.324 0.00326 16.251
0.324 0.00329 17.3044
0.324 0.00332 18.5221
0.324 0.00335 19.9111
0.324 0.00338 21.4788
0.324 0.00341 23.2325
0.324 0.00344 25.1794
0.324 0.00347 27.3262
0.332 0.002 163.686
0.332 0.00203 152.976
0.332 0.00206 142.64
0.332 0.00209 132.689
0.332 0.00212 123.137
0.332 0.00215 113.991
0.332 0.00218 105.262
0.332 0.00221 96.9548
0.332 0.00224 89.0744
0.332 0.00227 81.6235
0.332 0.0023 74.603
0.332 0.00233 68.0115
0.332 0.00236 61.8458
0.332 0.00239 56.1009
0.332 0.00242 50.7696
0.332 0.00245 45.8428
0.332 0.00248 41.3097
0.332 0.00251 37.1579
0.332 0.00254 33.3734
0.332 0.00257 29.9406
0.332 0.0026 26.8431
0.332 0.00263 24.0632
0.332 0.00266 21.5828
0.332 0.00269 19.3833
0.332 0.00272 17.4457
0.332 0.00275 15.7514
0.332 0.00278 14.2821
0.332 0.00281 13.0201
0.332 0.00284 11.9489
0.332 0.00287 11.0531
0.332 0.0029 10.3186
0.332 0.00293 9.73317
0.332 0.00296 9.28628
0.332 0.00299 8.96933
0.332 0.00302 8.7757
0.332 0.00305 8.70083
0.332 0.00308 8.74212
0.332 0.00311 8.89895
0.332 0.00314 9.17253
0.332 0.00317 9.56577
0.332 0.0032 10.0831
0.332 0.00323 10.7303
0.332 0.00326 11.5143
0.332 0.00329 12.4429
0.332 0.00332 13.5244
0.332 0.00335 14.7679
0.332 0.00338 16.1822
0.332 0.00341 17.7766
0.332 0.00344 19.5597
0.332 0.00347 21.54
0.34 0.002 155.985
0.34 0.00203 145.252
0.34 0.00206 134.906
0.34 0.00209 124.962
0.34 0.00212 115.431
0.34 0.00215 106.323
0.34 0.00218 97.6468
0.34 0.00221 89.4084
0.34 0.00224 81.6125
0.34 0.00227 74.2617
0.34 0.0023 67.3564
0.34 0.00233 60.8949
0.34 0.00236 54.8733
0.34 0.00239 49.2856
0.34 0.00242 44.1237
0.34 0.00245 39.3773
0.34 0.00248 35.0342
0.34 0.00251 31.0806
0.34 0.00254 27.5005
0.34 0.00257 24.2767
0.34 0.0026 21.3907
0.34 0.00263 18.8229
0.34 0.00266 16.5528
0.34 0.00269 14.5596
0.34 0.00272 12.8221
0.34 0.00275 11.3193
0.34 0.00278 10.0308
0.34 0.00281 8.93695
0.34 0.00284 8.01903
0.34 0.00287 7.25986
0.34 0.0029 6.64387
0.34 0.00293 6.15741
0.34 0.00296 5.78885
0.34 0.00299 5.52881
0.34 0.00302 5.37018
0.34 0.00305 5.30819
0.34 0.00308 5.34039
0.34 0.00311 5.46657
0.34 0.00314 5.68864
0.34 0.00317 6.01047
0.34 0.0032 6.43771
0.34 0.00323 6.97753
0.34 0.00326 7.6384
0.34 0.00329 8.42981
0.34 0.00332 9.36199
0.34 0.00335 10.4457
0.34 0.00338 11.6918
0.34 0.00341 13.1112
0.34 0.00344 14.7147
0.34 0.00347 16.5124
0.348 0.002 148.693
0.348 0.00203 137.947
0.348 0.00206 127.604
0.348 0.00209 117.678
0.348 0.00212 108.18
0.348 0.00215 99.1218
0.348 0.00218 90.511
0.348 0.00221 82.3543
0.348 0.00224 74.6564
0.348 0.00227 67.4197
0.348 0.0023 60.6441
0.348 0.00233 54.3275
0.348 0.00236 48.4653
0.348 0.00239 43.0508
0.348 0.00242 38.0747
0.348 0.00245 33.5255
0.348 0.00248 29.3898
0.348 0.00251 25.6519
0.348 0.00254 22.2942
0.348 0.00257 19.2976
0.348 0.0026 16.6415
0.348 0.00263 14.3038
0.348 0.00266 12.262
0.348 0.00269 10.4927
0.348 0.00272 8.9724
0.348 0.00275 7.67766
0.348 0.00278 6.58562
0.348 0.00281 5.67429
0.348 0.00284 4.92291
0.348 0.00287 4.31229
0.348 0.0029 3.82513
0.348 0.00293 3.44625
0.348 0.00296 3.16285
0.348 0.00299 2.96467
0.348 0.00302 2.84403
0.348 0.00305 2.79598
0.348 0.00308 2.81817
0.348 0.00311 2.91087
0.348 0.00314 3.07675
0.348 0.00317 3.32075
0.348 0.0032 3.64983
0.348 0.00323 4.0727
0.348 0.00326 4.59955
0.348 0.00329 5.24172
0.348 0.00332 6.01141
0.348 0.00335 6.92137
0.348 0.00338 7.98457
0.348 0.00341 9.21396
0.348 0.00344 10.6222
0.348 0.00347 12.2213
0.356 0.002 141.804
0.356 0.00203 131.057
0.356 0.00206 120.727
0.356 0.00209 110.829
0.356 0.00212 101.376
0.356 0.00215 92.3784
0.356 0.00218 83.8447
0.356 0.00221 75.7819
0.356 0.00224 68.1944
0.356 0.00227 61.0845
0.356 0.0023 54.4519
0.356 0.00233 48.294
0.356 0.00236 42.6056
0.356 0.00239 37.379
0.356 0.00242 32.6039
0.356 0.00245 28.2678
0.356 0.00248 24.3556
0.356 0.00251 20.85
0.356 0.00254 17.7316
0.356 0.00257 14.9794
0.356 0.0026 12.5703
0.356 0.00263 10.4802
0.356 0.00266 8.68388
0.356 0.00269 7.15548
0.356 0.00272 5.86887
0.356 0.00275 4.79803
0.356 0.00278 3.91753
0.356 0.00281 3.2029
0.356 0.00284 2.63102
0.356 0.00287 2.18058
0.356 0.0029 1.83234
0.356 0.00293 1.56953
0.356 0.00296 1.37801
0.356 0.00299 1.24654
0.356 0.00302 1.16687
0.356 0.00305 1.13377
0.356 0.00308 1.14507
0.356 0.00311 1.2015
0.356 0.00314 1.3066
0.356 0.00317 1.46646
0.356 0.0032 1.68947
0.356 0.00323 1.98602
0.356 0.00326 2.36818
0.356 0.00329 2.84931
0.356 0.00332 3.44375
0.356 0.00335 4.16642
0.356 0.00338 5.03252
0.356 0.00341 6.05717
0.356 0.00344 7.25516
0.356 0.00347 8.64062
0.364 0.002 135.315
0.364 0.00203 124.575
0.364 0.00206 114.268
0.364 0.00209 104.409
0.364 0.00212 95.0099
0.364 0.00215 86.0831
0.364 0.00218 77.6372
0.364 0.00221 69.6791
0.364 0.00224 62.2132
0.364 0.00227 55.2418
0.364 0.0023 48.7642
0.364 0.00233 42.7774
0.364 0.00236 37.2756
0.364 0.00239 32.2503
0.364 0.00242 27.6902
0.364 0.00245 23.5814
0.364 0.00248 19.9075
0.364 0.00251 16.6495
0.364 0.00254 13.7861
0.364 0.00257 11.294
0.364 0.0026 9.14812
0.364 0.00263 7.32176
0.364 0.00266 5.78711
0.364 0.00269 4.51561
0.364 0.00272 3.47834
0.364 0.00275 2.64654
0.364 0.00278 1.99199
0.364 0.00281 1.48757
0.364 0.00284 1.10764
0.364 0.00287 0.828559
0.364 0.0029 0.629025
0.364 0.00293 0.490469
0.364 0.00296 0.397337
0.364 0.00299 0.337315
0.364 0.00302 0.301477
0.364 0.00305 0.284345
0.364 0.00308 0.283875
0.364 0.00311 0.301354
0.364 0.00314 0.341221
0.364 0.00317 0.410827
0.364 0.0032 0.520125
0.364 0.00323 0.68133
0.364 0.00326 0.908531
0.364 0.00329 1.21729
0.364 0.00332 1.62424
0.364 0.00335 2.14667
0.364 0.00338 2.80215
0.364 0.00341 3.60815
0.364 0.00344 4.58173
0.364 0.00347 5.73922
0.372 0.002 129.218
0.372 0.00203 118.495
0.372 0.00206 108.219
0.372 0.00209 98.4072
0.372 0.00212 89.0721
0.372 0.00215 80.2254
0.372 0.00218 71.8766
0.372 0.00221 64.0327
0.372 0.00224 56.6984
0.372 0.00227 49.8755
0.372 0.0023 43.5635
0.372 0.00233 37.7588
0.372 0.00236 32.4549
0.372 0.00239 27.6427
0.372 0.00242 23.3097
0.372 0.00245 19.441
0.372 0.00248 16.0186
0.372 0.00251 13.0217
0.372 0.00254 10.4273
0.372 0.00257 8.20978
0.372 0.0026 6.3417
0.372 0.00263 4.79384
0.372 0.00266 3.53567
0.372 0.00269 2.53577
0.372 0.00272 1.76233
0.372 0.00275 1.18361
0.372 0.00278 0.768475
0.372 0.00281 0.486932
0.372 0.00284 0.310657
0.372 0.00287 0.213487
0.372 0.0029 0.171889
0.372 0.00293 0.165366
0.372 0.00296 0.176803
0.372 0.00299 0.192724
0.372 0.00302 0.203467
0.372 0.00305 0.203262
0.372 0.00308 0.190212
0.372 0.00311 0.16618
0.372 0.00314 0.136591
0.372 0.00317 0.11015
0.372 0.0032 0.0984978
0.372 0.00323 0.115813
0.372 0.00326 0.178375
0.372 0.00329 0.304104
0.372 0.00332 0.512103
0.372 0.00335 0.822191
0.372 0.00338 1.25447
0.372 0.00341 1.82892
0.372 0.00344 2.565
0.372 0.00347 3.48136
0.38 0.002 123.509
0.38 0.00203 112.809
0.38 0.00206 102.573
0.38 0.00209 92.8161
0.38 0.00212 83.5523
0.38 0.00215 74.7937
0.38 0.00218 66.55
0.38 0.00221 58.8286
0.38 0.00224 51.634
0.38 0.00227 44.9684
0.38 0.0023 38.8308
0.38 0.00233 33.2173
0.38 0.00236 28.121
0.38 0.00239 23.5318
0.38 0.00242 19.4365
0.38 0.00245 15.8186
0.38 0.00248 12.6589
0.38 0.00251 9.93493
0.38 0.00254 7.62155
0.38 0.00257 5.69109
0.38 0.0026 4.11361
0.38 0.00263 2.85726
0.38 0.00266 1.88869
0.38 0.00269 1.17353
0.38 0.00272 0.676899
0.38 0.00275 0.363933
0.38 0.00278 0.200401
0.38 0.00281 0.153284
0.38 0.00284 0.191364
0.38 0.00287 0.2858
0.38 0.0029 0.410651
0.38 0.00293 0.543346
0.38 0.00296 0.665081
0.38 0.00299 0.761121
0.38 0.00302 0.821001
0.38 0.00305 0.838624
0.38 0.00308 0.812244
0.38 0.00311 0.744338
0.38 0.00314 0.641384
0.38 0.00317 0.513542
0.38 0.0032 0.374262
0.38 0.00323 0.239827
0.38 0.00326 0.128862
0.38 0.00329 0.0618099
0.38 0.00332 0.060407
0.38 0.00335 0.147165
0.38 0.00338 0.344877
0.38 0.00341 0.676159
0.38 0.00344 1.16304
0.38 0.00347 1.82657
0.388 0.002 118.18
0.388 0.00203 107.511
0.388 0.00206 97.3209
0.388 0.00209 87.6256
0.388 0.00212 78.4397
0.388 0.00215 69.7757
0.388 0.00218 61.6438
0.388 0.00221 54.0514
0.388 0.00224 47.0035
0.388 0.00227 40.502
0.388 0.0023 34.5459
0.388 0.00233 29.131
0.388 0.00236 24.2498
0.388 0.00239 19.8915
0.388 0.00242 16.042
0.388 0.00245 12.6838
0.388 0.00248 9.79584
0.388 0.00251 7.35423
0.388 0.00254 5.33181
0.388 0.00257 3.69867
0.388 0.0026 2.42242
0.388 0.00263 1.46848
0.388 0.00266 0.80062
0.388 0.00269 0.381388
0.388 0.00272 0.172702
0.388 0.00275 0.136451
0.388 0.00278 0.235142
0.388 0.00281 0.432558
0.388 0.00284 0.694422
0.388 0.00287 0.989041
0.388 0.0029 1.28791
0.388 0.00293 1.56623
0.388 0.00296 1.80339
0.388 0.00299 1.9833
0.388 0.00302 2.09461
0.388 0.00305 2.13088
0.388 0.00308 2.09051
0.388 0.00311 1.97662
0.388 0.00314 1.79681
0.388 0.00317 1.5628
0.388 0.0032 1.28994
0.388 0.00323 0.996785
0.388 0.00326 0.704435
0.388 0.00329 0.436016
0.388 0.00332 0.216054
0.388 0.00335 0.0699041
0.388 0.00338 0.0231942
0.388 0.00341 0.101315
0.388 0.00344 0.328958
0.388 0.00347 0.729716
0.396 0.002 113.224
0.396 0.00203 102.592
0.396 0.00206 92.4537
0.396 0.00209 82.8255
0.396 0.00212 73.7229
0.396 0.00215 65.1587
0.396 0.00218 57.1436
0.396 0.00221 49.6853
0.396 0.00224 42.789
0.396 0.00227 36.4566
0.396 0.0023 30.6871
0.396 0.00233 25.4761
0.396 0.00236 20.8154
0.396 0.00239 16.6938
0.396 0.00242 13.0961
0.396 0.00245 10.0037
0.396 0.00248 7.39418
0.396 0.00251 5.24193
0.396 0.00254 3.51786
0.396 0.00257 2.18982
0.396 0.0026 1.22292
0.396 0.00263 0.57985
0.396 0.00266 0.221398
0.396 0.00269 0.106962
0.396 0.00272 0.195165
0.396 0.00275 0.444515
0.396 0.00278 0.814119
0.396 0.00281 1.26441
0.396 0.00284 1.7579
0.396 0.00287 2.25989
0.396 0.0029 2.73915
0.396 0.00293 3.16853
0.396 0.00296 3.52548
0.396 0.00299 3.79245
0.396 0.00302 3.95718
0.396 0.00305 4.01281
0.396 0.00308 3.95789
0.396 0.00311 3.79623
0.396 0.00314 3.53661
0.396 0.00317 3.19238
0.396 0.0032 2.78094
0.396 0.00323 2.32319
0.396 0.00326 1.84289
0.396 0.00329 1.36596
0.396 0.00332 0.919872
0.396 0.00335 0.532961
0.396 0.00338 0.233813
0.396 0.00341 0.0507102
0.396 0.00344 0.0111123
0.396 0.00347 0.141224
0.404 0.002 108.635
0.404 0.00203 98.0444
0.404 0.00206 87.9621
0.404 0.00209 78.4054
0.404 0.00212 69.3899
0.404 0.00215 60.9293
0.404 0.00218 53.0345
0.404 0.00221 45.7136
0.404 0.00224 38.9721
0.404 0.00227 32.812
0.404 0.0023 27.2322
0.404 0.00233 22.228
0.404 0.00236 17.791
0.404 0.00239 13.9092
0.404 0.00242 10.5667
0.404 0.00245 7.74371
0.404 0.00248 5.41656
0.404 0.00251 3.55789
0.404 0.00254 2.13673
0.404 0.00257 1.11872
0.404 0.0026 0.466451
0.404 0.00263 0.139876
0.404 0.00266 0.0967685
0.404 0.00269 0.293316
0.404 0.00272 0.684766
0.404 0.00275 1.22615
0.404 0.00278 1.87307
0.404 0.00281 2.58247
0.404 0.00284 3.31353
0.404 0.00287 4.02838
0.404 0.0029 4.69296
0.404 0.00293 5.27762
0.404 0.00296 5.75778
0.404 0.00299 6.11435
0.404 0.00302 6.33406
0.404 0.00305 6.40962
0.404 0.00308 6.33974
0.404 0.00311 6.12893
0.404 0.00314 5.7872
0.404 0.00317 5.3296
0.404 0.0032 4.77569
0.404 0.00323 4.14885
0.404 0.00326 3.47557
0.404 0.00329 2.78474
0.404 0.00332 2.10687
0.404 0.00335 1.4734
0.404 0.00338 0.915976
0.404 0.00341 0.465867
0.404 0.00344 0.15338
0.404 0.00347 0.00739275
0.412 0.002 104.404
0.412 0.00203 93.8597
0.412 0.00206 83.8369
0.412 0.00209 74.3545
0.412 0.00212 65.4289
0.412 0.00215 57.074
0.412 0.00218 49.3013
0.412 0.00221 42.1195
0.412 0.00224 35.534
0.412 0.00227 29.5471
0.412 0.0023 24.1578
0.412 0.00233 19.3611
0.412 0.00236 15.1484
0.412 0.00239 11.5071
0.412 0.00242 8.42048
0.412 0.00245 5.86768
0.412 0.00248 3.8238
0.412 0.00251 2.25989
0.412 0.00254 1.14308
0.412 0.00257 0.436848
0.412 0.0026 0.101325
0.412 0.00263 0.0937
0.412 0.00266 0.368739
0.412 0.00269 0.87939
0.412 0.00272 1.57748
0.412 0.00275 2.41451
0.412 0.00278 3.34247
0.412 0.00281 4.31475
0.412 0.00284 5.28706
0.412 0.00287 6.21829
0.412 0.0029 7.07139
0.412 0.00293 7.81414
0.412 0.00296 8.4198
0.412 0.00299 8.86768
0.412 0.00302 9.14345
0.412 0.00305 9.23937
0.412 0.00308 9.15427
0.412 0.00311 8.89339
0.412 0.00314 8.46802
0.412 0.00317 7.895
0.412 0.0032 7.19609
0.412 0.00323 6.39725
0.412 0.00326 5.52783
0.412 0.00329 4.61974
0.412 0.00332 3.70667
0.412 0.00335 2.82323
0.412 0.00338 2.00422
0.412 0.00341 1.28394
0.412 0.00344 0.695621
0.412 0.00347 0.270836
0.42 0.002 100.526
0.42 0.00203 90.0296
0.42 0.00206 80.0685
0.42 0.00209 70.6622
0.42 0.00212 61.8275
0.42 0.00215 53.5791
0.42 0.00218 45.9287
0.42 0.00221 38.8855
0.42 0.00224 32.4554
0.42 0.00227 26.6407
0.42 0.0023 21.4404
0.42 0.00233 16.8495
0.42 0.00236 12.8591
0.42 0.00239 9.45614
0.42 0.00242 6.62308
0.42 0.00245 4.3382
0.42 0.00248 2.57536
0.42 0.00251 1.30408
0.42 0.00254 0.489689
0.42 0.00257 0.0935566
0.42 0.0026 0.0733904
0.42 0.00263 0.38367
0.42 0.00266 0.976176
0.42 0.00269 1.80063
0.42 0.00272 2.80543
0.42 0.00275 3.9385
0.42 0.00278 5.14821
0.42 0.00281 6.38432
0.42 0.00284 7.59899
0.42 0.00287 8.74779
0.42 0.0029 9.79062
0.42 0.00293 10.6926
0.42 0.00296 11.4247
0.42 0.00299 11.9647
0.42 0.00302 12.297
0.42 0.00305 12.4135
0.42 0.00308 12.3131
0.42 0.00311 12.0018
0.42 0.00314 11.4922
0.42 0.00317 10.803
0.42 0.0032 9.95809
0.42 0.00323 8.98622
0.42 0.00326 7.9196
0.42 0.00329 6.79328
0.42 0.00332 5.64415
0.42 0.00335 4.51005
0.42 0.00338 3.42899
0.42 0.00341 2.43836
0.42 0.00344 1.57428
0.42 0.00347 0.871073
0.428 0.002 96.9927
0.428 0.00203 86.5459
0.428 0.00206 76.6476
0.428 0.00209 67.3177
0.428 0.00212 58.5738
0.428 0.00215 50.4308
0.428 0.00218 42.9013
0.428 0.00221 35.9947
0.428 0.00224 29.7171
0.428 0.00227 24.0713
0.428 0.0023 19.0562
0.428 0.00233 14.6669
0.428 0.00236 10.8941
0.428 0.00239 7.72442
0.428 0.00242 5.13967
0.428 0.00245 3.11724
0.428 0.00248 1.62985
0.428 0.00251 0.645597
0.428 0.00254 0.128094
0.428 0.00257 0.0366784
0.428 0.0026 0.326722
0.428 0.00263 0.950065
0.428 0.00266 1.85556
0.428 0.00269 2.98976
0.428 0.00272 4.29765
0.428 0.00275 5.72363
0.428 0.00278 7.21241
0.428 0.00281 8.71012
0.428 0.00284 10.1654
0.428 0.00287 11.5303
0.428 0.0029 12.7618
0.428 0.00293 13.8223
0.428 0.00296 14.6804
0.428 0.00299 15.3121
0.428 0.00302 15.7009
0.428 0.00305 15.8379
0.428 0.00308 15.7224
0.428 0.00311 15.3609
0.428 0.00314 14.7675
0.428 0.00317 13.9626
0.428 0.0032 12.9726
0.428 0.00323 11.8288
0.428 0.00326 10.5664
0.428 0.00329 9.22346
0.428 0.00332 7.84027
0.428 0.00335 6.45789
0.428 0.00338 5.1175
0.428 0.00341 3.85959
0.428 0.00344 2.72318
0.428 0.00347 1.74528
0.436 0.002 93.7969
0.436 0.00203 83.4005
0.436 0.00206 73.5649
0.436 0.00209 64.3107
0.436 0.00212 55.6558
0.436 0.00215 47.6159
0.436 0.00218 40.204
0.436 0.00221 33.43
0.436 0.00224 27.3002
0.436 0.00227 21.8178
0.436 0.0023 16.9818
0.436 0.00233 12.7872
0.436 0.00236 9.22463
0.436 0.00239 6.28023
0.436 0.00242 3.93538
0.436 0.00245 2.16663
0.436 0.00248 0.94564
0.436 0.00251 0.239186
0.436 0.00254 0.00926711
0.436 0.00257 0.213299
0.436 0.0026 0.804426
0.436 0.00263 1.73195
0.436 0.00266 2.94191
0.436 0.00269 4.37775
0.436 0.00272 5.98117
0.436 0.00275 7.69306
0.436 0.00278 9.45456
0.436 0.00281 11.2082
0.436 0.00284 12.899
0.436 0.00287 14.4759
0.436 0.0029 15.8925
0.436 0.00293 17.1085
0.436 0.00296 18.0904
0.436 0.00299 18.8124
0.436 0.00302 19.2567
0.436 0.00305 19.4141
0.436 0.00308 19.2837
0.436 0.00311 18.8731
0.436 0.00314 18.1975
0.436 0.00317 17.2792
0.436 0.0032 16.1469
0.436 0.00323 14.8345
0.436 0.00326 13.3802
0.436 0.00329 11.8253
0.436 0.00332 10.2132
0.436 0.00335 8.58825
0.436 0.00338 6.99473
0.436 0.00341 5.47616
0.436 0.00344 4.07443
0.436 0.00347 2.82917
0.444 0.002 90.932
0.444 0.00203 80.5856
0.444 0.00206 70.8116
0.444 0.00209 61.6308
0.444 0.00212 53.062
0.444 0.00215 45.1213
0.444 0.00218 37.8222
0.444 0.00221 31.1748
0.444 0.00224 25.1862
0.444 0.00227 19.8596
0.444 0.0023 15.1941
0.444 0.00233 11.1849
0.444 0.00236 7.82234
0.444 0.00239 5.09239
0.444 0.00242 2.97589
0.444 0.00245 1.44869
0.444 0.00248 0.481518
0.444 0.00251 0.0399234
0.444 0.00254 0.0844133
0.444 0.00257 0.570612
0.444 0.0026 1.44957
0.444 0.00263 2.66819
0.444 0.00266 4.16983
0.444 0.00269 5.89497
0.444 0.00272 7.78213
0.444 0.00275 9.76885
0.444 0.00278 11.7928
0.444 0.00281 13.7929
0.444 0.00284 15.711
0.444 0.00287 17.4924
0.444 0.0029 19.0878
0.444 0.00293 20.4542
0.444 0.00296 21.5559
0.444 0.00299 22.3652
0.444 0.00302 22.8634
0.444 0.00305 23.0406
0.444 0.00308 22.8961
0.444 0.00311 22.4381
0.444 0.00314 21.6831
0.444 0.00317 20.6553
0.444 0.0032 19.3856
0.444 0.00323 17.9106
0.444 0.00326 16.2714
0.444 0.00329 14.5123
0.444 0.00332 12.6798
0.444 0.00335 10.8215
0.444 0.00338 8.98464
0.444 0.00341 7.21579
0.444 0.00344 5.55956
0.444 0.00347 4.05809
0.452 0.002 88.3915
0.452 0.00203 78.0939
0.452 0.00206 68.3791
0.452 0.00209 59.2685
0.452 0.00212 50.7814
0.452 0.00215 42.9346
0.452 0.00218 35.7417
0.452 0.00221 29.2136
0.452 0.00224 23.3575
0.452 0.00227 18.1769
0.452 0.0023 13.6711
0.452 0.00233 9.83536
0.452 0.00236 6.66004
0.452 0.00239 4.13073
0.452 0.00242 2.22793
0.452 0.00245 0.926859
0.452 0.00248 0.197393
0.452 0.00251 0.00400191
0.452 0.00254 0.305829
0.452 0.00257 1.05686
0.452 0.0026 2.2062
0.452 0.00263 3.69854
0.452 0.00266 5.47472
0.452 0.00269 7.47245
0.452 0.00272 9.62725
0.452 0.00275 11.8735
0.452 0.00278 14.1455
0.452 0.00281 16.3789
0.452 0.00284 18.5121
0.452 0.00287 20.4873
0.452 0.0029 22.2524
0.452 0.00293 23.7617
0.452 0.00296 24.9772
0.452 0.00299 25.8697
0.452 0.00302 26.4192
0.452 0.00305 26.6154
0.452 0.00308 26.4577
0.452 0.00311 25.9548
0.452 0.00314 25.1246
0.452 0.00317 23.9931
0.452 0.0032 22.5933
0.452 0.00323 20.9643
0.452 0.00326 19.15
0.452 0.00329 17.1977
0.452 0.00332 15.1569
0.452 0.00335 13.0781
0.452 0.00338 11.0117
0.452 0.00341 9.00681
0.452 0.00344 7.11079
0.452 0.00347 5.36816
0.46 0.002 86.1694
0.46 0.00203 75.9184
0.46 0.00206 66.2595
0.46 0.00209 57.2148
0.46 0.00212 48.8039
0.46 0.00215 41.0441
0.46 0.00218 33.9496
0.46 0.00221 27.5315
0.46 0.00224 21.7974
0.46 0.00227 16.751
0.46 0.0023 12.392
0.46 0.00233 8.71551
0.46 0.00236 5.71194
0.46 0.00239 3.36669
0.46 0.00242 1.65992
0.46 0.00245 0.566322
0.46 0.00248 0.0550278
0.46 0.00251 0.0895472
0.46 0.00254 0.627812
0.46 0.00257 1.62233
0.46 0.0026 3.02046
0.46 0.00263 4.76488
0.46 0.00266 6.79411
0.46 0.00269 9.04334
0.46 0.00272 11.4453
0.46 0.00275 13.9314
0.46 0.00278 16.4329
0.46 0.00281 18.8824
0.46 0.00284 21.215
0.46 0.00287 23.3702
0.46 0.0029 25.2929
0.46 0.00293 26.9349
0.46 0.00296 28.2563
0.46 0.00299 29.2263
0.46 0.00302 29.8237
0.46 0.00305 30.0378
0.46 0.00308 29.8679
0.46 0.00311 29.3236
0.46 0.00314 28.4238
0.46 0.00317 27.1962
0.46 0.0032 25.6758
0.46 0.00323 23.9042
0.46 0.00326 21.9278
0.46 0.00329 19.7967
0.46 0.00332 17.5632
0.46 0.00335 15.2807
0.46 0.00338 13.0022
0.46 0.00341 10.7796
0.46 0.00344 8.66243
0.46 0.00347 6.69757
0.468 0.002 84.2601
0.468 0.00203 74.0526
0.468 0.00206 64.4456
0.468 0.00209 55.4613
0.468 0.00212 47.12
0.468 0.00215 39.4393
0.468 0.00218 32.4337
0.468 0.00221 26.1149
0.468 0.00224 20.4906
0.468 0.00227 15.5649
0.468 0.0023 11.3376
0.468 0.00233 7.80389
0.468 0.00236 4.95421
0.468 0.00239 2.77381
0.468 0.00242 1.24256
0.468 0.00245 0.334718
0.468 0.00248 0.0187924
0.468 0.00251 0.25746
0.468 0.00254 1.0076
0.468 0.00257 2.22042
0.468 0.0026 3.84175
0.468 0.00263 5.81246
0.468 0.00266 8.06904
0.468 0.00269 10.5444
0.468 0.00272 13.1688
0.468 0.00275 15.8709
0.468 0.00278 18.5794
0.468 0.00281 21.2237
0.468 0.00284 23.7365
0.468 0.00287 26.0542
0.468 0.0029 28.1194
0.468 0.00293 29.8817
0.468 0.00296 31.2991
0.468 0.00299 32.3393
0.468 0.00302 32.9804
0.468 0.00305 33.2109
0.468 0.00308 33.0304
0.468 0.00311 32.4489
0.468 0.00314 31.4865
0.468 0.00317 30.1722
0.468 0.0032 28.5432
0.468 0.00323 26.643
0.468 0.00326 24.5205
0.468 0.00329 22.2283
0.468 0.00332 19.8214
0.468 0.00335 17.3556
0.468 0.00338 14.8864
0.468 0.00341 12.468
0.468 0.00344 10.1523
0.468 0.00347 7.98799
0.476 0.002 82.6586
0.476 0.00203 72.491
0.476 0.00206 62.9308
0.476 0.00209 54.0007
0.476 0.00212 45.7212
0.476 0.00215 38.1105
0.476 0.00218 31.1834
0.476 0.00221 24.9516
0.476 0.00224 19.4235
0.476 0.00227 14.6032
0.476 0.0023 10.4907
0.476 0.00233 7.08125
0.476 0.00236 4.36537
0.476 0.00239 2.32819
0.476 0.00242 0.949358
0.476 0.00245 0.202765
0.476 0.00248 0.0563994
0.476 0.00251 0.472245
0.476 0.00254 1.40629
0.476 0.00257 2.80865
0.476 0.0026 4.62385
0.476 0.00263 6.79121
0.476 0.00266 9.24546
0.476 0.00269 11.9176
0.476 0.00272 14.7356
0.476 0.00275 17.626
0.476 0.00278 20.5148
0.476 0.00281 23.3292
0.476 0.00284 25.9992
0.476 0.00287 28.4591
0.476 0.0029 30.6489
0.476 0.00293 32.5164
0.476 0.00296 34.018
0.476 0.00299 35.12
0.476 0.00302 35.7995
0.476 0.00305 36.0447
0.476 0.00308 35.8552
0.476 0.00311 35.2416
0.476 0.00314 34.2248
0.476 0.00317 32.8353
0.476 0.0032 31.1117
0.476 0.00323 29.0997
0.476 0.00326 26.8501
0.476 0.00329 24.4178
0.476 0.00332 21.8601
0.476 0.00335 19.2348
0.476 0.00338 16.5999
0.476 0.00341 14.0115
0.476 0.00344 11.5234
0.476 0.00347 9.18593
0.484 0.002 81.3607
0.484 0.00203 71.2286
0.484 0.00206 61.7095
0.484 0.00209 52.8265
0.484 0.00212 44.6004
0.484 0.00215 37.0495
0.484 0.00218 30.1891
0.484 0.00221 24.0312
0.484 0.00224 18.5841
0.484 0.00227 13.8525
0.484 0.0023 9.83621
0.484 0.00233 6.53083
0.484 0.00236 3.92675
0.484 0.00239 2.00905
0.484 0.00242 0.757228
0.484 0.00245 0.144887
0.484 0.00248 0.139606
0.484 0.00251 0.70281
0.484 0.00254 1.78977
0.484 0.00257 3.34972
0.484 0.0026 5.3261
0.484 0.00263 7.65698
0.484 0.00266 10.2757
0.484 0.00269 13.1114
0.484 0.00272 16.0907
0.484 0.00275 19.1378
0.484 0.00278 22.1769
0.484 0.00281 25.1332
0.484 0.00284 27.9345
0.484 0.00287 30.513
0.484 0.0029 32.807
0.484 0.00293 34.7626
0.484 0.00296 36.3347
0.484 0.00299 37.4886
0.484 0.00302 38.2005
0.484 0.00305 38.4585
0.484 0.00308 38.262
0.484 0.00311 37.622
0.484 0.00314 36.5603
0.484 0.00317 35.1085
0.484 0.0032 33.3066
0.484 0.00323 31.2018
0.484 0.00326 28.8469
0.484 0.00329 26.2984
0.484 0.00332 23.6154
0.484 0.00335 20.858
0.484 0.00338 18.0857
0.484 0.00341 15.3562
0.484 0.00344 12.7251
0.484 0.00347 10.2441
0.492 0.002 80.3627
0.492 0.00203 70.2613
0.492 0.00206 60.7771
0.492 0.00209 51.9334
0.492 0.00212 43.7514
0.492 0.00215 36.2495
0.492 0.00218 29.4432
0.492 0.00221 23.3447
0.492 0.00224 17.9627
0.492 0.00227 13.3016
0.492 0.0023 9.36182
0.492 0.00233 6.13873
0.492 0.00236 3.6228
0.492 0.00239 1.79908
0.492 0.00242 0.646938
0.492 0.00245 0.139772
0.492 0.00248 0.244852
0.492 0.00251 0.923187
0.492 0.00254 2.12951
0.492 0.00257 3.81237
0.492 0.0026 5.9144
0.492 0.00263 8.37271
0.492 0.00266 11.1195
0.492 0.00269 14.0828
0.492 0.00272 17.1876
0.492 0.00275 20.357
0.492 0.00278 23.5133
0.492 0.00281 26.5802
0.492 0.00284 29.4839
0.492 0.00287 32.1551
0.492 0.0029 34.5307
0.492 0.00293 36.5552
0.492 0.00296 38.1827
0.492 0.00299 39.3775
0.492 0.00302 40.1152
0.492 0.00305 40.3836
0.492 0.00308 40.1822
0.492 0.00311 39.5224
0.492 0.00314 38.4264
0.492 0.00317 36.9267
0.492 0.0032 35.0645
0.492 0.00323 32.8881
0.492 0.00326 30.4517
0.492 0.00329 27.8134
0.492 0.00332 25.0337
0.492 0.00335 22.174
0.492 0.00338 19.2953
0.492 0.00341 16.4568
0.492 0.00344 13.7149
0.492 0.00347 11.1227
0.5 0.002 79.6618
0.5 0.00203 69.5858
0.5 0.00206 60.1298
0.5 0.00209 51.3172
0.5 0.00212 43.1694
0.5 0.00215 35.705
0.5 0.00218 28.9396
0.5 0.00221 22.8855
0.5 0.00224 17.5514
0.5 0.00227 12.9421
0.5 0.0023 9.05785
0.5 0.00233 5.89414
0.5 0.00236 3.44147
0.5 0.00239 1.68484
0.5 0.00242 0.603548
0.5 0.00245 0.17085
0.5 0.00248 0.353813
0.5 0.00251 1.11316
0.5 0.00254 2.40327
0.5 0.00257 4.17224
0.5 0.0026 6.36215
0.5 0.00263 8.90946
0.5 0.00266 11.7456
0.5 0.00269 14.7979
0.5 0.00272 17.9902
0.5 0.00275 21.2446
0.5 0.00278 24.4826
0.5 0.00281 27.6266
0.5 0.00284 30.6017
0.5 0.00287 33.3376
0.5 0.0029 35.7701
0.5 0.00293 37.843
0.5 0.00296 39.5095
0.5 0.00299 40.7332
0.5 0.00302 41.4896
0.5 0.00305 41.766
0.5 0.00308 41.562
0.5 0.00311 40.8891
0.5 0.00314 39.7703
0.5 0.00317 38.2383
0.5 0.0032 36.3351
0.5 0.00323 34.1101
0.5 0.00326 31.6182
0.5 0.00329 28.9185
0.5 0.00332 26.0725
0.5 0.00335 23.1428
0.5 0.00338 20.191
0.5 0.00341 17.2775
0.5 0.00344 14.4594
0.5 0.00347 11.7906
0.508 0.002 79.2559
0.508 0.00203 69.1998
0.508 0.00206 59.765
0.508 0.00209 50.975
0.508 0.00212 42.8513
0.508 0.00215 35.4124
0.508 0.00218 28.674
0.508 0.00221 22.6487
0.508 0.00224 17.3451
0.508 0.00227 12.7679
0.508 0.0023 8.91758
0.508 0.00233 5.78958
0.508 0.00236 3.3744
0.508 0.00239 1.65704
0.508 0.00242 0.616731
0.508 0.00245 0.226676
0.508 0.00248 0.453831
0.508 0.00251 1.25878
0.508 0.00254 2.59572
0.508 0.00257 4.41252
0.508 0.0026 6.65097
0.508 0.00263 9.24722
0.508 0.00266 12.1323
0.508 0.00269 15.2331
0.508 0.00272 18.4731
0.508 0.00275 21.7738
0.508 0.00278 25.0562
0.508 0.00281 28.242
0.508 0.00284 31.256
0.508 0.00287 34.0272
0.508 0.0029 36.4909
0.508 0.00293 38.5905
0.508 0.00296 40.2786
0.508 0.00299 41.5187
0.508 0.00302 42.2861
0.508 0.00305 42.5678
0.508 0.00308 42.3636
0.508 0.00311 41.6852
0.508 0.00314 40.5553
0.508 0.00317 39.0075
0.508 0.0032 37.0838
0.508 0.00323 34.8341
0.508 0.00326 32.3139
0.508 0.00329 29.5826
0.508 0.00332 26.7025
0.508 0.00335 23.7363
0.508 0.00338 20.7465
0.508 0.00341 17.7936
0.508 0.00344 14.9354
0.508 0.00347 12.2261
0.516 0.002 79.1438
0.516 0.00203 69.102
0.516 0.00206 59.6812
0.516 0.00209 50.9051
0.516 0.00212 42.795
0.516 0.00215 35.3694
0.516 0.00218 28.6442
0.516 0.00221 22.6318
0.516 0.00224 17.3407
0.516 0.00227 12.7758
0.516 0.0023 8.93741
0.516 0.00233 5.82103
0.516 0.00236 3.41714
0.516 0.00239 1.71073
0.516 0.00242 0.681013
0.516 0.00245 0.301197
0.516 0.00248 0.538231
0.516 0.00251 1.3527
0.516 0.00254 2.69878
0.516 0.00257 4.52435
0.516 0.0026 6.77122
0.516 0.00263 9.37551
0.516 0.00266 12.2683
0.516 0.00269 15.3764
0.516 0.00272 18.6233
0.516 0.00275 21.9306
0.516 0.00278 25.2191
0.516 0.00281 28.4108
0.516 0.00284 31.4303
0.516 0.00287 34.2065
0.516 0.0029 36.6749
0.516 0.00293 38.7788
0.516 0.00296 40.4708
0.516 0.00299 41.7145
0.516 0.00302 42.485
0.516 0.00305 42.7694
0.516 0.00308 42.5675
0.516 0.00311 41.8908
0.516 0.00314 40.7624
0.516 0.00317 39.2154
0.516 0.0032 37.2922
0.516 0.00323 35.0425
0.516 0.00326 32.5217
0.516 0.00329 29.7895
0.516 0.00332 26.908
0.516 0.00335 23.9399
0.516 0.00338 20.9478
0.516 0.00341 17.9921
0.516 0.00344 15.1307
0.516 0.00347 12.4178
0.524 0.002 79.3251
0.524 0.00203 69.2919
0.524 0.00206 59.878
0.524 0.00209 51.107
0.524 0.00212 43.0001
0.524 0.00215 35.5758
0.524 0.00218 28.8498
0.524 0.00221 22.8342
0.524 0.00224 17.5379
0.524 0.00227 12.9653
0.524 0.0023 9.11687
0.524 0.00233 5.98803
0.524 0.00236 3.56921
0.524 0.00239 1.84541
0.524 0.00242 0.795884
0.524 0.00245 0.393889
0.524 0.00248 0.606471
0.524 0.00251 1.39435
0.524 0.00254 2.71187
0.524 0.00257 4.50716
0.524 0.0026 6.72227
0.524 0.00263 9.29367
0.524 0.00266 12.1528
0.524 0.00269 15.2269
0.524 0.00272 18.44
0.524 0.00275 21.7141
0.524 0.00278 24.9706
0.524 0.00281 28.132
0.524 0.00284 31.1235
0.524 0.00287 33.8746
0.524 0.0029 36.3212
0.524 0.00293 38.4071
0.524 0.00296 40.0853
0.524 0.00299 41.3195
0.524 0.00302 42.0852
0.524 0.00305 42.3696
0.524 0.00308 42.1724
0.524 0.00311 41.505
0.524 0.00314 40.3902
0.524 0.00317 38.861
0.524 0.0032 36.9592
0.524 0.00323 34.7341
0.524 0.00326 32.2407
0.524 0.00329 29.5382
0.524 0.00332 26.688
0.524 0.00335 23.7526
0.524 0.00338 20.7939
0.524 0.00341 17.872
0.524 0.00344 15.0443
0.524 0.00347 12.3647
0.532 0.002 79.8003
0.532 0.00203 69.7701
0.532 0.00206 60.3562
0.532 0.00209 51.5817
0.532 0.00212 43.4678
0.532 0.00215 36.0328
0.532 0.00218 29.2921
0.532 0.00221 23.2578
0.532 0.00224 17.9386
0.532 0.00227 13.3388
0.532 0.0023 9.45867
0.532 0.00233 6.29364
0.532 0.00236 3.8341
0.532 0.00239 2.06505
0.532 0.00242 0.96581
0.532 0.00245 0.509765
0.532 0.00248 0.664155
0.532 0.00251 1.38997
0.532 0.00254 2.64192
0.532 0.00257 4.36856
0.532 0.0026 6.51252
0.532 0.00263 9.01089
0.532 0.00266 11.7959
0.532 0.00269 14.7956
0.532 0.00272 17.9349
0.532 0.00275 21.1369
0.532 0.00278 24.324
0.532 0.00281 27.4199
0.532 0.00284 30.3507
0.532 0.00287 33.0471
0.532 0.0029 35.446
0.532 0.00293 37.492
0.532 0.00296 39.139
0.532 0.00299 40.3512
0.532 0.00302 41.1044
0.532 0.00305 41.3861
0.532 0.00308 41.1959
0.532 0.00311 40.5451
0.532 0.00314 39.4559
0.532 0.00317 37.9608
0.532 0.0032 36.1008
0.532 0.00323 33.9244
0.532 0.00326 31.4857
0.532 0.00329 28.8427
0.532 0.00332 26.056
0.532 0.00335 23.187
0.532 0.00338 20.2967
0.532 0.00341 17.4444
0.532 0.00344 14.6866
0.532 0.00347 12.0764
0.54 0.002 80.5707
0.54 0.00203 70.5382
0.54 0.00206 61.1174
0.54 0.00209 52.3313
0.54 0.00212 44.2005
0.54 0.00215 36.7432
0.54 0.00218 29.9745
0.54 0.00221 23.9065
0.54 0.00224 18.5473
0.54 0.00227 13.9013
0.54 0.0023 9.96858
0.54 0.00233 6.74442
0.54 0.00236 4.2192
0.54 0.00239 2.37796
0.54 0.00242 1.20011
0.54 0.00245 0.659243
0.54 0.00248 0.722885
0.54 0.00251 1.35244
0.54 0.00254 2.50315
0.54 0.00257 4.12424
0.54 0.0026 6.15915
0.54 0.00263 8.54594
0.54 0.00266 11.2179
0.54 0.00269 14.1044
0.54 0.00272 17.1317
0.54 0.00275 20.2243
0.54 0.00278 23.3064
0.54 0.00281 26.303
0.54 0.00284 29.142
0.54 0.00287 31.7556
0.54 0.0029 34.0821
0.54 0.00293 36.0674
0.54 0.00296 37.6666
0.54 0.00299 38.8447
0.54 0.00302 39.5781
0.54 0.00305 39.8546
0.54 0.00308 39.6737
0.54 0.00311 39.0463
0.54 0.00314 37.9941
0.54 0.00317 36.5487
0.54 0.0032 34.75
0.54 0.00323 32.6452
0.54 0.00326 30.2869
0.54 0.00329 27.732
0.54 0.00332 25.0394
0.54 0.00335 22.2691
0.54 0.00338 19.4807
0.54 0.00341 16.7322
0.54 0.00344 14.0789
0.54 0.00347 11.5728
0.548 0.002 81.6382
0.548 0.00203 71.5986
0.548 0.00206 62.1647
0.548 0.00209 53.359
0.548 0.00212 45.2021
0.548 0.00215 37.7116
0.548 0.00218 30.9024
0.548 0.00221 24.7861
0.548 0.00224 19.3708
0.548 0.00227 14.6606
0.548 0.0023 10.6553
0.548 0.00233 7.35024
0.548 0.00236 4.73564
0.548 0.00239 2.79662
0.548 0.00242 1.51276
0.548 0.00245 0.85789
0.548 0.00248 0.79996
0.548 0.00251 1.30091
0.548 0.00254 2.3167
0.548 0.00257 3.79744
0.548 0.0026 5.68763
0.548 0.00263 7.92659
0.548 0.00266 10.4491
0.548 0.00269 13.186
0.548 0.00272 16.0655
0.548 0.00275 19.014
0.548 0.00278 21.9576
0.548 0.00281 24.8236
0.548 0.00284 27.5417
0.548 0.00287 30.0463
0.548 0.0029 32.2775
0.548 0.00293 34.1829
0.548 0.00296 35.7189
0.548 0.00299 36.8518
0.548 0.00302 37.5586
0.548 0.00305 37.8275
0.548 0.00308 37.6579
0.548 0.00311 37.0603
0.548 0.00314 36.0556
0.548 0.00317 34.6743
0.548 0.0032 32.9548
0.548 0.00323 30.9428
0.548 0.00326 28.6892
0.548 0.00329 26.2488
0.548 0.00332 23.6788
0.548 0.00335 21.0373
0.548 0.00338 18.382
0.548 0.00341 15.7693
0.548 0.00344 13.253
0.548 0.00347 10.8835
0.556 0.002 83.0057
0.556 0.00203 72.9546
0.556 0.00206 63.5018
0.556 0.00209 54.6696
0.556 0.00212 46.4779
0.556 0.00215 38.944
0.556 0.00218 32.0825
0.556 0.00221 25.9046
0.556 0.00224 20.4181
0.556 0.00227 15.6269
0.556 0.0023 11.5305
0.556 0.00233 8.1241
0.556 0.00236 5.39802
0.556 0.00239 3.3374
0.556 0.00242 1.92201
0.556 0.00245 1.12605
0.556 0.00248 0.917952
0.556 0.00251 1.26035
0.556 0.00254 2.11009
0.556 0.00257 3.41837
0.556 0.0026 5.13098
0.556 0.00263 7.18881
0.556 0.00266 9.52835
0.556 0.00269 12.0825
0.556 0.00272 14.7816
0.556 0.00275 17.5543
0.556 0.00278 20.3291
0.556 0.00281 23.0359
0.556 0.00284 25.6069
0.556 0.00287 27.9788
0.556 0.0029 30.094
0.556 0.00293 31.9021
0.556 0.00296 33.3611
0.556 0.00299 34.4387
0.556 0.00302 35.1128
0.556 0.00305 35.3719
0.556 0.00308 35.2154
0.556 0.00311 34.6533
0.556 0.00314 33.7057
0.556 0.00317 32.4013
0.556 0.0032 30.7774
0.556 0.00323 28.8773
0.556 0.00326 26.75
0.556 0.00329 24.4481
0.556 0.00332 22.0265
0.556 0.00335 19.541
0.556 0.00338 17.0473
0.556 0.00341 14.5996
0.556 0.00344 12.2498
0.556 0.00347 10.0467
0.564 0.002 84.6768
0.564 0.00203 74.6104
0.564 0.00206 65.1337
0.564 0.00209 56.2685
0.564 0.00212 48.0342
0.564 0.00215 40.4478
0.564 0.00218 33.5234
0.564 0.00221 27.2717
0.564 0.00224 21.7003
0.564 0.00227 16.8126
0.564 0.0023 12.6081
0.564 0.00233 9.08186
0.564 0.00236 6.22412
0.564 0.00239 4.02017
0.564 0.00242 2.45005
0.564 0.00245 1.48836
0.564 0.00248 1.10416
0.564 0.00251 1.2609
0.564 0.00254 1.91647
0.564 0.00257 3.02336
0.564 0.0026 4.5289
0.564 0.00263 6.37575
0.564 0.00266 8.50247
0.564 0.00269 10.8442
0.564 0.00272 13.3338
0.564 0.00275 15.9027
0.564 0.00278 18.482
0.564 0.00281 21.0045
0.564 0.00284 23.4053
0.564 0.00287 25.6238
0.564 0.0029 27.6049
0.564 0.00293 29.3004
0.564 0.00296 30.6705
0.564 0.00299 31.684
0.564 0.00302 32.32
0.564 0.00305 32.5674
0.564 0.00308 32.4256
0.564 0.00311 31.904
0.564 0.00314 31.0215
0.564 0.00317 29.8055
0.564 0.0032 28.2911
0.564 0.00323 26.5197
0.564 0.00326 24.5378
0.564 0.00329 22.3954
0.564 0.00332 20.1448
0.564 0.00335 17.8394
0.564 0.00338 15.5324
0.564 0.00341 13.2755
0.564 0.00344 11.1185
0.564 0.00347 9.1084
0.572 0.002 86.6555
0.572 0.00203 76.5708
0.572 0.00206 67.066
0.572 0.00209 58.1623
0.572 0.00212 49.8788
0.572 0.00215 42.2318
0.572 0.00218 35.235
0.572 0.00221 28.8987
0.572 0.00224 23.23
0.572 0.00227 18.2322
0.572 0.0023 13.9045
0.572 0.00233 10.2419
0.572 0.00236 7.23452
0.572 0.00239 4.86792
0.572 0.00242 3.12244
0.572 0.00245 1.97319
0.572 0.00248 1.38995
0.572 0.00251 1.33714
0.572 0.00254 1.77383
0.572 0.00257 2.65398
0.572 0.0026 3.92667
0.572 0.00263 5.5366
0.572 0.00266 7.42459
0.572 0.00269 9.5284
0.572 0.00272 11.7836
0.572 0.00275 14.1245
0.572 0.00278 16.4855
0.572 0.00281 18.8023
0.572 0.00284 21.0133
0.572 0.00287 23.0608
0.572 0.0029 24.8925
0.572 0.00293 26.4628
0.572 0.00296 27.7336
0.572 0.00299 28.6758
0.572 0.00302 29.2691
0.572 0.00305 29.5032
0.572 0.00308 29.3774
0.572 0.00311 28.9004
0.572 0.00314 28.0899
0.572 0.00317 26.9716
0.572 0.0032 25.5787
0.572 0.00323 23.95
0.572 0.00326 22.1295
0.572 0.00329 20.1644
0.572 0.00332 18.1042
0.572 0.00335 15.9994
0.572 0.00338 13.9005
0.572 0.00341 11.8566
0.572 0.00344 9.9152
0.572 0.00347 8.1209
0.58 0.002 88.9467
0.58 0.00203 78.8413
0.58 0.00206 69.3051
0.58 0.00209 60.3585
0.58 0.00212 52.0202
0.58 0.00215 44.3058
0.58 0.00218 37.2285
0.58 0.00221 30.7983
0.58 0.00224 25.0218
0.58 0.00227 19.9021
0.58 0.0023 15.4381
0.58 0.00233 11.6247
0.58 0.00236 8.45218
0.58 0.00239 5.90624
0.58 0.00242 3.96761
0.58 0.00245 2.61203
0.58 0.00248 1.8101
0.58 0.00251 1.5273
0.58 0.00254 1.72407
0.58 0.00257 2.35599
0.58 0.0026 3.37409
0.58 0.00263 4.72527
0.58 0.00266 6.35288
0.58 0.00269 8.19744
0.58 0.00272 10.1975
0.58 0.00275 12.2907
0.58 0.00278 14.4146
0.58 0.00281 16.5083
0.58 0.00284 18.5136
0.58 0.00287 20.3759
0.58 0.0029 22.0459
0.58 0.00293 23.4805
0.58 0.00296 24.6441
0.58 0.00299 25.5089
0.58 0.00302 26.056
0.58 0.00305 26.2756
0.58 0.00308 26.1667
0.58 0.00311 25.7375
0.58 0.00314 25.0044
0.58 0.00317 23.9915
0.58 0.0032 22.7295
0.58 0.00323 21.2549
0.58 0.00326 19.6088
0.58 0.00329 17.8354
0.58 0.00332 15.9812
0.58 0.00335 14.0938
0.58 0.00338 12.2206
0.58 0.00341 10.408
0.58 0.00344 8.70095
0.58 0.00347 7.14157
0.588 0.002 91.5556
0.588 0.00203 81.4282
0.588 0.00206 71.8581
0.588 0.00209 62.8653
0.588 0.00212 54.4677
0.588 0.00215 46.6804
0.588 0.00218 39.5162
0.588 0.00221 32.9844
0.588 0.00224 27.0914
0.588 0.00227 21.8399
0.588 0.0023 17.2287
0.588 0.00233 13.2526
0.588 0.00236 9.902
0.588 0.00239 7.16282
0.588 0.00242 5.0163
0.588 0.00245 3.43885
0.588 0.00248 2.402
0.588 0.00251 1.87244
0.588 0.00254 1.81209
0.588 0.00257 2.17832
0.588 0.0026 2.92424
0.588 0.00263 3.99914
0.588 0.00266 5.34908
0.588 0.00269 6.91753
0.588 0.00272 8.64623
0.588 0.00275 10.4761
0.588 0.00278 12.3484
0.588 0.00281 14.2056
0.588 0.00284 15.993
0.588 0.00287 17.6592
0.588 0.0029 19.1582
0.588 0.00293 20.4494
0.588 0.00296 21.4995
0.588 0.00299 22.2825
0.588 0.00302 22.7807
0.588 0.00305 22.9847
0.588 0.00308 22.8935
0.588 0.00311 22.5146
0.588 0.00314 21.863
0.588 0.00317 20.961
0.588 0.0032 19.8371
0.588 0.00323 18.5251
0.588 0.00326 17.0631
0.588 0.00329 15.4924
0.588 0.00332 13.8564
0.588 0.00335 12.1993
0.588 0.00338 10.5655
0.588 0.00341 8.99865
0.588 0.00344 7.54067
0.588 0.00347 6.23134
0.596 0.002 94.4878
0.596 0.00203 84.3379
0.596 0.00206 74.7327
0.596 0.00209 65.6915
0.596 0.00212 57.2315
0.596 0.00215 49.3674
0.596 0.00218 42.1112
0.596 0.00221 35.472
0.596 0.00224 29.4557
0.596 0.00227 24.0646
0.596 0.0023 19.2976
0.596 0.00233 15.1493
0.596 0.00236 11.6104
0.596 0.00239 8.66697
0.596 0.00242 6.30091
0.596 0.00245 4.48937
0.596 0.00248 3.20492
0.596 0.00251 2.41556
0.596 0.00254 2.08481
0.596 0.00257 2.17195
0.596 0.0026 2.63233
0.596 0.00263 3.41776
0.596 0.00266 4.47713
0.596 0.00269 5.75699
0.596 0.00272 7.20242
0.596 0.00275 8.75784
0.596 0.00278 10.368
0.596 0.00281 11.9792
0.596 0.00284 13.54
0.596 0.00287 15.0027
0.596 0.0029 16.3242
0.596 0.00293 17.4667
0.596 0.00296 18.3992
0.596 0.00299 19.0974
0.596 0.00302 19.5448
0.596 0.00305 19.7325
0.596 0.00308 19.6595
0.596 0.00311 19.3324
0.596 0.00314 18.765
0.596 0.00317 17.9776
0.596 0.0032 16.9966
0.596 0.00323 15.853
0.596 0.00326 14.5821
0.596 0.00329 13.2218
0.596 0.00332 11.8123
0.596 0.00335 10.3947
0.596 0.00338 9.01026
0.596 0.00341 7.69946
0.596 0.00344 6.50145
0.596 0.00347 5.45338
0.604 0.002 97.7493
0.604 0.00203 87.5775
0.604 0.00206 77.937
0.604 0.00209 68.8464
0.604 0.00212 60.3222
0.604 0.00215 52.3787
0.604 0.00218 45.0272
0.604 0.00221 38.2765
0.604 0.00224 32.1321
0.604 0.00227 26.596
0.604 0.0023 21.6669
0.604 0.00233 17.3395
0.604 0.00236 13.6047
0.604 0.00239 10.449
0.604 0.00242 7.85493
0.604 0.00245 5.80045
0.604 0.00248 4.25926
0.604 0.00251 3.20078
0.604 0.00254 2.59025
0.604 0.00257 2.38896
0.604 0.0026 2.55458
0.604 0.00263 3.04158
0.604 0.00266 3.80176
0.604 0.00269 4.78486
0.604 0.00272 5.93935
0.604 0.00275 7.21321
0.604 0.00278 8.55488
0.604 0.00281 9.9142
0.604 0.00284 11.2434
0.604 0.00287 12.4982
0.604 0.0029 13.6384
0.604 0.00293 14.6292
0.604 0.00296 15.4417
0.604 0.00299 16.0534
0.604 0.00302 16.449
0.604 0.00305 16.62
0.604 0.00308 16.5653
0.604 0.00311 16.2909
0.604 0.00314 15.8091
0.604 0.00317 15.1385
0.604 0.0032 14.303
0.604 0.00323 13.3311
0.604 0.00326 12.255
0.604 0.00329 11.1096
0.604 0.00332 9.93175
0.604 0.00335 8.75931
0.604 0.00338 7.6303
0.604 0.00341 6.58217
0.604 0.00344 5.65115
0.604 0.00347 4.87168
0.612 0.002 101.346
0.612 0.00203 91.1542
0.612 0.00206 81.4792
0.612 0.00209 72.3395
0.612 0.00212 63.7509
0.612 0.00215 55.727
0.612 0.00218 48.2787
0.612 0.00221 41.4142
0.612 0.00224 35.1387
0.612 0.00227 29.4542
0.612 0.0023 24.3591
0.612 0.00233 19.8483
0.612 0.00236 15.9129
0.612 0.00239 12.5399
0.612 0.00242 9.71238
0.612 0.00245 7.4094
0.612 0.00248 5.60583
0.612 0.00251 4.27257
0.612 0.00254 3.37666
0.612 0.00257 2.8815
0.612 0.0026 2.74717
0.612 0.00263 2.93085
0.612 0.00266 3.38731
0.612 0.00269 4.06954
0.612 0.00272 4.92942
0.612 0.00275 5.91853
0.612 0.00278 6.98893
0.612 0.00281 8.09412
0.612 0.00284 9.18988
0.612 0.00287 10.2352
0.612 0.0029 11.193
0.612 0.00293 12.0312
0.612 0.00296 12.7231
0.612 0.00299 13.2479
0.612 0.00302 13.5913
0.612 0.00305 13.7455
0.612 0.00308 13.7092
0.612 0.00311 13.4875
0.612 0.00314 13.0916
0.612 0.00317 12.5381
0.612 0.0032 11.8489
0.612 0.00323 11.0496
0.612 0.00326 10.1695
0.612 0.00329 9.24049
0.612 0.00332 8.29616
0.612 0.00335 7.37111
0.612 0.00338 6.50018
0.612 0.00341 5.71773
0.612 0.00344 5.05708
0.612 0.00347 4.54993
0.62 0.002 105.285
0.62 0.00203 95.0753
0.62 0.00206 85.368
0.62 0.00209 76.1808
0.62 0.00212 67.5288
0.62 0.00215 59.425
0.62 0.00218 51.8799
0.62 0.00221 44.9012
0.62 0.00224 38.494
0.62 0.00227 32.6598
0.62 0.0023 27.3972
0.62 0.00233 22.7012
0.62 0.00236 18.563
0.62 0.00239 14.9704
0.62 0.00242 11.9072
0.62 0.00245 9.35342
0.62 0.00248 7.28518
0.62 0.00251 5.67498
0.62 0.00254 4.49172
0.62 0.00257 3.70098
0.62 0.0026 3.26528
0.62 0.00263 3.14457
0.62 0.00266 3.29661
0.62 0.00269 3.67765
0.62 0.00272 4.24298
0.62 0.00275 4.94771
0.62 0.00278 5.74753
0.62 0.00281 6.5995
0.62 0.00284 7.46286
0.62 0.00287 8.29985
0.62 0.0029 9.07648
0.62 0.00293 9.76315
0.62 0.00296 10.3353
0.62 0.00299 10.7738
0.62 0.00302 11.0655
0.62 0.00305 11.2029
0.62 0.00308 11.1846
0.62 0.00311 11.0151
0.62 0.00314 10.7043
0.62 0.00317 10.2671
0.62 0.0032 9.7229
0.62 0.00323 9.09497
0.62 0.00326 8.40972
0.62 0.00329 7.69594
0.62 0.00332 6.98412
0.62 0.00335 6.30565
0.62 0.00338 5.69222
0.62 0.00341 5.17516
0.62 0.00344 4.78486
0.62 0.00347 4.55035
0.628 0.002 109.572
0.628 0.00203 99.3482
0.628 0.00206 89.6119
0.628 0.00209 80.3799
0.628 0.00212 71.667
0.628 0.00215 63.4854
0.628 0.00218 55.8453
0.628 0.00221 48.754
0.628 0.00224 42.2161
0.628 0.00227 36.2332
0.628 0.0023 30.8038
0.628 0.00233 25.9231
0.628 0.00236 21.5829
0.628 0.00239 17.7712
0.628 0.00242 14.4729
0.628 0.00245 11.669
0.628 0.00248 9.337
0.628 0.00251 7.451
0.628 0.00254 5.98182
0.628 0.00257 4.89724
0.628 0.0026 4.16228
0.628 0.00263 3.73963
0.628 0.00266 3.59007
0.628 0.00269 3.67303
0.628 0.00272 3.94721
0.628 0.00275 4.37118
0.628 0.00278 4.90415
0.628 0.00281 5.50666
0.628 0.00284 6.1413
0.628 0.00287 6.77348
0.628 0.0029 7.37204
0.628 0.00293 7.9099
0.628 0.00296 8.36454
0.628 0.00299 8.71843
0.628 0.00302 8.95927
0.628 0.00305 9.08017
0.628 0.00308 9.07959
0.628 0.00311 8.96126
0.628 0.00314 8.73384
0.628 0.00317 8.41056
0.628 0.0032 8.0087
0.628 0.00323 7.54905
0.628 0.00326 7.05526
0.628 0.00329 6.5532
0.628 0.00332 6.07028
0.628 0.00335 5.63482
0.628 0.00338 5.27544
0.628 0.00341 5.02047
0.628 0.00344 4.89749
0.628 0.00347 4.93282
0.636 0.002 114.214
0.636 0.00203 103.98
0.636 0.00206 94.2193
0.636 0.00209 84.9468
0.636 0.00212 76.1767
0.636 0.00215 67.921
0.636 0.00218 60.1892
0.636 0.00221 52.9884
0.636 0.00224 46.323
0.636 0.00227 40.1944
0.636 0.0023 34.6012
0.636 0.00233 29.5388
0.636 0.00236 24.9995
0.636 0.00239 20.972
0.636 0.00242 17.4419
0.636 0.00245 14.3915
0.636 0.00248 11.7996
0.636 0.00251 9.64196
0.636 0.00254 7.89142
0.636 0.00257 6.51793
0.636 0.0026 5.489
0.636 0.00263 4.77005
0.636 0.00266 4.32485
0.636 0.00269 4.11596
0.636 0.00272 4.10537
0.636 0.00275 4.25505
0.636 0.00278 4.52759
0.636 0.00281 4.88687
0.636 0.00284 5.29874
0.636 0.00287 5.73158
0.636 0.0029 6.15699
0.636 0.00293 6.55022
0.636 0.00296 6.89072
0.636 0.00299 7.1624
0.636 0.00302 7.35392
0.636 0.00305 7.45879
0.636 0.00308 7.47534
0.636 0.00311 7.40661
0.636 0.00314 7.26011
0.636 0.00317 7.04743
0.636 0.0032 6.78385
0.636 0.00323 6.48777
0.636 0.00326 6.18024
0.636 0.00329 5.88431
0.636 0.00332 5.62445
0.636 0.00335 5.42603
0.636 0.00338 5.31469
0.636 0.00341 5.3159
0.636 0.00344 5.45445
0.636 0.00347 5.75408
0.644 0.002 119.216
0.644 0.00203 108.979
0.644 0.00206 99.1986
0.644 0.00209 89.8908
0.644 0.00212 81.0689
0.644 0.00215 72.7441
0.644 0.00218 64.9256
0.644 0.00221 57.6202
0.644 0.00224 50.8321
0.644 0.00227 44.5628
0.644 0.0023 38.8108
0.644 0.00233 33.572
0.644 0.00236 28.8389
0.644 0.00239 24.6011
0.644 0.00242 20.8452
0.644 0.00245 17.5545
0.644 0.00248 14.7093
0.644 0.00251 12.2871
0.644 0.00254 10.2626
0.644 0.00257 8.60794
0.644 0.0026 7.2932
0.644 0.00263 6.28644
0.644 0.00266 5.55432
0.644 0.00269 5.06249
0.644 0.00272 4.77612
0.644 0.00275 4.66042
0.644 0.00278 4.68125
0.644 0.00281 4.80569
0.644 0.00284 5.00264
0.644 0.00287 5.24335
0.644 0.0029 5.50195
0.644 0.00293 5.75597
0.644 0.00296 5.98664
0.644 0.00299 6.17925
0.644 0.00302 6.32333
0.644 0.00305 6.41277
0.644 0.00308 6.44576
0.644 0.00311 6.42471
0.644 0.00314 6.35602
0.644 0.00317 6.24974
0.644 0.0032 6.11923
0.644 0.00323 5.98068
0.644 0.00326 5.85264
0.644 0.00329 5.7555
0.644 0.00332 5.71097
0.644 0.00335 5.74155
0.644 0.00338 5.87007
0.644 0.00341 6.11923
0.644 0.00344 6.51117
0.644 0.00347 7.0671
0.652 0.002 124.585
0.652 0.00203 114.351
0.652 0.00206 104.558
0.652 0.00209 95.2213
0.652 0.00212 86.3538
0.652 0.00215 77.9664
0.652 0.00218 70.0678
0.652 0.00221 62.6643
0.652 0.00224 55.7602
0.652 0.00227 49.3569
0.652 0.0023 43.4532
0.652 0.00233 38.0451
0.652 0.00236 33.1258
0.652 0.00239 28.6857
0.652 0.00242 24.7122
0.652 0.00245 21.1898
0.652 0.00248 18.1003
0.652 0.00251 15.423
0.652 0.00254 13.1344
0.652 0.00257 11.209
0.652 0.0026 9.61909
0.652 0.00263 8.33545
0.652 0.00266 7.32756
0.652 0.00269 6.56402
0.652 0.00272 6.01305
0.652 0.00275 5.64297
0.652 0.00278 5.42275
0.652 0.00281 5.3225
0.652 0.00284 5.31398
0.652 0.00287 5.37113
0.652 0.0029 5.47051
0.652 0.00293 5.59169
0.652 0.00296 5.71762
0.652 0.00299 5.83485
0.652 0.00302 5.93372
0.652 0.00305 6.00846
0.652 0.00308 6.05712
0.652 0.00311 6.08151
0.652 0.00314 6.08699
0.652 0.00317 6.08217
0.652 0.0032 6.07862
0.652 0.00323 6.09045
0.652 0.00326 6.13387
0.652 0.00329 6.22676
0.652 0.00332 6.3882
0.652 0.00335 6.63803
0.652 0.00338 6.99639
0.652 0.00341 7.48336
0.652 0.00344 8.11851
0.652 0.00347 8.92066
0.66 0.002 130.326
0.66 0.00203 120.102
0.66 0.00206 110.304
0.66 0.00209 100.947
0.66 0.00212 92.0415
0.66 0.00215 83.5993
0.66 0.00218 75.6283
0.66 0.00221 68.1349
0.66 0.00224 61.1231
0.66 0.00227 54.5943
0.66 0.0023 48.5476
0.66 0.00233 42.9793
0.66 0.00236 37.8834
0.66 0.00239 33.2508
0.66 0.00242 29.07
0.66 0.00245 25.3267
0.66 0.00248 22.0043
0.66 0.00251 19.0836
0.66 0.00254 16.5431
0.66 0.00257 14.3593
0.66 0.0026 12.507
0.66 0.00263 10.9596
0.66 0.00266 9.68906
0.66 0.00269 8.66697
0.66 0.00272 7.86441
0.66 0.00275 7.25268
0.66 0.00278 6.80364
0.66 0.00281 6.49026
0.66 0.00284 6.287
0.66 0.00287 6.1703
0.66 0.0029 6.11896
0.66 0.00293 6.11448
0.66 0.00296 6.14137
0.66 0.00299 6.18735
0.66 0.00302 6.24351
0.66 0.00305 6.30436
0.66 0.00308 6.36784
0.66 0.00311 6.43519
0.66 0.00314 6.5108
0.66 0.00317 6.60195
0.66 0.0032 6.71854
0.66 0.00323 6.87272
0.66 0.00326 7.07853
0.66 0.00329 7.35153
0.66 0.00332 7.70833
0.66 0.00335 8.16626
0.66 0.00338 8.74295
0.66 0.00341 9.45596
0.66 0.00344 10.3225
0.66 0.00347 11.359
0.668 0.002 136.444
0.668 0.00203 126.24
0.668 0.00206 116.445
0.668 0.00209 107.075
0.668 0.00212 98.1412
0.668 0.00215 89.6531
0.668 0.00218 81.619
0.668 0.00221 74.0451
0.668 0.00224 66.9353
0.668 0.00227 60.2911
0.668 0.0023 54.1118
0.668 0.00233 48.3943
0.668 0.00236 43.1329
0.668 0.00239 38.3196
0.668 0.00242 33.9437
0.668 0.00245 29.9923
0.668 0.00248 26.4501
0.668 0.00251 23.2995
0.668 0.00254 20.521
0.668 0.00257 18.0932
0.668 0.0026 15.9933
0.668 0.00263 14.1968
0.668 0.00266 12.6785
0.668 0.00269 11.4126
0.668 0.00272 10.373
0.668 0.00275 9.53366
0.668 0.00278 8.86929
0.668 0.00281 8.35547
0.668 0.00284 7.96919
0.668 0.00287 7.6892
0.668 0.0029 7.49638
0.668 0.00293 7.374
0.668 0.00296 7.30801
0.668 0.00299 7.28719
0.668 0.00302 7.30331
0.668 0.00305 7.35118
0.668 0.00308 7.42858
0.668 0.00311 7.53623
0.668 0.00314 7.67763
0.668 0.00317 7.85883
0.668 0.0032 8.08818
0.668 0.00323 8.37603
0.668 0.00326 8.73442
0.668 0.00329 9.17672
0.668 0.00332 9.71727
0.668 0.00335 10.371
0.668 0.00338 11.1533
0.668 0.00341 12.0793
0.668 0.00344 13.164
0.668 0.00347 14.4217
0.676 0.002 142.945
0.676 0.00203 132.768
0.676 0.00206 122.987
0.676 0.00209 113.615
0.676 0.00212 104.661
0.676 0.00215 96.1375
0.676 0.00218 88.0507
0.676 0.00221 80.407
0.676 0.00224 73.2103
0.676 0.00227 66.4621
0.676 0.0023 60.1622
0.676 0.00233 54.3078
0.676 0.00236 48.8938
0.676 0.00239 43.913
0.676 0.00242 39.3559
0.676 0.00245 35.2106
0.676 0.00248 31.4633
0.676 0.00251 28.0981
0.676 0.00254 25.0973
0.676 0.00257 22.4414
0.676 0.0026 20.1098
0.676 0.00263 18.0805
0.676 0.00266 16.3307
0.676 0.00269 14.837
0.676 0.00272 13.5759
0.676 0.00275 12.5242
0.676 0.00278 11.6589
0.676 0.00281 10.9582
0.676 0.00284 10.4013
0.676 0.00287 9.96926
0.676 0.0029 9.64471
0.676 0.00293 9.41261
0.676 0.00296 9.26021
0.676 0.00299 9.17728
0.676 0.00302 9.1562
0.676 0.00305 9.19202
0.676 0.00308 9.2824
0.676 0.00311 9.42758
0.676 0.00314 9.63023
0.676 0.00317 9.89527
0.676 0.0032 10.2296
0.676 0.00323 10.642
0.676 0.00326 11.1426
0.676 0.00329 11.7427
0.676 0.00332 12.4546
0.676 0.00335 13.2912
0.676 0.00338 14.2654
0.676 0.00341 15.3904
0.676 0.00344 16.679
0.676 0.00347 18.1434
0.684 0.002 149.831
0.684 0.00203 139.693
0.684 0.00206 129.936
0.684 0.00209 120.571
0.684 0.00212 111.61
0.684 0.00215 103.061
0.684 0.00218 94.9331
0.684 0.00221 87.2315
0.684 0.00224 79.9601
0.684 0.00227 73.1208
0.684 0.0023 66.7134
0.684 0.00233 60.7357
0.684 0.00236 55.1833
0.684 0.00239 50.0498
0.684 0.00242 45.3266
0.684 0.00245 41.0031
0.684 0.00248 37.0668
0.684 0.00251 33.5036
0.684 0.00254 30.2972
0.684 0.00257 27.4305
0.684 0.0026 24.8845
0.684 0.00263 22.6397
0.684 0.00266 20.6755
0.684 0.00269 18.971
0.684 0.00272 17.505
0.684 0.00275 16.2567
0.684 0.00278 15.2057
0.684 0.00281 14.3322
0.684 0.00284 13.6177
0.684 0.00287 13.0452
0.684 0.0029 12.599
0.684 0.00293 12.2656
0.684 0.00296 12.0335
0.684 0.00299 11.8933
0.684 0.00302 11.8379
0.684 0.00305 11.8627
0.684 0.00308 11.9651
0.684 0.00311 12.1449
0.684 0.00314 12.4042
0.684 0.00317 12.7466
0.684 0.0032 13.178
0.684 0.00323 13.7054
0.684 0.00326 14.3374
0.684 0.00329 15.0835
0.684 0.00332 15.9539
0.684 0.00335 16.9596
0.684 0.00338 18.1115
0.684 0.00341 19.4207
0.684 0.00344 20.898
0.684 0.00347 22.5539
0.692 0.002 157.107
0.692 0.00203 147.019
0.692 0.00206 137.296
0.692 0.00209 127.95
0.692 0.00212 118.992
0.692 0.00215 110.431
0.692 0.00218 102.275
0.692 0.00221 94.528
0.692 0.00224 87.1953
0.692 0.00227 80.2786
0.692 0.0023 73.778
0.692 0.00233 67.6919
0.692 0.00236 62.0164
0.692 0.00239 56.746
0.692 0.00242 51.873
0.692 0.00245 47.3881
0.692 0.00248 43.2802
0.692 0.00251 39.5364
0.692 0.00254 36.1426
0.692 0.00257 33.0829
0.692 0.0026 30.3409
0.692 0.00263 27.8987
0.692 0.00266 25.7381
0.692 0.00269 23.8403
0.692 0.00272 22.1866
0.692 0.00275 20.7583
0.692 0.00278 19.537
0.692 0.00281 18.5052
0.692 0.00284 17.6464
0.692 0.00287 16.9452
0.692 0.0029 16.3877
0.692 0.00293 15.9617
0.692 0.00296 15.6566
0.692 0.00299 15.4641
0.692 0.00302 15.3774
0.692 0.00305 15.392
0.692 0.00308 15.5055
0.692 0.00311 15.7171
0.692 0.00314 16.0282
0.692 0.00317 16.4416
0.692 0.0032 16.9619
0.692 0.00323 17.5947
0.692 0.00326 18.3471
0.692 0.00329 19.2269
0.692 0.00332 20.2427
0.692 0.00335 21.4034
0.692 0.00338 22.7182
0.692 0.00341 24.1964
0.692 0.00344 25.8469
0.692 0.00347 27.6783
