0.026	546702.7597404022	1.4106981543602455e8	0	1.0850975721957244e6	1.309278877664396e8	0
0.035888	743135.0838391759	2.0277929875170356e8	0	1.5756933485207208e6	1.940936006051667e8	0
0.045776	967538.5370230029	2.6371638745510808e8	0	2.154096605266649e6	2.6653539551582783e8	0
0.055664000000000005	1.2102872854260514e6	3.1375241723928845e8	0	2.7879570527049904e6	3.4186593058119565e8	0
0.065552	1.4590294087755252e6	3.452915764509859e8	0	3.4353522491304465e6	4.12958727768382e8	0
0.07544000000000001	1.7003200686132996e6	3.554236370954689e8	0	4.0528228990268307e6	4.7369631869909835e8	0
0.085328	1.9214277549512696e6	3.460035294417489e8	0	4.603434814534094e6	5.2026970955480164e8	0
0.095216	2.111931689702222e6	3.221077166422005e8	0	5.062689043001654e6	5.516770069273324e8	0
0.105104	2.264820492875768e6	2.8994831345942533e8	0	5.421160389174092e6	5.694579670855508e8	0
0.11499200000000001	2.3769579633415453e6	2.551827898840054e8	0	5.683971230783063e6	5.769677640870094e8	0
0.12488	2.4489431112682484e6	2.2202710244893557e8	0	5.86809263624945e6	5.785583279270873e8	0
0.134768	2.5171672272273065e6	1.9835092689987448e8	0	6.109973591220005e6	5.983429540219418e8	0
0.144656	2.550039049406667e6	1.783131671847141e8	0	6.315675122961756e6	6.192610688648589e8	0
0.15454400000000001	2.54334977164502e6	1.61713570837995e8	0	6.479271953248765e6	6.399368111275995e8	0
0.164432	2.4969317033352694e6	1.4860186242559615e8	0	6.603895252437258e6	6.603173158899808e8	0
0.17432	2.4124891467545927e6	1.3896890310073385e8	0	6.693962043787766e6	6.803511428460268e8	0
0.184208	2.2483015324544054e6	1.384398786095335e8	0	6.760723341740807e6	7.002398049836005e8	0
0.19409600000000002	2.0611803685735315e6	1.4159978082916486e8	0	6.804499061924829e6	7.196988063839229e8	0
0.20398400000000003	1.8797770943935295e6	1.4587283753135508e8	0	6.828397904503646e6	7.385307568704624e8	0
0.213872	1.7154878451413554e6	1.501100932374987e8	0	6.837346655154979e6	7.565978096832051e8	0
0.22376000000000001	1.5758754668779687e6	1.5303194841888306e8	0	6.836423283255377e6	7.737579673216916e8	0
0.23364800000000002	1.5076908685075047e6	1.4522799654467663e8	0	6.858454505536354e6	7.892757358681358e8	0
0.243536	1.4679454185088868e6	1.3452101827863905e8	0	6.880119273135654e6	8.035917881860706e8	0
0.25342400000000004	1.444158200921039e6	1.2366956546139623e8	0	6.893691718725064e6	8.168465600346274e8	0
0.26331200000000005	1.432723064613299e6	1.1361795378814343e8	0	6.896497153709599e6	8.290859354712101e8	0
0.27320000000000005	1.4304995042969978e6	1.050318665740471e8	0	6.885899865737201e6	8.403660390930122e8	0
0.28308800000000006	1.4297347546976607e6	1.0082646765723786e8	0	6.847154753037489e6	8.518994486530571e8	0
0.29297600000000007	1.4308594426827054e6	9.952526878902572e7	0	6.7863267893487215e6	8.630155800312405e8	0
0.302864	1.4356141662916276e6	9.936971754461491e7	0	6.712734798875672e6	8.726943621952667e8	0
0.31275200000000003	1.4429529077201076e6	1.0013602802395827e8	0	6.62860442181888e6	8.805627563878293e8	0
0.32264000000000004	1.4518262375208065e6	1.0162393215796721e8	0	6.536125795315062e6	8.862463038801799e8	0
0.33252800000000005	1.4606090401613615e6	1.0356548737232883e8	0	6.436458749890201e6	8.865131692804812e8	0
0.34241600000000005	1.4685372709343533e6	1.0580079907103877e8	0	6.332266490037433e6	8.827608422429997e8	0
0.35230400000000006	1.475084902459279e6	1.0819286474599673e8	0	6.226495498941471e6	8.777073755342357e8	0
0.36219200000000007	1.4793518778843444e6	1.1054090209181415e8	0	6.121313695066059e6	8.72193983962576e8	0
0.3720800000000001	1.480436383763482e6	1.1262661560090241e8	0	6.018748796387669e6	8.670435463888927e8	0
0.3819680000000001	1.4726304067920814e6	1.1323583364177136e8	0	5.929386262943393e6	8.667833285557553e8	0
0.39185600000000004	1.4586948160953524e6	1.1284316329959244e8	0	5.848341621568359e6	8.694821324827625e8	0
0.40174400000000005	1.4419446868776842e6	1.1206678581909603e8	0	5.7700321691029435e6	8.7279325542074e8	0
0.41163200000000005	1.4233040257613056e6	1.1104897475083981e8	0	5.693265622996949e6	8.761909094524615e8	0
0.42152000000000006	1.4036637973274e6	1.0992939635152246e8	0	5.616911355490063e6	8.791414981838719e8	0
0.43140800000000007	1.3840110914833832e6	1.0934890782524295e8	0	5.536307827215192e6	8.794047993126723e8	0
0.4412960000000001	1.3650729028302992e6	1.0916583610832718e8	0	5.452455981719296e6	8.773328650739274e8	0
0.4511840000000001	1.3474492926695393e6	1.0891471147808242e8	0	5.368586034287115e6	8.743965077072529e8	0
0.46107200000000004	1.331810108717683e6	1.0851280913077934e8	0	5.285166912441098e6	8.70792006828399e8	0
0.47096000000000005	1.3187985351550933e6	1.0787909281938682e8	0	5.2026399217003e6	8.667143986988801e8	0
0.48084800000000005	1.3157192017069275e6	1.0630055786327422e8	0	5.125085732542192e6	8.62323608511094e8	0
0.49073600000000006	1.3184100725802975e6	1.0418180785621347e8	0	5.050145623771795e6	8.578325518489867e8	0
0.5006240000000001	1.3222498181729144e6	1.0196100442474589e8	0	4.975305307911101e6	8.534525639173034e8	0
0.5105120000000001	1.325694644846091e6	9.976950786141986e7	0	4.899813276032074e6	8.493759126171057e8	0
0.5204000000000001	1.3271858676651584e6	9.772793076029095e7	0	4.822965707130553e6	8.457913726153574e8	0
0.5302880000000001	1.3218911249853596e6	9.619205379860151e7	0	4.741101278366451e6	8.439634456879876e8	0
0.5401760000000001	1.3054764237969243e6	9.547329851725997e7	0	4.651147216662607e6	8.450361523791039e8	0
0.5500640000000001	1.2862593350040917e6	9.495092692375316e7	0	4.561465088998216e6	8.459996389168878e8	0
0.5599520000000001	1.265193090674287e6	9.456078017739509e7	0	4.473483318498682e6	8.462490655769771e8	0
0.5698400000000001	1.243186981927682e6	9.424047061861064e7	0	4.388521875323941e6	8.451801008926393e8	0
0.579728	1.2221883108539095e6	9.382415181515431e7	0	4.312130476122846e6	8.404495511943958e8	0
0.589616	1.2033366321359829e6	9.321477415698646e7	0	4.246791819537749e6	8.308903169906342e8	0
0.599504	1.1849337676638959e6	9.258803375803323e7	0	4.183873829686372e6	8.19900917570186e8	0
0.609392	1.1670554495097534e6	9.195105355054575e7	0	4.1218983259348264e6	8.080450147776004e8	0
0.61928	1.149772542042076e6	9.131077531667729e7	0	4.059472642483844e6	7.958608254310715e8	0
0.6291680000000001	1.1336437940244286e6	9.071239772216402e7	0	3.990410518632732e6	7.844563854346914e8	0
0.6390560000000001	1.1188352238514486e6	9.017147431147484e7	0	3.9125381922652978e6	7.744367651097361e8	0
0.6489440000000001	1.1043989005228947e6	8.961560754678988e7	0	3.834721282874947e6	7.650304059927647e8	0
0.6588320000000001	1.0901288749953099e6	8.902944957240845e7	0	3.758438680210108e6	7.56350255682712e8	0
0.6687200000000001	1.0758295947863918e6	8.839808734266971e7	0	3.685053830650749e6	7.485049897258492e8	0
0.6786080000000001	1.060644029578631e6	8.762638561700113e7	0	3.6200531016224883e6	7.422308987567033e8	0
0.6884960000000001	1.0435899917719676e6	8.660182586242618e7	0	3.569669197957893e6	7.384129619811198e8	0
0.6983840000000001	1.0266663753563466e6	8.557119460727912e7	0	3.5214041117353197e6	7.351323707983457e8	0
0.7082720000000001	1.0101884273605723e6	8.458035088711584e7	0	3.4733620714141387e6	7.320287052734838e8	0
0.7181600000000001	994451.2427202258	8.367306080734488e7	0	3.423749440644171e6	7.287480092366611e8	0
0.7280480000000001	979731.5511043029	8.289132088691637e7	0	3.3708781045451425e6	7.24942785701056e8	0
0.7379360000000001	967404.5834689647	8.265653754259802e7	0	3.299102122803504e6	7.194063401380756e8	0
0.747824	956273.7164123269	8.252099079998569e7	0	3.2254589698544275e6	7.129305937108579e8	0
0.757712	946292.9844775498	8.24233758775499e7	0	3.1521878863344076e6	7.054358250136242e8	0
0.7676000000000001	937442.4140153105	8.231039229348706e7	0	3.081076159555321e6	6.968341533163381e8	0
0.7774880000000001	930346.3730316245	8.20769171899024e7	0	3.0163134381446196e6	6.865700962645109e8	0
0.7873760000000001	926645.6591849783	8.153587858599335e7	0	2.9658068756823246e6	6.73376830836333e8	0
0.7972640000000001	923098.8922910496	8.090003120209283e7	0	2.9179990203565806e6	6.596290448467997e8	0
0.8071520000000001	918926.1237541655	8.018349930662212e7	0	2.871357027676722e6	6.458208524857357e8	0
0.8170400000000001	913362.395599613	7.940025046051359e7	0	2.8244437971752556e6	6.324081034949758e8	0
0.8269280000000001	903783.9252634879	7.855347891194054e7	0	2.773231006382327e6	6.205099044210392e8	0
0.8368160000000001	886572.1192460146	7.764005554621702e7	0	2.712375806083032e6	6.115932395211105e8	0
0.8467040000000001	868271.0674837605	7.671277441126703e7	0	2.650966508045195e6	6.033632882572666e8	0
0.8565920000000001	849923.7465279693	7.579321657413778e7	0	2.5901965120873097e6	5.955706278885604e8	0
0.8664800000000001	832490.9883837766	7.490195286420959e7	0	2.5311554123167777e6	5.879789522217267e8	0
0.8763680000000001	818450.2717944777	7.411585560533255e7	0	2.4757741158120967e6	5.801512918566309e8	0
0.8862560000000002	811129.4569096004	7.354462192959982e7	0	2.426396667587122e6	5.715421960932404e8	0
0.896144	805463.7357216302	7.299538585817838e7	0	2.3803842337841704e6	5.627361387770362e8	0
0.9060320000000001	800935.6372355374	7.243778038085942e7	0	2.3377792338318685e6	5.537176092570688e8	0
0.9159200000000001	797045.1360283138	7.184236787175693e7	0	2.2986231741461763e6	5.444731095169226e8	0
0.9258080000000001	793226.9140593369	7.117102663224797e7	0	2.263243091055896e6	5.349715983112557e8	0
0.9356960000000001	787090.5234580921	7.015803501150922e7	0	2.2386752250799807e6	5.247249565229656e8	0
0.9455840000000001	780731.2542526766	6.91006766582832e7	0	2.215535377171782e6	5.14379673040993e8	0
0.9554720000000001	774177.083777151	6.803345116851242e7	0	2.1921820797133683e6	5.04043272346011e8	0
0.9653600000000001	767455.4019618037	6.698886885095556e7	0	2.1670429900582787e6	4.9381543047506416e8	0
0.9752480000000001	760584.8717606367	6.5997668931904614e7	0	2.13843062061434e6	4.8378478000453043e8	0
0.9851360000000001	752997.0950006525	6.510250224350823e7	0	2.091000860764652e6	4.737958459195709e8	0
0.9950240000000001	745462.9290516125	6.43131707379499e7	0	2.0412557608848405e6	4.6423161821406806e8	0
1.004912	738142.7300781691	6.365282985229983e7	0	1.991130566064206e6	4.552146427229862e8	0
1.0148000000000001	731190.5985043258	6.3144199787750155e7	0	1.942388501870614e6	4.4685784713434607e8	0
1.024688	724754.9980435289	6.281011140994843e7	0	1.8966248673226025e6	4.3926624517481464e8	0
1.0345760000000002	719828.8376839457	6.3003379462001815e7	0	1.8623368051037127e6	4.341507822091993e8	0
1.044464	715769.5974742483	6.345282722521217e7	0	1.8341897350458703e6	4.301038343199942e8	0
1.0543520000000002	712142.8150880232	6.396130569471849e7	0	1.8087886743679799e6	4.261425873440489e8	0
1.06424	708827.9624027438	6.44489302883483e7	0	1.7854004606445276e6	4.218918499065013e8	0
1.0741280000000002	705707.1763946968	6.483342923366607e7	0	1.7633332546137678e6	4.169918644679459e8	0
1.084016	704239.4464216519	6.463821657417245e7	0	1.7404986035620891e6	4.092092683295183e8	0
1.0939040000000002	702806.6719121806	6.415579789701921e7	0	1.7176673611110374e6	4.0010367328881913e8	0
1.103792	700406.2319891304	6.353060221858999e7	0	1.6950391371614833e6	3.9044600704512477e8	0
1.1136800000000002	696466.6679767801	6.280218521531547e7	0	1.672437177136282e6	3.804779432760831e8	0
1.1235680000000001	690437.6908097091	6.200910539942314e7	0	1.6496941913858016e6	3.704219546281476e8	0
1.133456	677130.0905988544	6.1272623560559966e7	0	1.628040884969112e6	3.60506416463969e8	0
1.1433440000000001	659285.6701142001	6.057224876969615e7	0	1.606404074532637e6	3.5089483032118934e8	0
1.153232	641310.4699822424	5.9855139089797676e7	0	1.5832204883217614e6	3.417232126274644e8	0
1.1631200000000002	624411.2799827454	5.9123305084743224e7	0	1.5578774759515892e6	3.33128473280018e8	0
1.173008	609670.8208475955	5.837870570784898e7	0	1.5298141217793126e6	3.252333066635873e8	0
1.1828960000000002	603635.070663384	5.759054746851477e7	0	1.4924559941133521e6	3.192690226718956e8	0
1.192784	602502.7876513446	5.6789008426930085e7	0	1.4507980699042156e6	3.143587225716251e8	0
1.2026720000000002	603044.6690283426	5.600073928895126e7	0	1.4090637464392101e6	3.0975926982603186e8	0
1.21256	604392.9283104378	5.5237882773298874e7	0	1.36871629539116e6	3.0521929916383535e8	0
1.2224480000000002	605678.8099867586	5.451191886091499e7	0	1.331055751384452e6	3.005020023623956e8	0
1.232336	602493.5457942738	5.387785933528286e7	0	1.3047992978714544e6	2.9408083705436856e8	0
1.2422240000000002	597408.7764673367	5.330254475950682e7	0	1.283404673910575e6	2.870664012192565e8	0
1.2521120000000001	591546.9177615668	5.277197674963933e7	0	1.2638344132353796e6	2.799784914575445e8	0
1.2620000000000002	585123.7856949397	5.228369222144479e7	0	1.2450884478023998e6	2.7298231615286046e8	0
1.2718880000000001	578348.790270094	5.18353774360279e7	0	1.2262259607823861e6	2.6622741507175034e8	0
1.2817760000000002	571693.5843536485	5.1488247567294374e7	0	1.2021191504136126e6	2.6071913576268235e8	0
1.2916640000000001	565156.3916419472	5.119541582614421e7	0	1.1750799496482823e6	2.5593534459656373e8	0
1.301552	558689.0554239373	5.0900312343400225e7	0	1.1479824770578376e6	2.512493835589535e8	0
1.3114400000000002	552382.3935302241	5.058035616349657e7	0	1.121383511219819e6	2.46512214659679e8	0
1.321328	546323.1249269124	5.021356282640581e7	0	1.0957898113755786e6	2.415860763015503e8	0
1.3312160000000002	540750.4002391832	4.9708402857258566e7	0	1.0729676260254083e6	2.3600930118161044e8	0
1.341104	535751.0782193063	4.904192170188733e7	0	1.0533563957754145e6	2.2967025591910344e8	0
1.3509920000000002	531111.7949420018	4.832649938078217e7	0	1.0349257044488743e6	2.230965687475267e8	0
1.36088	526830.0765281896	4.757911599606698e7	0	1.0174407835011777e6	2.1635364479759586e8	0
1.3707680000000002	522903.959248832	4.681591973963104e7	0	1.000682383073816e6	2.0950260000397563e8	0
1.380656	519436.53103189735	4.609459707006675e7	0	984053.9187779546	2.0250543476942134e8	0
1.3905440000000002	516473.7359023016	4.544711325840828e7	0	967201.9397718161	1.9538075372711462e8	0
1.4004320000000001	513762.93053888524	4.478446028959175e7	0	950888.7308727677	1.8840191367232957e8	0
1.4103200000000002	511237.2121167907	4.409381669945411e7	0	935175.9885602149	1.8165770102169412e8	0
1.4202080000000001	508831.17834097164	4.336325638622605e7	0	920120.9659404567	1.7522409896333334e8	0
1.4300960000000003	506499.4729856447	4.252586634631396e7	0	906818.4325867742	1.693903908785439e8	0
1.4399840000000002	504177.7776596515	4.15787834740444e7	0	895210.623882258	1.6417579050521463e8	0
1.4498720000000003	501772.39443011483	4.0608638118530825e7	0	883575.5102775781	1.5924865442319983e8	0
1.4597600000000002	499213.0584338464	3.9633760769955255e7	0	871452.5755478134	1.5455557009644127e8	0
1.469648	496431.07887568	3.867092219948654e7	0	858407.6528301963	1.5004851829740438e8	0
1.4795360000000002	493611.74466056173	3.775840319797877e7	0	842144.053014736	1.4567062756241712e8	0
1.489424	490649.1954649848	3.690509147936548e7	0	822681.1280560107	1.4138630578170064e8	0
1.4993120000000002	487071.7079855299	3.608640098848636e7	0	802752.0123737737	1.3718293811162007e8	0
1.5092	482696.0436339273	3.530370195361977e7	0	782904.8508684513	1.3303543539923045e8	0
1.5190880000000002	477349.43523270776	3.455819835704311e7	0	763637.5429267961	1.289217339468363e8	0
1.5289760000000001	469123.2400879985	3.385086241671207e7	0	746530.8662503785	1.2466956891862193e8	0
1.5388640000000002	458568.89834815403	3.3182671682696838e7	0	731537.9096796067	1.2032915413387787e8	0
1.5487520000000001	447941.74724174844	3.255459277852613e7	0	717509.4232961987	1.1609218276449741e8	0
1.5586400000000002	437841.6625607707	3.1967435587042563e7	0	704344.237795004	1.1200136961967853e8	0
1.5685280000000001	428815.55936553166	3.142195877768571e7	0	691948.5253332244	1.0809322396599835e8	0
1.5784160000000003	422864.2033348335	3.096929561515297e7	0	680477.5719576948	1.0463845164422484e8	0
1.5883040000000002	419821.50828762597	3.0588006157591138e7	0	669741.6133004781	1.0154658109047714e8	0
1.5981920000000003	418373.93552351097	3.0218018299997404e7	0	659371.7576398334	9.85536452297432e7	0
1.6080800000000002	418438.4241122264	2.9840984380420644e7	0	649206.182926727	9.560054313367036e7	0
1.617968	419948.7809361223	2.9439474283374324e7	0	639092.7059282436	9.2635020967315e7	0
1.6278560000000002	424161.873521838	2.8943104000364345e7	0	628318.9431800978	8.94689332506729e7	0
1.637744	431807.3433442837	2.8311350714936018e7	0	616480.7891791551	8.600551568706822e7	0
1.6476320000000002	439695.7317913249	2.7661342861549553e7	0	604831.9813643371	8.255815066195334e7	0
1.65752	446883.8931606956	2.701068571905089e7	0	593575.4930768756	7.917000092662932e7	0
1.6674080000000002	452369.9775664683	2.637546556039349e7	0	582899.1238577883	7.587799065014608e7	0
1.6772960000000001	453139.18133694935	2.5794083827016655e7	0	573622.4551181541	7.276837392948791e7	0
1.6871840000000002	444913.42388755205	2.5317860155184668e7	0	566960.2353155602	6.99499319746981e7	0
1.6970720000000001	434342.99337733537	2.4869356520297337e7	0	560638.1262361376	6.723504892929031e7	0
1.7069600000000003	422336.8697901673	2.444162107623989e7	0	554284.9818876446	6.460454769894475e7	0
1.7168480000000002	409741.0619725553	2.402816565573973e7	0	547546.4039605776	6.204181940380502e7	0
1.7267360000000003	397358.9909930293	2.3622750234118618e7	0	540047.2257601926	5.9530616477976345e7	0
1.7366240000000002	388820.9591211687	2.320675112436006e7	0	528557.0018387246	5.6910722609473646e7	0
1.7465120000000003	380815.08020176896	2.279189418449359e7	0	516635.01424033765	5.437410536787959e7	0
1.7564000000000002	373262.0256459906	2.2376170625940256e7	0	504678.3610914496	5.1940832941588305e7	0
1.766288	366088.4531178332	2.1957731055262893e7	0	493050.3810312038	4.96271017204089e7	0
1.7761760000000002	359209.2975674782	2.1534698677485287e7	0	482101.42558322294	4.744654509140112e7	0
1.786064	350729.78937880223	2.1085315801745463e7	0	474264.50944301573	4.550093523906146e7	0
1.7959520000000002	342973.94349768513	2.0634578285008535e7	0	467055.74767351313	4.367446634766668e7	0
1.8058400000000001	336298.8086928786	2.0185905083335992e7	0	460248.352082848	4.195438338529803e7	0
1.8157280000000002	331037.81151712063	1.9742446183907494e7	0	453628.91863948235	4.0329276137145795e7	0
1.8256160000000001	327514.31666897447	1.9307087752492927e7	0	446996.101768071	3.8788926266813174e7	0
1.8355040000000002	331024.8133671435	1.8912766800312337e7	0	438985.17961795774	3.741204598979518e7	0
1.8453920000000001	335859.93841510545	1.8523246727134887e7	0	430908.48536980787	3.60760420971858e7	0
1.8552800000000003	341211.4167099124	1.8134051624432713e7	0	422867.1202279624	3.475602985413396e7	0
1.8651680000000002	346228.7322780092	1.7741113742811635e7	0	414954.03893705027	3.343077016378455e7	0
1.8750560000000003	350012.3474281428	1.734074744002664e7	0	407255.353510914	3.2082532155455288e7	0
1.8849440000000002	346508.69809641753	1.6881999197024666e7	0	400861.23552274524	3.0511327031574238e7	0
1.8948320000000003	340883.52950953075	1.6419918258763801e7	0	394635.00007863564	2.8940309134958487e7	0
1.9047200000000002	334221.2203431866	1.596822108043671e7	0	388291.40351273585	2.742050064404447e7	0
1.9146080000000003	327075.74806674244	1.5534880560785385e7	0	381657.98762462236	2.597765176509293e7	0
1.9244960000000002	319962.5730007247	1.5126990748375652e7	0	374575.27732460084	2.4631953164779775e7	0
1.934384	315353.75373890065	1.4808010356815303e7	0	364977.85409769916	2.3542235870503206e7	0
1.9442720000000002	311138.99031490966	1.4510283837255089e7	0	355214.2253932733	2.2530072280328415e7	0
1.9541600000000001	307263.5353961866	1.4226146567509085e7	0	345611.76409193565	2.1576731594988015e7	0
1.9640480000000002	303679.23688067065	1.3948608365713824e7	0	336461.1722204265	2.066634670083995e7	0
1.9739360000000001	300333.978960904	1.36708842042612e7	0	328036.5563529601	1.9784711698166188e7	0
1.9838240000000003	296365.5625073631	1.3347696445004083e7	0	322305.8462123836	1.8845000452211794e7	0
1.9937120000000002	292768.80381706567	1.3024215458098479e7	0	317269.52168629423	1.793780121066093e7	0
2.0036	289693.43044715043	1.2704210080343943e7	0	312750.92921000114	1.7069603246682998e7	0
2.013488	287284.5539787096	1.2391101516105875e7	0	308584.99174603133	1.62455099763605e7	0
2.0233760000000003	285685.8185088665	1.2087977044198135e7	0	304616.0485454755	1.5469401478346467e7	0
2.033264	287151.14812689275	1.1811608129221262e7	0	299663.19052023283	1.4767899758967925e7	0
2.043152	289616.59576380503	1.1549008275838977e7	0	294713.4169458765	1.4115621152493369e7	0
2.05304	292421.9684781905	1.1297259384480417e7	0	290026.0655138792	1.3505665309139375e7	0
2.062928	295190.85655349237	1.105551969224333e7	0	285705.9088520442	1.293492445106403e7	0
2.072816	297532.79887905106	1.0823003244339455e7	0	281851.87952556513	1.2400549415403323e7	0
2.082704	297872.34545528394	1.0613852459504854e7	0	279642.48088059743	1.1920797836957127e7	0
2.092592	296185.19251549424	1.0421894473182177e7	0	278808.16401501116	1.148452227256676e7	0
2.10248	293752.57858910103	1.0225688263698276e7	0	277919.20971950097	1.1060766666502852e7	0
2.112368	290722.907498924	1.0018993809078572e7	0	276608.30551894015	1.0640945794802612e7	0
2.122256	287243.40962301655	9.796135398050308e6	0	274516.38281388726	1.0217766027107922e7	0
2.132144	284122.3753216153	9.511968105432386e6	0	269663.28710571484	9.745458218144689e6	0
2.142032	281247.0704301891	9.179428197659729e6	0	262395.6941554589	9.238211858090146e6	0
2.15192	277847.28729595145	8.848984127138091e6	0	254669.22377819417	8.745394962990843e6	0
2.161808	273767.995120809	8.532255166834839e6	0	246900.36079930014	8.276637444950667e6	0
2.171696	268868.7504224585	8.239236605762826e6	0	239460.06885201976	7.839503609194868e6	0
2.181584	261776.81555757934	8.019175934852175e6	0	233940.2491262297	7.470415770601504e6	0
2.191472	252979.4368008053	7.861256315570722e6	0	230070.18471138718	7.1582049700671e6	0
2.20136	244000.98491810565	7.721329935854194e6	0	226521.34644956223	6.868251860512837e6	0
2.211248	235230.46839202868	7.59117926283628e6	0	223072.27310908554	6.594091047100539e6	0
2.221136	227004.5291708092	7.463154136299245e6	0	219514.88835875687	6.330153317126932e6	0
2.231024	220295.95773243363	7.314327149103199e6	0	214845.17219838803	6.059348599268842e6	0
2.240912	215129.35380288863	7.143143966826312e6	0	209147.35401629182	5.782358218212771e6	0
2.2508	210745.38726929223	6.966814948704998e6	0	203450.6075382221	5.513694769498876e6	0
2.260688	207095.39988436358	6.7864466905229e6	0	197939.39877657354	5.254738807907797e6	0
2.270576	204138.77544735782	6.603092014206741e6	0	192778.65237013178	5.006592507622345e6	0
2.280464	202429.69792939458	6.406588983294308e6	0	188669.37607512026	4.773482035910549e6	0
2.290352	201695.63655009482	6.203245945584373e6	0	185495.03716246202	4.554266557852504e6	0
2.30024	201205.21260242796	6.007310928631872e6	0	182717.5942105079	4.345386954761953e6	0
2.310128	200704.03377566117	5.823229238637881e6	0	180256.8598372755	4.1461701421546466e6	0
2.320016	199940.52227330685	5.654888177326124e6	0	178038.02182375971	3.955999546954959e6	0
2.329904	197892.3459795104	5.518399374451693e6	0	176026.94407948875	3.7701177029354353e6	0
2.339792	194003.547137407	5.42183728637074e6	0	174172.10538548706	3.5867565962357726e6	0
2.34968	189913.25453151955	5.338142692234827e6	0	172322.82156653833	3.4153303397608385e6	0
2.359568	185872.36205894846	5.263245072545677e6	0	170396.24523710116	3.257170387113692e6	0
2.369456	182111.46971817387	5.193332040299167e6	0	168313.347436353	3.1132810450330134e6	0
2.379344	179491.3881523908	5.123126891563974e6	0	165555.40815679033	2.9952996091705337e6	0
2.3892320000000002	178400.89917051146	5.048746839721213e6	0	161935.53267974025	2.9061407514751037e6	0
2.39912	177715.69418150443	4.97040426639885e6	0	158302.15124935805	2.8242387668476994e6	0
2.409008	177290.62524016068	4.885955148616453e6	0	154819.83166879206	2.7452982059387984e6	0
2.418896	176983.56224604207	4.793435502501412e6	0	151638.92875432005	2.6654832175439135e6	0
2.428784	176603.2188300728	4.689738258755448e6	0	149001.98024974478	2.5800092316318713e6	0
2.438672	175159.21978760912	4.551198271466696e6	0	148782.70212423828	2.463533212606692e6	0
2.44856	173693.54737830584	4.408370098638469e6	0	148693.80712677608	2.346513781503195e6	0
2.458448	172294.09629935637	4.2654299221653845e6	0	148418.6038256198	2.2318813050599964e6	0
2.468336	171045.97918835736	4.1260774476014767e6	0	147643.3217774696	2.1220623933366993e6	0
2.478224	170103.23141365696	3.9946097475062762e6	0	145850.0456421863	2.020115127463022e6	0
2.488112	170348.50999496397	3.8853580093415994e6	0	140427.14547426454	1.9392899437547612e6	0
2.498	170728.63211870042	3.7837527697461257e6	0	134620.47778177605	1.8631243878515954e6	0
2.507888	171086.5058508336	3.6890378217863534e6	0	128866.33630027321	1.7898762201895379e6	0
2.517776	171263.83124210982	3.600524179457393e6	0	123534.67099178412	1.718049804251245e6	0
2.527664	171036.13963068707	3.51766587106651e6	0	119272.56204862939	1.6451888602447656e6	0
2.5375520000000003	169898.93215893314	3.4403161441133483e6	0	118083.63760368615	1.5643752192707837e6	0
2.54744	168244.4828330666	3.367255910055345e6	0	117474.9055696498	1.4846605334568587e6	0
2.557328	166048.7203316023	3.2978667335889693e6	0	117184.80164167279	1.4069644406770838e6	0
2.567216	163294.61171132108	3.2315768843666874e6	0	116958.79202336178	1.3320405719769257e6	0
2.577104	159973.07623880994	3.1678565153776202e6	0	116545.21739507772	1.2604882797892974e6	0
2.586992	155086.92566464658	3.1033663189736563e6	0	114140.38547469783	1.1965333294922542e6	0
2.59688	149901.28503116214	3.0411794787327456e6	0	111433.54899406363	1.1356256960561753e6	0
2.606768	144774.63424738921	2.981873197029192e6	0	108773.99691731404	1.0768574139695992e6	0
2.616656	139931.68472160946	2.9257121918197046e6	0	106337.15344579074	1.01980585712723e6	0
2.626544	135805.82678466127	2.8745561616618405e6	0	104527.38144162399	962301.0624193738	0
2.636432	133225.66477477126	2.833161251921272e6	0	104188.69331043988	899436.9362780612	0
2.6463200000000002	131082.59183900862	2.79312578322386e6	0	104176.21937778471	840843.7187196512	0
2.656208	129262.43822307415	2.752747352439726e6	0	104343.2933486121	787857.7355086231	0
2.666096	127659.29299952008	2.7104214621423637e6	0	104543.94864541282	741432.1539905452	0
2.675984	126097.85560846052	2.6617957331920317e6	0	104564.64392894786	704015.6268284251	0
2.6858720000000003	124205.15696458773	2.5951586069158604e6	0	104008.1282462313	682347.3339469213	0
2.69576	122367.98026878297	2.527371946740018e6	0	103152.86750157207	665834.7372945669	0
2.705648	120596.66190980724	2.4607813980931616e6	0	101953.38331238636	653211.1354548776	0
2.715536	118900.91772252577	2.397497011728975e6	0	100369.786021472	643361.875062695	0
2.725424	117289.90798110669	2.3394125970885092e6	0	98369.41282614757	635272.5721243167	0
2.735312	115975.73195700177	2.303157012414116e6	0	95215.17885097508	628768.8057633175	0
2.7452	114721.60733022176	2.272221298279796e6	0	91781.04239986933	622018.8474536291	0
2.755088	113472.08915809535	2.2436189419858907e6	0	88274.1924897758	613919.754347998	0
2.764976	112188.30586369731	2.2155579400676e6	0	84829.79951899854	603486.4126840284	0
2.774864	110833.1878670761	2.1863355648965924e6	0	81563.71488125215	589825.4761887271	0
2.784752	109153.85869484975	2.1445128923621783e6	0	78741.37888301848	565623.2780550004	0
2.7946400000000002	107370.47806016936	2.1000613266817997e6	0	76246.55907227399	538269.6134619534	0
2.804528	105528.116790311	2.0549753128708648e6	0	74099.5805886832	509562.45834725956	0
2.814416	103649.04537673239	2.0101949101196763e6	0	72334.73811295578	480492.4353788054	0
2.824304	101754.24877522897	1.966582953700481e6	0	70985.74357043063	451891.16869035107	0
2.8341920000000003	99760.0809342738	1.93040692839384e6	0	70667.08024416876	426410.2976692158	0
2.84408	97787.9760801723	1.8969223474552254e6	0	70862.52210624197	402434.5908135614	0
2.853968	95912.75753948606	1.863724451178098e6	0	71293.31742595478	379338.4709729329	0
2.863856	94176.17107760014	1.830036319112665e6	0	71845.09758121379	357092.7290795685	0
2.8737440000000003	92617.03870265328	1.7951385019805e6	0	72401.0537480624	335672.8541688232	0
2.883632	91531.6519730403	1.7515845783687478e6	0	72468.89387785626	312032.78702352126	0
2.89352	90733.10556945796	1.7047982288224704e6	0	72235.95018193996	289123.3116321455	0
2.903408	90054.6018217785	1.6594797377869613e6	0	71878.5862978553	269061.5525004115	0
2.913296	89446.9584617759	1.6171047372794067e6	0	71410.49885085007	252319.45430879443	0
2.923184	88862.52536313588	1.5789984451729762e6	0	70845.62455800196	239235.31717036926	0
2.933072	88047.61942419928	1.5528540811044674e6	0	70279.46011424345	238743.2712212537	0
2.9429600000000002	87169.15809268941	1.5330916352005778e6	0	69642.40337998896	242449.96456796676	0
2.952848	86290.11345588914	1.517595067852539e6	0	68906.17752367027	246598.7728621617	0
2.962736	85426.57576641346	1.50576726252125e6	0	68061.60963147462	249270.50917356843	0
2.972624	84593.99619634208	1.4970550577015486e6	0	67100.61424375819	248482.32173579192	0
2.9825120000000003	84081.25381798316	1.4930064474069492e6	0	66136.76489369555	230755.85453904246	0
2.9924	83662.42016894462	1.491331594688636e6	0	65056.37208501427	206670.96128134412	0
3.002288	83166.56473208473	1.490147198462321e6	0	63774.76894963544	183165.38732544036	0
3.012176	82525.02883355605	1.4883309304429993e6	0	62257.23961273058	161898.64632651667	0
3.0220640000000003	81671.90327997356	1.4847666265147454e6	0	60475.92172433431	143839.28901212456	0
3.031952	80066.67566290683	1.4703279417842797e6	0	57960.18781486898	132968.61512510246	0
3.04184	77926.31474935185	1.4482861155108304e6	0	54983.22731904559	127144.70437527115	0
3.051728	75734.23852609217	1.426563211395416e6	0	52037.0362282023	123017.70113674048	0
3.061616	73609.09008032177	1.4071221477189919e6	0	49246.75798016792	120106.85797783613	0
3.071504	71656.72811098747	1.3918240369662805e6	0	46711.77690076415	118007.48139588644	0
3.081392	70316.37188832402	1.3911884908733626e6	0	44758.65074913509	115702.0799376091	0
3.0912800000000002	69632.15251809362	1.406435719560646e6	0	43404.17870425933	112947.29390907094	0
3.101168	69117.38994896653	1.4249653794635301e6	0	42298.67797378772	110525.88477059291	0
3.111056	68699.65170453537	1.4442815561106505e6	0	41402.66163188756	108436.30289524593	0
3.120944	68308.85267104482	1.4617569177323263e6	0	40681.92239899202	106678.5150105325	0
3.1308320000000003	67696.61107796706	1.4680652286831683e6	0	40105.540729831446	105659.39104468634	0
3.14072	66794.16058404768	1.460119934704589e6	0	39646.25535133684	105392.93785240475	0
3.150608	65864.52043829237	1.4472472493494877e6	0	39280.23747153582	105154.2408648171	0
3.160496	64937.638735030676	1.4304493963406745e6	0	38984.30403054594	104741.56284798578	0
3.1703840000000003	64041.843323778754	1.4107250143191514e6	0	38736.36215799202	103956.91518711823	0
3.180272	63327.450631966014	1.3881906960420196e6	0	38452.200769237155	101853.89327478397	0
3.19016	62874.11432325435	1.3634239180689454e6	0	38083.02555908607	97980.1012599326	0
3.2000480000000002	62425.83763206753	1.339249371742404e6	0	37751.47089432883	93933.28292155809	0
3.209936	61935.85085862512	1.3169485099151623e6	0	37474.122162429	89981.28438852388	0
3.219824	61358.91603496908	1.2977199386850316e6	0	37267.23597888313	86350.65727951964	0
3.229712	60566.41576817674	1.2838391704040875e6	0	37159.21090200615	83357.56076289254	0
3.2396000000000003	59105.700303652484	1.2820402657325834e6	0	37227.35588036503	81768.31025430148	0
3.249488	57607.566679549105	1.2847087047906788e6	0	37395.04786381457	80768.34746250662	0
3.259376	56159.653922197744	1.2913330839326822e6	0	37661.652757309144	80353.48293917986	0
3.269264	54841.09278797371	1.3014310093895183e6	0	38027.276263840584	80531.67569557542	0
3.2791520000000003	53723.78729570638	1.3145343434828343e6	0	38492.73882480181	81323.95154727735	0
3.28904	53537.54573031005	1.3411575284049748e6	0	39372.00338662288	84654.71646135132	0
3.298928	53633.9884534491	1.369451335168049e6	0	40345.92537639194	88691.09309266413	0
3.308816	53747.19064223596	1.3929792825302498e6	0	41248.02737504001	92454.57953710105	0
3.3187040000000003	53758.71854524865	1.407465042616239e6	0	41971.338452688295	95277.85125866745	0
3.328592	53550.426926608125	1.4086047468229532e6	0	42403.66377473766	96441.98046984278	0
3.33848	52209.55497136717	1.3621449747833905e6	0	41474.47369087601	90142.48323949306	0
3.3483680000000002	50673.92318116543	1.3048522712545125e6	0	40326.41013786454	82896.03969690952	0
3.358256	49067.059797536844	1.2424755833859118e6	0	39139.587252802274	75705.05725641442	0
3.368144	47491.47090271512	1.1797226482453106e6	0	38065.86538249743	69259.25596694824	0
3.378032	46161.51151508758	1.123417206856933e6	0	37526.98085100232	64728.10297091267	0
3.3879200000000003	45487.01806646573	1.0841354548887492e6	0	38455.36595660665	64253.36405673605	0
3.397808	44915.02815752381	1.0497991005110391e6	0	39565.06216134482	64691.038381033904	0
3.407696	44385.618602295006	1.0200891595842512e6	0	40654.59314749713	65774.66467896124	0
3.417584	43841.85270034071	994737.4538186134	0	41500.3282060283	67245.06856689531	0
3.4274720000000003	43229.59532329973	973523.2426257064	0	41863.82161026422	68828.85184811978	0
3.43736	42134.48711795737	958218.7375949471	0	39701.973790498225	68390.51134780304	0
3.447248	40972.80506455414	946249.8680482676	0	37194.439955557624	67860.14553447718	0
3.457136	39801.19505537088	937001.7963567124	0	34689.749031967665	67470.87046399507	0
3.4670240000000003	38657.36555656209	929980.837530185	0	32402.583424609245	67380.40887544696	0
3.476912	37579.02216876996	924681.5363757613	0	30541.822327890073	67808.0438806108	0
3.4868	36721.59265932909	919350.7074282301	0	30687.977362232978	70832.46056061592	0
3.4966880000000002	35946.013005244575	915242.8215840072	0	31069.720217183432	74357.28515297045	0
3.506576	35248.62480875598	912268.2475491646	0	31487.350597714987	78079.96465415698	0
3.516464	34626.20609727142	910342.7142367531	0	31732.0798758277	81632.92921541695	0
3.526352	34075.94979625003	909386.3673822567	0	31590.648466129845	84583.49860070362	0
3.5362400000000003	33640.165682378305	912287.7074680229	0	29412.18509495821	84973.88925649319	0
3.546128	33268.21311684378	915830.9218673347	0	26779.95854395689	83913.68111224698	0
3.556016	32937.201896714665	918476.5341621118	0	24257.09622613111	81771.83501517435	0
3.565904	32634.083869263777	919274.961129294	0	22019.711223993345	78660.50136333363	0
3.5757920000000003	32346.3486518911	917281.6844587642	0	20180.221165642444	74722.25577781294	0
3.58568	32041.805443791694	903892.8846703394	0	19558.693505285417	69583.92138893266	0
3.595568	31732.098933333597	887218.7872536373	0	19317.17859720822	64104.11228761009	0
3.605456	31413.97358430779	869539.6053152387	0	19278.113863429477	58625.88183702892	0
3.6153440000000003	31081.980182700496	852114.1754819126	0	19366.910809961373	53361.586932946324	0
3.625232	30730.929131771467	836105.1616985023	0	19511.430131521505	48463.33301057223	0
3.63512	30338.860151167504	826220.3743581802	0	19383.35600525669	43956.748875962854	0
3.6450080000000002	29922.335590988037	819000.4831636016	0	19219.372187587418	39999.81936984593	0
3.6548960000000004	29481.580491338533	814528.8958559892	0	19016.66623591855	36628.5064825079	0
3.664784	29016.59661138068	812985.5197373697	0	18767.787239471356	33853.438426581386	0
3.674672	28527.51969339192	814578.6037103524	0	18466.041043502173	31673.965181727326	0
3.6845600000000003	27973.872693671383	826592.3133546506	0	18021.830586284475	30922.27734012726	0
3.694448	27403.448066188852	841582.6541553589	0	17528.970261143426	30637.554061521907	0
3.704336	26830.77148239964	857271.4571951799	0	17012.88797595165	30593.638587713125	0
3.714224	26265.293562963216	871986.8723174116	0	16488.71250455934	30662.792901886078	0
3.7241120000000003	25715.69862978818	883945.2007519515	0	15970.019379008643	30718.848982780662	0
3.734	25218.86473474436	884145.2130437068	0	15509.246089450873	29855.255766798873	0
3.743888	24753.783371835456	877488.1036651739	0	15076.50143186815	28720.231998330804	0
3.7537760000000002	24308.744164015483	867051.2341772463	0	14655.743213309548	27702.987229002876	0
3.7636640000000003	23882.058019675933	853546.0309924844	0	14245.115823147044	26908.88638055169	0
3.773552	23472.13910775987	837684.6815437982	0	13842.944026497698	26433.47546688794	0
3.78344	23051.35330448205	818788.7502932546	0	13407.251966645554	28271.101692179163	0
3.7933280000000003	22646.148312322042	798993.529416477	0	12980.87610668531	30773.62186975151	0
3.8032160000000004	22265.564209881763	779450.3054904237	0	12578.149348803487	33267.594705750205	0
3.813104	21914.30146059251	761012.2006023522	0	12206.08614171426	35218.94421266909	0
3.822992	21596.792746206553	744452.632754642	0	11870.84100068984	36003.82471968709	0
3.8328800000000003	21351.091669867033	733712.2936819006	0	11598.851107966419	32425.523719549506	0
3.842768	21177.93333608536	729127.9705674122	0	11392.491530945075	25511.263216473868	0
3.852656	21023.460155387285	725847.3602532768	0	11221.121079187793	19773.340577011924	0
3.862544	20876.18676391323	723064.5372881662	0	11080.87398927396	15477.509290317974	0
3.8724320000000003	20724.961848183157	719988.6948042881	0	10968.278198494985	12541.94432282503	0
3.88232	20539.427842356276	713195.9626930509	0	10913.135269455915	11821.771968526617	0
3.892208	20312.643854424896	702418.4440989137	0	10907.259100948379	13104.373572020051	0
3.9020960000000002	20066.273696187523	691230.0650566284	0	10894.642643802594	15091.206196069257	0
3.9119840000000003	19800.33692056299	680221.639146786	0	10855.917306064595	17648.327694607593	0
3.921872	19514.948349310333	669947.557397249	0	10772.119191400527	20485.803433739035	0
3.93176	19204.956718899197	662149.7709161154	0	10520.086099737526	21161.566133095344	0
3.9416480000000003	18872.951860635967	656831.3527842641	0	10131.824195675563	19648.87878084162	0
3.9515360000000004	18526.32629493063	652897.4223602212	0	9731.902791939534	17951.951496828133	0
3.961424	18167.718914036002	650318.4507254887	0	9348.523974043037	16407.99129253793	0
3.971312	17799.66181422278	649073.4519964982	0	9005.688028530363	15252.989031717894	0
3.9812000000000003	17400.563339769546	649905.8819954348	0	8822.28210951772	15738.868590973732	0
3.991088	16983.285548488715	652529.2732700224	0	8775.555461936416	17839.230394062546	0
4.0009760000000005	16581.31014232425	655947.5963646069	0	8756.71187018632	20557.46812756714	0
4.010864000000001	16205.644726171666	659817.7298460383	0	8744.882826461275	23708.657814512335	0
4.020752000000001	15866.302767699404	663789.8160177851	0	8719.41080099011	26936.494061094392	0
4.03064	15630.813556863191	666343.8408544573	0	8586.216384858364	27748.228277596103	0
4.040528	15479.408996431228	667634.8417718237	0	8363.095692549603	26307.044704078417	0
4.050416	15353.218473620736	668662.9742414231	0	8119.276679794634	24450.746034438354	0
4.060304	15238.812725712103	669553.1618971839	0	7866.391773919724	22554.29822134187	0
4.0701920000000005	15123.205954368039	670431.1601359274	0	7614.908283918412	20903.431148008796	0
4.080080000000001	14976.724221795379	672319.6406563981	0	7394.2727063236525	20768.110683339735	0
4.089968	14786.049768430554	675449.4413224391	0	7213.00439331773	22516.86764877671	0
4.099856	14570.473685273253	678338.7544834787	0	7042.326752457463	24542.636056680047	0
4.109744	14327.3670757429	680652.9712352877	0	6880.453015767423	26511.04198736927	0
4.119632	14054.49832575774	682054.0457737326	0	6725.745455792253	27977.883488724776	0
4.12952	13743.329077811908	682042.6477985149	0	6576.749543691855	28052.958328833	0
4.139408	13338.36959673252	678948.0591500971	0	6432.4857954570525	23529.864580297486	0
4.1492960000000005	12922.828274650672	674443.8786384325	0	6291.063100028085	19229.860800723058	0
4.159184	12510.324780579385	668623.5154230699	0	6151.207891353244	15609.485797821137	0
4.169072	12112.894711058138	661586.0750325083	0	6011.756933197343	12829.111770941954	0
4.17896	11745.371857246224	653352.4702776712	0	5869.926915252282	10975.568096089613	0
4.188848	11460.255874823251	643186.7006843172	0	5707.355492074574	10885.66538641212	0
4.198736	11201.40432954501	632431.0616346531	0	5549.169808123186	11241.988242554775	0
4.208624	10965.00672449214	621429.6064803791	0	5399.222602826344	11995.804290354072	0
4.2185120000000005	10747.593991030566	610505.098192695	0	5260.9460382906345	13123.55934463758	0
4.228400000000001	10545.554575982767	600215.675222863	0	5140.9542292859005	14663.540144614255	0
4.238288	10353.683226052182	592202.8107151099	0	5060.674512237358	16958.700653536103	0
4.248176	10172.878371028091	584570.5706624986	0	4993.181749726123	19498.2346831413	0
4.258064	10001.303159206227	577140.090818444	0	4935.394136845827	21957.420242832166	0
4.267952	9837.24132209768	569741.4438474643	0	4884.420009871847	23860.797802669877	0
4.27784	9679.084591063931	562213.2969625643	0	4837.511988239423	24651.341467045728	0
4.287728	9516.309282589073	553175.186797445	0	4781.780196205621	21021.59473651973	0
4.2976160000000005	9358.846689155895	544028.9515985093	0	4727.505935860822	17032.465905409477	0
4.307504	9207.503910507738	534936.0644636628	0	4674.77461381853	13346.699447908499	0
4.317392	9062.905722485362	526030.3675133624	0	4623.52059840284	10276.335811670151	0
4.32728	8925.635775001232	517436.84952547797	0	4573.680758690912	7898.676373796802	0
4.337168	8827.783895855548	509059.7099728342	0	4532.638735932293	6656.631153930981	0
4.347056	8732.252036604099	501262.93616388924	0	4491.492268484822	5704.463132633176	0
4.356944	8628.307381123981	494223.995547057	0	4447.507924578537	4906.199910126437	0
4.3668320000000005	8508.692520084172	488092.08086897107	0	4398.763451808726	4211.433431289162	0
4.376720000000001	8365.747542972287	483042.34876648174	0	4343.268863596102	3583.5265881742635	0
4.386608	8129.904901237149	481436.6148433809	0	4267.225019995898	2743.8965608260305	0
4.396496	7878.606498667942	480627.9814756417	0	4184.654632066874	2107.553951570587	0
4.406384	7621.970158243623	480224.2503613234	0	4097.062432102917	1652.6411765200505	0
4.416272	7369.018114965088	479836.5228755661	0	4005.88122590306	1346.4876713447131	0
4.42616	7127.663796269399	479077.4946695907	0	3912.458281691296	1160.0726243097592	0
4.436048	6922.097486403235	475769.3031122889	0	3819.165950607723	1210.4857572077206	0
4.4459360000000006	6738.000746926764	471573.5349013506	0	3725.8479154196834	1363.5001468062403	0
4.455824	6574.581627080662	466831.2578540407	0	3633.1455047340883	1610.3718971734718	0
4.465712	6433.186210490899	461655.6267642223	0	3541.773585150606	1965.894583182034	0
4.4756	6315.129587609193	456156.897302649	0	3452.378430625454	2445.371680234949	0
4.485488	6276.133733338153	450780.36804273503	0	3369.774272985299	2964.7207738681186	0
4.495376	6259.807546719515	445263.7302675409	0	3289.829252214056	3564.6686550133018	0
4.505264	6244.105648149775	439556.6955686676	0	3211.2217309056336	4247.272282048114	0
4.5151520000000005	6216.619533039004	433668.4350861604	0	3133.431383200035	4984.889009588932	0
4.525040000000001	6165.203774048012	427608.31317962724	0	3055.987771352914	5728.675524483173	0
4.534928	5997.430785345005	420893.69282604073	0	2974.7440956437413	6271.76386707144	0
4.544816	5775.476151826539	413960.9751141743	0	2892.6466967606834	6619.399437062425	0
4.554704	5556.698748356939	407222.4723127025	0	2812.368269597623	6816.042436904029	0
4.564592	5356.979639734944	400844.1760327212	0	2734.688322282916	6860.328412034587	0
4.57448	5189.969467181717	394981.7974460198	0	2660.2972673059235	6761.92839307486	0
4.584368	5182.212440428713	390538.3329006932	0	2593.1280141558177	6494.030976788285	0
4.594256000000001	5215.949266625215	386790.07864217187	0	2529.8260186803645	6135.848498098965	0
4.604144000000001	5268.33828892234	383636.0695639306	0	2469.8668483776937	5727.467418298754	0
4.614032	5324.5916085343715	381034.00479651074	0	2412.9918686241954	5301.193743534157	0
4.62392	5369.347490983582	378944.82336916163	0	2358.96148895355	4883.1841060696715	0
4.633808	5337.603029368437	378347.70499345765	0	2305.994987559426	4533.967343645856	0
4.643696	5248.641798900857	378508.0208246827	0	2255.034394517468	4232.4689300669415	0
4.653584	5132.570291525455	378488.021728996	0	2207.24654519827	3954.8409755056473	0
4.6634720000000005	4992.667609992215	377909.57426879526	0	2162.8963593185126	3701.048429713852	0
4.673360000000001	4832.397457810921	376398.5876596544	0	2122.228224771579	3470.736541401628	0
4.683248	4637.320193744307	371708.80976209923	0	2091.202017390383	3272.0048759081715	0
4.693136	4415.99345047658	363879.6733143384	0	2068.937412662826	3101.442893105927	0
4.703024	4199.983825697222	355613.10248460417	0	2046.5900178154577	2944.915515338799	0
4.712912	3998.262914628274	347460.2604145973	0	2021.8375759888975	2799.0835223000795	0
4.7228	3818.09109619653	339924.4230015038	0	1992.4772366735024	2661.1392665160333	0
4.7326880000000005	3686.9353067989578	334912.761531133	0	1948.9803957402085	2507.702211204201	0
4.742576000000001	3605.659017046366	332644.74261535885	0	1890.9437200043676	2342.7732673156343	0
4.752464000000001	3541.614575502077	330988.8880323699	0	1830.1220948453163	2200.8200342631003	0
4.762352	3489.8305188467566	329606.81089269015	0	1768.742120569894	2087.3240030917427	0
4.77224	3445.74126867045	328167.2102167745	0	1708.7740073739642	2006.7688932726257	0
4.782128	3404.0944757357825	324668.4368152571	0	1661.01914200031	2033.2623604551618	0
4.792016	3361.709950932656	320325.5362001029	0	1618.3163580387436	2113.1588165875037	0
4.801904	3315.255476794551	315772.7230787025	0	1577.1149253502604	2217.9241726459873	0
4.8117920000000005	3261.3517017096347	311187.78703582333	0	1536.4439517426674	2336.005681213359	0
4.821680000000001	3196.89143573637	306738.7760296462	0	1495.4293380843462	2453.299355103721	0
4.831568	3102.851043362744	302886.98006123817	0	1449.5896798919503	2525.864800078297	0
4.841456	2967.125152780533	299994.94460482994	0	1395.9640294734904	2513.4654145743457	0
4.851344	2832.492902064346	297385.0215179984	0	1344.0458147786405	2472.3790995503805	0
4.861232	2705.8727017341575	295011.26154460304	0	1295.2362202871384	2405.7799894774685	0
4.87112	2592.9789858690756	292829.6010255739	0	1250.7292538225886	2317.473653116368	0
4.8810080000000005	2511.4276354135786	290831.0413322617	0	1214.057890406949	2210.8613922222903	0
4.890896000000001	2481.034741416074	289017.27137168124	0	1189.145264429082	2089.392025579786	0
4.900784000000001	2463.6445283776216	287237.10914876155	0	1168.5613425061003	1959.7754279576052	0
4.910672	2454.5833824758515	285425.378521263	0	1151.431374046483	1826.2596727051673	0
4.92056	2449.3655347928798	283518.5553642527	0	1136.9553019964255	1692.5070394226018	0
4.930448	2443.582500504203	281454.908774303	0	1124.3884140653217	1561.5362092321036	0
4.940336	2432.873476842217	279174.7792985106	0	1113.027309172815	1435.7179936719408	0
4.950224	2412.974196091845	276620.98580332653	0	1102.20053114127	1316.8115398514465	0
4.9601120000000005	2379.841265976311	273739.35050307494	0	1091.263422297634	1206.027992566429	0
4.970000000000001	2329.844768263475	270479.32887205755	0	1079.5968713628356	1104.1099506924763	0