0.026	1.772267757645446e6	1.3706351419541854e8	0	323518.305679732	1.548178185921744e8	0
0.035888	2.429043588968906e6	2.0410036830886704e8	0	422437.48097628064	2.1233983655620724e8	0
0.045776	3.168066135023224e6	2.8199718474594647e8	0	525396.8426362376	2.655162671026426e8	0
0.055664000000000005	3.950098145232531e6	3.6440897456138444e8	0	625182.9006151159	3.058349799892608e8	0
0.065552	4.730183698747006e6	4.4395700365122086e8	0	714915.1994960528	3.2787386102645093e8	0
0.07544000000000001	5.465203759869787e6	5.1400171012645835e8	0	789156.1863610444	3.305501029351836e8	0
0.085328	6.120609860278737e6	5.700648585966809e8	0	844628.2137888928	3.1664009681587964e8	0
0.095216	6.67490027646602e6	6.104980462358128e8	0	880431.5079388879	2.911922964416647e8	0
0.105104	7.121285015063598e6	6.363687404794596e8	0	897813.4960062067	2.5975652149022338e8	0
0.11499200000000001	7.466846326555435e6	6.508219595083225e8	0	899643.4716063136	2.2709778199970806e8	0
0.12488	7.730063742076904e6	6.582768874440569e8	0	889778.0232046074	1.966103731754093e8	0
0.134768	8.072547496534833e6	6.831609331845683e8	0	883830.6969502522	1.7613661326077086e8	0
0.144656	8.377167925496362e6	7.090656810788549e8	0	872407.6254812968	1.5863290693378153e8	0
0.15454400000000001	8.631918080506213e6	7.351305879641143e8	0	855994.4972736428	1.4356653760131428e8	0
0.164432	8.835130566347623e6	7.61888153105028e8	0	835894.980482702	1.3081574483558401e8	0
0.17432	8.986411528743358e6	7.89952106113683e8	0	813373.0205719355	1.2023868086170262e8	0
0.184208	9.058809880014393e6	8.252676919373535e8	0	790902.9248692589	1.1306536672339886e8	0
0.19409600000000002	9.08165188962515e6	8.638656697458997e8	0	768195.3199209628	1.0766273789262566e8	0
0.20398400000000003	9.073995145702364e6	9.034569225718913e8	0	745516.9827974456	1.0328979186639906e8	0
0.213872	9.047961880292792e6	9.429002971837381e8	0	723421.8998451752	9.965895956445682e7	0
0.22376000000000001	9.015712447995031e6	9.80863127470135e8	0	702400.4920886364	9.652794605115035e7	0
0.23364800000000002	9.044282149461333e6	1.0094908710938109e9	0	682113.3773616103	9.28802319765428e7	0
0.243536	9.08912917923885e6	1.0333259225009574e9	0	663779.5186288405	8.941416796186608e7	0
0.25342400000000004	9.136877331055094e6	1.053800978789936e9	0	648074.1385985434	8.630776268345734e7	0
0.26331200000000005	9.184121606053973e6	1.0713093630159967e9	0	635488.1146804753	8.358258651427375e7	0
0.27320000000000005	9.227387051333843e6	1.0863128539179387e9	0	626499.035629101	8.125800220835507e7	0
0.28308800000000006	9.247648390176613e6	1.099484372040092e9	0	627247.5250621563	7.964140275976686e7	0
0.29297600000000007	9.25176163782796e6	1.1112818399965973e9	0	634530.2619643149	7.854686196192013e7	0
0.302864	9.250856012179064e6	1.122149556591255e9	0	643721.1281208264	7.773354490052387e7	0
0.31275200000000003	9.247132024242222e6	1.1326473210517914e9	0	653408.1783113681	7.713690812554139e7	0
0.32264000000000004	9.242791082486257e6	1.1433578139867063e9	0	662097.7046309351	7.669631953839143e7	0
0.33252800000000005	9.248920851602469e6	1.157729040886998e9	0	663101.285536588	7.636375209029497e7	0
0.34241600000000005	9.262345391091317e6	1.174756362560377e9	0	657948.3764010377	7.607641121831772e7	0
0.35230400000000006	9.275873212206308e6	1.1920719038996139e9	0	650574.2291076212	7.576811513192235e7	0
0.36219200000000007	9.288101745992292e6	1.2091081181028688e9	0	641586.0876814058	7.538029615215786e7	0
0.3720800000000001	9.29762140218787e6	1.2252652920543625e9	0	631576.5924866542	7.48557672836357e7	0
0.3819680000000001	9.305963519793883e6	1.236621398513889e9	0	622447.8881451192	7.385391493836547e7	0
0.39185600000000004	9.309560171021296e6	1.244873271277709e9	0	613709.1038882704	7.25423400105585e7	0
0.40174400000000005	9.304498684076486e6	1.2521905260211377e9	0	604745.150856598	7.111550366774274e7	0
0.41163200000000005	9.28833354921384e6	1.2591627554552076e9	0	595603.4469692113	6.962341316484027e7	0
0.42152000000000006	9.258670863996586e6	1.2663938922998164e9	0	586329.4484840295	6.811271927605848e7	0
0.43140800000000007	9.195193418030875e6	1.2777379929138074e9	0	575595.9451129842	6.675578239031878e7	0
0.4412960000000001	9.105518693101952e6	1.2922100375348995e9	0	564223.5454105282	6.551784137246892e7	0
0.4511840000000001	9.008757695694536e6	1.3066405320542364e9	0	553837.405037794	6.4285463684605e7	0
0.46107200000000004	8.910225916902784e6	1.3202333469217184e9	0	544974.251980236	6.304534798459298e7	0
0.47096000000000005	8.815020332115145e6	1.3321608593180952e9	0	538142.5468870745	6.178526741646167e7	0
0.48084800000000005	8.75401341335117e6	1.3370417595641227e9	0	538281.5681706793	6.033596048451258e7	0
0.49073600000000006	8.71293917857374e6	1.337227479305571e9	0	542757.5851140424	5.880902135876004e7	0
0.5006240000000001	8.675896948207144e6	1.3355111194479685e9	0	548637.4870771918	5.731893521091645e7	0
0.5105120000000001	8.639130078831818e6	1.3326146717108626e9	0	555015.7682098562	5.590168411922974e7	0
0.5204000000000001	8.598946870717185e6	1.3292586963741102e9	0	560947.8820762846	5.458966907100542e7	0
0.5302880000000001	8.548913305520877e6	1.327474069797772e9	0	563869.679867942	5.350342322900855e7	0
0.5401760000000001	8.48307297942499e6	1.3291418312580583e9	0	561367.5643035934	5.274542153193577e7	0
0.5500640000000001	8.406395456932552e6	1.3310683874602997e9	0	557173.7692847991	5.20726156534518e7	0
0.5599520000000001	8.31763340159034e6	1.3329954914098287e9	0	551520.2917039939	5.145124527671841e7	0
0.5698400000000001	8.215653257760854e6	1.3346634469902363e9	0	544643.7548451021	5.084926769184509e7	0
0.579728	8.081347816847743e6	1.3349902651164322e9	0	536681.1084972951	5.01880684726368e7	0
0.589616	7.908360062499976e6	1.3334139153629193e9	0	527832.42826209	4.942318913010611e7	0
0.599504	7.736656408643787e6	1.3315209145580823e9	0	518542.86475763656	4.8635159801461175e7	0
0.609392	7.5758226412641285e6	1.3295807058291154e9	0	509080.4977024459	4.782638966401915e7	0
0.61928	7.434662762990353e6	1.3278612455727637e9	0	499695.94960514974	4.699924587545881e7	0
0.6291680000000001	7.355800125610052e6	1.3278090895340836e9	0	490239.35839337343	4.6135150115004286e7	0
0.6390560000000001	7.355289857063246e6	1.329993215273728e9	0	480852.1349404578	4.523233796102726e7	0
0.6489440000000001	7.371187801972731e6	1.332261627022082e9	0	472515.15964879125	4.433574592971973e7	0
0.6588320000000001	7.392508755904423e6	1.3341869578760052e9	0	465612.0992870495	4.345810482399554e7	0
0.6687200000000001	7.408184354463967e6	1.3353395549549742e9	0	460511.5947812219	4.261114660994485e7	0
0.6786080000000001	7.383479874908928e6	1.3344689999302444e9	0	459368.07736477087	4.1819460856275514e7	0
0.6884960000000001	7.27838388874082e6	1.3301171387183511e9	0	464870.1176215424	4.110944581961054e7	0
0.6983840000000001	7.158662514869193e6	1.3245063259309082e9	0	471757.4036174438	4.044609875961896e7	0
0.7082720000000001	7.031892721673947e6	1.3178565955956483e9	0	479088.96092924476	3.9828742021647595e7	0
0.7181600000000001	6.9052014184502065e6	1.3103866653138018e9	0	485867.68772796803	3.925677239766977e7	0
0.7280480000000001	6.785230127153954e6	1.3023124462986536e9	0	491041.6769409893	3.87296660530348e7	0
0.7379360000000001	6.7149163775153365e6	1.293947622387006e9	0	487303.3835959245	3.827044710159795e7	0
0.747824	6.652466867454422e6	1.2853684254899516e9	0	481604.4988321472	3.784836224263919e7	0
0.757712	6.594068316828109e6	1.276749752055718e9	0	474686.7019552276	3.745708856472785e7	0
0.7676000000000001	6.536763108937005e6	1.2682639273455048e9	0	467148.1983949711	3.709105748038565e7	0
0.7774880000000001	6.472494264358807e6	1.2604324651228402e9	0	459591.81748450187	3.6756820468519315e7	0
0.7873760000000001	6.385263936744249e6	1.2543318930055897e9	0	452639.45511886344	3.647973356858046e7	0
0.7972640000000001	6.298752487114371e6	1.2483368995254953e9	0	446614.6237900405	3.619488739849066e7	0
0.8071520000000001	6.21648237167279e6	1.242177828133682e9	0	441954.9413866971	3.588344927780572e7	0
0.8170400000000001	6.14179489432993e6	1.2355903948731816e9	0	439088.1141631412	3.552728709734036e7	0
0.8269280000000001	6.087072209823719e6	1.2278262189403071e9	0	440204.95481111977	3.509765484184167e7	0
0.8368160000000001	6.0700567698795665e6	1.2178572222295334e9	0	448708.91306240857	3.4560617412063666e7	0
0.8467040000000001	6.059017876288698e6	1.2073059791502087e9	0	458510.06934180605	3.394548366346694e7	0
0.8565920000000001	6.048655975813785e6	1.1963846065647013e9	0	468403.24632475	3.3249447291248813e7	0
0.8664800000000001	6.033713594310753e6	1.185298563092122e9	0	477078.8660579176	3.2470844688703794e7	0
0.8763680000000001	5.998859103332731e6	1.1746257358317206e9	0	480437.0396626827	3.152346682869879e7	0
0.8862560000000002	5.922945771566156e6	1.1651608555963151e9	0	472715.900331455	3.0282106098397434e7	0
0.896144	5.838670283767037e6	1.155688734786782e9	0	462664.0342830029	2.9067148229793835e7	0
0.9060320000000001	5.750051524957783e6	1.146068409512659e9	0	451454.24628115346	2.794078065216327e7	0
0.9159200000000001	5.660901577757534e6	1.1361637224759152e9	0	440174.5067738647	2.6955657226423346e7	0
0.9258080000000001	5.575288722645574e6	1.1257920304036345e9	0	430049.2666221723	2.6175499127828687e7	0
0.9356960000000001	5.508349123389749e6	1.1135577836721787e9	0	427774.24025400775	2.6090153539041325e7	0
0.9455840000000001	5.447389370786382e6	1.1010532569497895e9	0	426395.5506441637	2.614181162230429e7	0
0.9554720000000001	5.392631595013168e6	1.0884785569030824e9	0	425350.8198510141	2.6270219453379475e7	0
0.9653600000000001	5.344301658867215e6	1.0760251388347118e9	0	424085.4910854529	2.6415101636912417e7	0
0.9752480000000001	5.302775324742125e6	1.0639062444973348e9	0	421962.0622298301	2.6510322277321182e7	0
0.9851360000000001	5.278818777345439e6	1.0545317764940333e9	0	411869.08687645814	2.6142452678522684e7	0
0.9950240000000001	5.259598809608248e6	1.0452654921688287e9	0	401656.3106524983	2.5692378916802112e7	0
1.004912	5.242948137710699e6	1.035757702746952e9	0	392323.72029654315	2.518664163389753e7	0
1.0148000000000001	5.226733072113033e6	1.025671609859104e9	0	384781.408362591	2.465048427477669e7	0
1.024688	5.2088474141263915e6	1.0146846469423796e9	0	379881.46220753103	2.410744522802628e7	0
1.0345760000000002	5.181762496613242e6	1.0003707756309557e9	0	387128.0190994004	2.3596843988019213e7	0
1.044464	5.148464372003129e6	9.844361302476857e8	0	399937.56021864887	2.3121683854678072e7	0
1.0543520000000002	5.110687625854908e6	9.680403644980998e8	0	413455.17572785093	2.268854938505774e7	0
1.06424	5.0681978427739255e6	9.515410769084755e8	0	425695.2327529571	2.2309650620623704e7	0
1.0741280000000002	5.020784263366191e6	9.352733234150332e8	0	434448.91359183396	2.199655210458056e7	0
1.084016	4.968123505820826e6	9.209337364738793e8	0	422355.4740583936	2.1880034098302953e7	0
1.0939040000000002	4.910194846646189e6	9.074570393972865e8	0	402421.5569945845	2.185711162145327e7	0
1.103792	4.846951231017432e6	8.943553265157524e8	0	381508.9096269794	2.1873451007185377e7	0
1.1136800000000002	4.778339321776644e6	8.815211925652694e8	0	361958.00377287326	2.1907007787823092e7	0
1.1235680000000001	4.704338551151742e6	8.688531024343024e8	0	345661.8497690437	2.1935699614578467e7	0
1.133456	4.614774543922455e6	8.559436483623196e8	0	343332.593904637	2.1904903898900483e7	0
1.1433440000000001	4.516627642475918e6	8.42910798484314e8	0	350698.3396040395	2.18132933005651e7	0
1.153232	4.420373648985379e6	8.299884094939066e8	0	360288.4634434998	2.1673036139534723e7	0
1.1631200000000002	4.329489038054169e6	8.172048788035885e8	0	370474.183655148	2.1475906674551763e7	0
1.173008	4.247167157233808e6	8.045868568908409e8	0	379445.55226194754	2.121441715860782e7	0
1.1828960000000002	4.1923850694468967e6	7.926070555232818e8	0	376237.0923441887	2.0803288940292522e7	0
1.192784	4.154156002108387e6	7.808993276435087e8	0	366584.05422288075	2.0306857550738286e7	0
1.2026720000000002	4.123139619253896e6	7.691456612559664e8	0	355736.6115537025	1.9781081283624094e7	0
1.21256	4.0968767071681744e6	7.572252758399699e8	0	345062.66144943365	1.9246737383891873e7	0
1.2224480000000002	4.07299025232941e6	7.450254402771463e8	0	335778.7105869037	1.8722645102131553e7	0
1.232336	4.0435664671801054e6	7.316042646053103e8	0	337116.1215415667	1.8297782137562692e7	0
1.2422240000000002	4.0118239084051e6	7.177051490003369e8	0	342306.9027753984	1.791433522248531e7	0
1.2521120000000001	3.978653583720779e6	7.036943933166599e8	0	348030.2763511034	1.75477433486084e7	0
1.2620000000000002	3.9435315026340266e6	6.89711209321262e8	0	352973.0703106234	1.719270354146166e7	0
1.2718880000000001	3.9059560887499847e6	6.758846945080361e8	0	355751.9083628913	1.6844316370541573e7	0
1.2817760000000002	3.8620547741185036e6	6.631072191141673e8	0	346364.02756879915	1.6491903639487129e7	0
1.2916640000000001	3.8138247145054974e6	6.509189626769536e8	0	330091.82036034856	1.6135877476565199e7	0
1.301552	3.763773871995738e6	6.387623339540883e8	0	313373.61316881503	1.5777692426380843e7	0
1.3114400000000002	3.712581830349962e6	6.265036249500452e8	0	297741.5943670576	1.541569924553439e7	0
1.321328	3.660896806462625e6	6.140199710441406e8	0	284439.4028534011	1.504844284856412e7	0
1.3312160000000002	3.6093890214734417e6	6.006844046336417e8	0	278633.1130266982	1.4640643206771366e7	0
1.341104	3.558642601144741e6	5.863942958609024e8	0	281502.96889563405	1.4191640006656665e7	0
1.3509920000000002	3.5091057015758473e6	5.720189512562648e8	0	286575.57842917234	1.3763543931987198e7	0
1.36088	3.4612712234535385e6	5.57711629129505e8	0	292995.31795094465	1.3369975105948761e7	0
1.3707680000000002	3.4156048858421487e6	5.436118162816038e8	0	299851.92869636085	1.302299702126106e7	0
1.380656	3.3724141472095028e6	5.3019411865907156e8	0	305161.715621984	1.2782097616629902e7	0
1.3905440000000002	3.3320621110602045e6	5.1770569277561516e8	0	307347.8077723962	1.2678170733187655e7	0
1.4004320000000001	3.2952745123869106e6	5.054093578629235e8	0	307730.39885511156	1.2605250077059897e7	0
1.4103200000000002	3.262523958703786e6	4.9320287580873275e8	0	305952.6294480218	1.2544542466771092e7	0
1.4202080000000001	3.2342731352460636e6	4.809939177164148e8	0	301706.58757900755	1.247770637286548e7	0
1.4300960000000003	3.2182858921470875e6	4.683606889842463e8	0	291434.8007891605	1.2346513683322288e7	0
1.4399840000000002	3.214497610049605e6	4.552788596567069e8	0	275635.4236135687	1.2137802638855275e7	0
1.4498720000000003	3.210948370708762e6	4.4226008245064944e8	0	259945.66419939202	1.1904408470322233e7	0
1.4597600000000002	3.2042853199616624e6	4.293982053810548e8	0	245662.48413998794	1.1651386764894126e7	0
1.469648	3.1911894873322537e6	4.167771954082095e8	0	233807.58767980748	1.1383596624193933e7	0
1.4795360000000002	3.1553917003153753e6	4.0460209388418794e8	0	228856.68036136348	1.1085295717242435e7	0
1.489424	3.0962682507496513e6	3.929085304354882e8	0	230993.0867816885	1.0765306208103355e7	0
1.4993120000000002	3.032241411261158e6	3.8154442454950565e8	0	235394.9237314621	1.0460219826210242e7	0
1.5092	2.966893631853203e6	3.70506208002473e8	0	241381.68034277044	1.0181997061711363e7	0
1.5190880000000002	2.903529863677006e6	3.597899203923654e8	0	248237.27890588864	9.94134777582251e6	0
1.5289760000000001	2.852152927331583e6	3.495111234674349e8	0	253497.67026950774	9.820185199636566e6	0
1.5388640000000002	2.8128643768844754e6	3.396148310105779e8	0	256776.37567224502	9.801610820627902e6	0
1.5487520000000001	2.778912166730868e6	3.299352739911825e8	0	259454.72566160103	9.798255909496125e6	0
1.5586400000000002	2.7499617243800634e6	3.204232360130521e8	0	261442.967837998	9.788564464335022e6	0
1.5685280000000001	2.7257124590718453e6	3.110348852024081e8	0	262654.3719016096	9.751097356711177e6	0
1.5784160000000003	2.707483642033611e6	3.01645674888889e8	0	263750.2439456334	9.58528765137053e6	0
1.5883040000000002	2.6943662060501273e6	2.922635915496182e8	0	264356.269349142	9.308347593439994e6	0
1.5981920000000003	2.684214736522904e6	2.829627865780464e8	0	263490.85223777633	9.000764347715877e6	0
1.6080800000000002	2.676184596064518e6	2.737472034144734e8	0	260788.37124726083	8.677286054967145e6	0
1.617968	2.6694474625620116e6	2.6462117129822707e8	0	255932.37241296747	8.351116246121907e6	0
1.6278560000000002	2.6654639256481165e6	2.554635448314674e8	0	246040.15672148252	8.041405982969625e6	0
1.637744	2.6646390282399394e6	2.462274586540904e8	0	230040.07873781247	7.761156879103359e6	0
1.6476320000000002	2.660646259132355e6	2.3722144478409258e8	0	214347.80763068362	7.500453060581025e6	0
1.65752	2.65125178068693e6	2.2851055211103594e8	0	200112.1560976786	7.26291358916798e6	0
1.6674080000000002	2.634279160521481e6	2.2014983047849733e8	0	188186.1447446016	7.051676543883356e6	0
1.6772960000000001	2.600522862415665e6	2.1225321999398017e8	0	180984.59816889517	6.884998621156389e6	0
1.6871840000000002	2.5366589505418367e6	2.049626264047051e8	0	181958.31042073853	6.790389089939095e6	0
1.6970720000000001	2.4682029382873084e6	1.9805268596296856e8	0	185295.74473500636	6.712528704529345e6	0
1.7069600000000003	2.3994101191010405e6	1.9150233908153218e8	0	190488.07733674857	6.642154155077456e6	0
1.7168480000000002	2.334105071196979e6	1.8529185739630574e8	0	197026.42700933493	6.570427848829456e6	0
1.7267360000000003	2.276061207242859e6	1.7940732295144957e8	0	204360.08878015538	6.488170576437428e6	0
1.7366240000000002	2.2551616386207067e6	1.7417006138378105e8	0	212412.85459095516	6.3329328013919145e6	0
1.7465120000000003	2.239374419079709e6	1.6911130470461118e8	0	219758.63165023262	6.169406472728569e6	0
1.7564000000000002	2.2255443219319563e6	1.641459999113457e8	0	225399.2942691106	6.003253365692704e6	0
1.766288	2.210606682127781e6	1.5919859409070933e8	0	228276.73548191428	5.839607307716212e6	0
1.7761760000000002	2.1913758356223535e6	1.5419834323021224e8	0	227260.87328293198	5.68339405734221e6	0
1.786064	2.142790887681521e6	1.4862000292613283e8	0	210068.96213451854	5.573259543998514e6	0
1.7959520000000002	2.0910729372523685e6	1.4303882570325705e8	0	192033.59752003185	5.467896688448118e6	0
1.8058400000000001	2.0390501977028954e6	1.3751491902028573e8	0	175261.14150360893	5.362946200645792e6	0
1.8157280000000002	1.9892935587319247e6	1.321006662050172e8	0	161213.76624575062	5.25437741034034e6	0
1.8256160000000001	1.9441283604209663e6	1.2684098490300249e8	0	150883.4695930819	5.138499837590052e6	0
1.8355040000000002	1.9243000402256423e6	1.2184639487433648e8	0	156118.3301546896	4.983123854531702e6	0
1.8453920000000001	1.9083554435868475e6	1.1705336864035882e8	0	164604.48678677273	4.822640647605235e6	0
1.8552800000000003	1.894043984345448e6	1.124733960022018e8	0	175338.85086090516	4.660846845357982e6	0
1.8651680000000002	1.879207966697203e6	1.0811528785934292e8	0	187096.95677049042	4.501092341425698e6	0
1.8750560000000003	1.8617583142894332e6	1.0398544824782099e8	0	198294.53134146993	4.346309253176634e6	0
1.8849440000000002	1.8261136279477933e6	1.002375912004083e8	0	199278.82894930805	4.214128172877593e6	0
1.8948320000000003	1.7867091578919657e6	9.669007978707586e7	0	196801.1778923817	4.0882412980594877e6	0
1.9047200000000002	1.7466512394112318e6	9.329591685287212e7	0	192054.5776926936	3.965560619566017e6	0
1.9146080000000003	1.7075531882794662e6	9.002692554562975e7	0	185547.15243387033	3.844698439419615e6	0
1.9244960000000002	1.670888381311496e6	8.685821637733684e7	0	177794.6984481381	3.724430808073005e6	0
1.934384	1.6451479650919056e6	8.366829289626952e7	0	168606.77738199837	3.5853494656085703e6	0
1.9442720000000002	1.6224885697923796e6	8.056864216399503e7	0	159330.88026449017	3.4505545220356076e6	0
1.9541600000000001	1.6024431604896914e6	7.756368090610771e7	0	150467.64257075393	3.323153691512882e6	0
1.9640480000000002	1.5845879932618877e6	7.465677147578347e7	0	142413.4497586509	3.2057566884940206e6	0
1.9739360000000001	1.5685119772066076e6	7.18501731151568e7	0	135499.02541657476	3.10077396196976e6	0
1.9838240000000003	1.552299456545078e6	6.910962989928071e7	0	132479.4927973251	3.033175004913623e6	0
1.9937120000000002	1.5375285339925608e6	6.648369386652897e7	0	130345.52653620753	2.9750954663253846e6	0
2.0036	1.5242119513750472e6	6.398006778511468e7	0	128818.16451000552	2.9233279724587766e6	0
2.013488	1.5123646827653644e6	6.160477661424052e7	0	127640.97055019274	2.8749116153872414e6	0
2.0233760000000003	1.5020042592422718e6	5.936238896361733e7	0	126570.8268052579	2.827085172727325e6	0
2.033264	1.4998404807758003e6	5.739887301301349e7	0	123611.95510840374	2.7705527439359077e6	0
2.043152	1.4987577599952107e6	5.555589916538244e7	0	120474.38355986855	2.710320282293358e6	0
2.05304	1.4961671020056317e6	5.378403048061807e7	0	117613.07320136594	2.6467489076261786e6	0
2.062928	1.4904379530562118e6	5.2057866344962046e7	0	115212.07791592972	2.5793257472218326e6	0
2.072816	1.4799795180764694e6	5.0355017185179256e7	0	113442.77059211451	2.5076351934780353e6	0
2.082704	1.4539136788786247e6	4.855057047246448e7	0	113842.36811452232	2.425032805601875e6	0
2.092592	1.4143932899462637e6	4.667166092076639e7	0	116189.55848451029	2.3339344783455264e6	0
2.10248	1.3734614628216836e6	4.485016362716083e7	0	118765.59642740474	2.2430674317485746e6	0
2.112368	1.3336554601068243e6	4.310819506330667e7	0	121139.73039806527	2.1545022630475624e6	0
2.122256	1.297232576646193e6	4.146425392518031e7	0	122847.68338929507	2.0700024583265365e6	0
2.132144	1.277111820436481e6	4.002228562133962e7	0	121333.50539423671	1.9959499585588495e6	0
2.142032	1.2710330199428538e6	3.8756505207705356e7	0	116972.34895721824	1.9314478991388811e6	0
2.15192	1.266180098260365e6	3.755985847011767e7	0	112231.81045600263	1.8710502335572517e6	0
2.161808	1.2597546811685245e6	3.6410540809512116e7	0	107622.24621574991	1.8139733369017264e6	0
2.171696	1.2490201170211143e6	3.528916501929424e7	0	103577.27853183719	1.7595161329502547e6	0
2.181584	1.2186880145153264e6	3.409343118724076e7	0	102174.45154901384	1.7056894802025424e6	0
2.191472	1.172326090099628e6	3.2849185564010993e7	0	103063.90847557082	1.6525705268741725e6	0
2.20136	1.1242565090326096e6	3.1650829759885024e7	0	104462.40620277135	1.6013760925938343e6	0
2.211248	1.0774139232928455e6	3.0515533441600535e7	0	106040.86706544882	1.55212928935761e6	0
2.221136	1.0342822027130792e6	2.945784548783483e7	0	107452.62924423467	1.5048443260178363e6	0
2.231024	1.0028753836572188e6	2.8540440957513537e7	0	107240.75790941186	1.4602195008798211e6	0
2.240912	983040.8813542796	2.7756712512149937e7	0	105347.77346917518	1.418017533815834e6	0
2.2508	967917.0459669068	2.7043026005102526e7	0	103064.52998903528	1.3772245013554718e6	0
2.260688	956834.7987207837	2.638876665217969e7	0	100581.63811460049	1.3375670660011438e6	0
2.270576	949201.381436868	2.578434400764753e7	0	98075.61171274266	1.298799417197203e6	0
2.280464	946403.4309514607	2.5232190466975782e7	0	96064.45780779884	1.2589293038942288e6	0
2.290352	947163.3990748392	2.471922892152064e7	0	94531.88651522125	1.218618087812944e6	0
2.30024	948669.9347742453	2.4224679696388453e7	0	93183.09130358428	1.1798184278472597e6	0
2.310128	949648.2589526066	2.3737750797706246e7	0	92015.2900782138	1.1429598189278063e6	0
2.320016	948819.5097133218	2.324848879429415e7	0	91026.50726402432	1.1084138345043615e6	0
2.329904	940961.0534681644	2.271904923584371e7	0	90284.26270841285	1.0793036038645415e6	0
2.339792	923210.8210549307	2.213031401261602e7	0	89818.56275041167	1.0569744186172811e6	0
2.34968	903943.7730105175	2.154336427413441e7	0	89466.65150687977	1.0350324304604324e6	0
2.359568	884472.0105362595	2.0967039199643925e7	0	89187.72356481275	1.0122110482584625e6	0
2.369456	866003.7419558957	2.0409268130274467e7	0	88941.72880375534	987358.4011398384	0
2.379344	852307.197443751	1.989190341585018e7	0	88632.81671772439	954156.0686039794	0
2.3892320000000002	845177.6904134699	1.9424888504169803e7	0	88204.25875002313	910703.6665131131	0
2.39912	840206.4901119458	1.8983742577590115e7	0	87733.12817525529	867229.8973639221	0
2.409008	837008.9875635022	1.8566583309091546e7	0	87213.0043783588	825498.3100703919	0
2.418896	835218.753464437	1.8171665863994896e7	0	86637.71105267428	786951.972273002	0
2.428784	834558.7464935019	1.7797574547735326e7	0	85991.98603523355	753255.0284823374	0
2.438672	835999.8584861184	1.744617502403577e7	0	85113.59819562144	733438.5017913765	0
2.44856	837386.3300650694	1.711129970545178e7	0	84215.64237363185	716788.5008064951	0
2.458448	838015.6741319814	1.679083619231778e7	0	83333.20706707532	702349.3902374556	0
2.468336	837184.6707914416	1.6482815235941686e7	0	82499.93633863896	689254.2304474614	0
2.478224	834019.6917852631	1.6185259824499961e7	0	81763.85762475341	676570.3219659488	0
2.488112	825853.1177976523	1.5894928995782947e7	0	81331.77776544492	662084.6073696743	0
2.498	814940.3494936669	1.5612430469447322e7	0	80983.52814409355	647267.6914193577	0
2.507888	801308.5595335898	1.53366775739178e7	0	80698.33465093718	631898.1094066263	0
2.517776	785017.152720654	1.5066651381072946e7	0	80455.88512772018	615780.1254336658	0
2.527664	764980.5350140083	1.479698135992096e7	0	80248.24832175295	598504.0103395348	0
2.5375520000000003	735378.1133470475	1.4503947044841005e7	0	80119.64869201429	578707.9584733683	0
2.54744	706115.354770002	1.4223000601961913e7	0	79951.93047561082	558290.7387486668	0
2.557328	679030.7335468373	1.396030257085407e7	0	79704.5418450868	537533.2626167965	0
2.567216	655686.4481527307	1.3721565058934074e7	0	79337.61416831375	516689.4424838331	0
2.577104	637441.251379566	1.3512145646124708e7	0	78812.46448314031	495984.9842239347	0
2.586992	638101.5400825344	1.3407987994645698e7	0	78000.61282034748	476126.90910602565	0
2.59688	643874.9613568068	1.3327776947466623e7	0	76980.48463864668	456632.95388468105	0
2.606768	651689.1563830606	1.3250696850343816e7	0	75755.55726341347	437482.4135132995	0
2.616656	659668.6304339304	1.3163351967156967e7	0	74322.5799090445	418704.2261608065	0
2.626544	663582.7150757947	1.3029758436703315e7	0	72588.37313260188	399998.6059676302	0
2.636432	654902.6027967753	1.2773037090113215e7	0	70302.5987763768	380535.0477212644	0
2.6463200000000002	643834.7596412217	1.250455635724982e7	0	67967.43760052788	362077.88002386387	0
2.656208	631457.112011462	1.2241026915031826e7	0	65690.16860707075	344942.86642612447	0
2.666096	618786.3396309487	1.199781085039666e7	0	63564.491546578465	329379.7375311685	0
2.675984	607647.2080350732	1.1809899190568484e7	0	61832.02861566402	315991.1246875664	0
2.6858720000000003	602158.4702061006	1.176790739909367e7	0	61148.41782302165	306371.6654064657	0
2.69576	597592.2084490685	1.1754350038326427e7	0	60575.109281961784	298112.0340221187	0
2.705648	593629.3721200328	1.1755512365148228e7	0	59982.68041878156	290912.4734521485	0
2.715536	589961.4826415919	1.1757779502997203e7	0	59246.90122039437	284506.26211192354	0
2.725424	586288.3334095371	1.1747544702559127e7	0	58250.40493565607	278652.3408308556	0
2.735312	579503.9584401784	1.1629264047791643e7	0	56016.25864360377	273535.47635151364	0
2.7452	572704.114481033	1.1488164033512743e7	0	53545.64127924267	268458.48524439597	0
2.755088	566501.8236494262	1.1337994440909777e7	0	51027.18271336804	263110.1083069404	0
2.764976	561288.8366226443	1.1186219030426662e7	0	48566.51933011517	257232.37302582286	0
2.774864	557445.6762950552	1.1039924850779314e7	0	46250.96201520104	250594.87092222323	0
2.784752	562003.274293297	1.0944555905409811e7	0	44256.17035699138	241638.54539068794	0
2.7946400000000002	567876.4540579361	1.0862008914736947e7	0	42512.78284106184	231848.47254867593	0
2.804528	573060.4421346362	1.0785036570160376e7	0	41037.13105099748	221562.92199711112	0
2.814416	576152.2816015086	1.0710323229365133e7	0	39853.465735875725	210968.07440320036	0
2.824304	575735.7037156672	1.0634646394693261e7	0	38985.82581188129	200232.78819612315	0
2.8341920000000003	562597.8530606518	1.0528830796182845e7	0	39008.0564681552	188728.33722939526	0
2.84408	543493.1797385742	1.0415331152018921e7	0	39431.50424086799	177422.6046685407	0
2.853968	522001.97129795403	1.0306144173307398e7	0	39987.441615697426	166825.60351106344	0
2.863856	499345.3814015516	1.0205687146760553e7	0	40557.37243092527	157147.65202509632	0
2.8737440000000003	476595.14540336985	1.011821509141741e7	0	41016.310912885056	148543.6349901543	0
2.883632	454342.98837409145	1.0082894691140082e7	0	40610.32165463147	142313.60688847493	0
2.89352	433635.5233553503	1.0074414231924398e7	0	39746.70399027953	137456.576439196	0
2.903408	415319.23628832394	1.0069318852369044e7	0	38804.71108476831	133178.3076280906	0
2.913296	399973.9118010532	1.0059648322430896e7	0	37879.98140814766	129261.85731283817	0
2.923184	388105.64595098805	1.0037478262087798e7	0	37059.56824739511	125515.18852798181	0
2.933072	388064.7997681666	9.956986558578532e6	0	36876.38441879046	121274.35017632668	0
2.9429600000000002	392495.9882406293	9.849450809331667e6	0	36947.187906520885	116917.5105975906	0
2.952848	398089.77468861523	9.727395996786144e6	0	37121.21549486615	112555.6902696173	0
2.962736	403223.6686209007	9.594790796017244e6	0	37349.14559969266	108188.79636925786	0
2.972624	406194.9962558291	9.455458745001819e6	0	37580.86562265491	103818.25034202986	0
2.9825120000000003	395510.59884921083	9.298980858468382e6	0	37664.733240575406	99391.01843972628	0
2.9924	378576.81142762623	9.141416874606695e6	0	37634.94235727112	94964.8291827866	0
3.002288	360694.4223629623	8.995345845619805e6	0	37508.75337482363	90580.89078224248	0
3.012176	343301.80091239273	8.867685574190803e6	0	37267.92445317179	86257.24313853249	0
3.0220640000000003	327586.2594777929	8.765014817380032e6	0	36895.65022673955	82009.9969102332	0
3.031952	318561.48234374035	8.737108817127373e6	0	36164.87117309422	77902.26828010999	0
3.04184	314770.61251086916	8.76814801749297e6	0	35184.53296052894	73914.97998055474	0
3.051728	312680.66312398465	8.81702957927161e6	0	34180.92675461777	70006.17310812966	0
3.061616	311805.52902742266	8.873981935864924e6	0	33217.28919038975	66173.01317412243	0
3.071504	311682.5977757454	8.929026678855665e6	0	32349.977868898197	62414.48167734304	0
3.081392	311178.0228002392	8.9486608470869e6	0	31839.982957144708	58540.1481041805	0
3.0912800000000002	309899.51451636653	8.924433232844755e6	0	31710.64952774448	54603.66668665365	0
3.101168	308541.03201207524	8.885395230948364e6	0	31660.124500213307	50919.91185822349	0
3.111056	307000.9193341198	8.833455119437201e6	0	31637.734702664202	47543.7772148016	0
3.120944	305179.8137188566	8.770542457353497e6	0	31593.193990509844	44512.53010783471	0
3.1308320000000003	302624.6917266968	8.701367502302805e6	0	31275.26664211562	42022.901309392284	0
3.14072	299238.3183654418	8.627882279351935e6	0	30634.70974977654	40070.71482042354	0
3.150608	295582.03047687275	8.546896299789164e6	0	29991.709713938242	38361.62201559205	0
3.160496	291755.2609491074	8.458807161397392e6	0	29402.42222502847	36844.10497394413	0
3.1703840000000003	287853.2100318796	8.364023054326806e6	0	28918.725869120826	35474.19909922683	0
3.180272	283890.2129257917	8.251497849283819e6	0	28771.329097252627	34176.28684839347	0
3.19016	279919.74507505953	8.116823994285213e6	0	29096.714067466466	32904.20616952907	0
3.2000480000000002	276196.15446781035	7.986489157116541e6	0	29538.737740018016	31714.120067148393	0
3.209936	272838.5804620566	7.8671821870592395e6	0	30043.03664574602	30597.99718756057	0
3.219824	269961.0293172217	7.765208416619217e6	0	30551.9948997047	29548.592564405324	0
3.229712	268370.09690115426	7.6971088760492215e6	0	30983.422067054362	28535.667180568656	0
3.2396000000000003	271659.5891997916	7.720999851356765e6	0	31168.066323296407	27441.990336277646	0
3.249488	274566.4894086787	7.762070984337213e6	0	31200.67764036523	26446.866436645887	0
3.259376	276069.27869766764	7.810474730027934e6	0	31052.095096014913	25574.039655984612	0
3.269264	275139.6448496782	7.856165300220987e6	0	30696.547017366553	24844.279284328433	0
3.2791520000000003	270812.86397552775	7.888869239957956e6	0	30113.338311202406	24276.768990269975	0
3.28904	252903.61771025378	7.850688431172034e6	0	28770.70473793455	24182.82091004604	0
3.298928	232138.11237029033	7.782651484832109e6	0	27261.21817767696	24269.860937164452	0
3.308816	212639.94798381772	7.699572093919365e6	0	25831.438899373316	24416.174190093498	0
3.3187040000000003	195768.79265407647	7.605651579569298e6	0	24583.784450278057	24564.825287747608	0
3.328592	182446.46723845787	7.5049664470677255e6	0	23601.189961863078	24657.62382548045	0
3.33848	181671.19032653695	7.3958458606665e6	0	23677.671866722463	24430.520074373213	0
3.3483680000000002	183459.13606473757	7.289188455048845e6	0	23974.875495179036	24089.408962785154	0
3.358256	186714.35591698848	7.1899816519757025e6	0	24391.513890308295	23639.788754226967	0
3.368144	190420.38564404257	7.10288875250115e6	0	24830.798230543325	23086.395269198318	0
3.378032	192115.53297545385	7.040715128953816e6	0	25064.99409373508	22367.428764209075	0
3.3879200000000003	186904.5471571763	7.030827391433929e6	0	24642.977977341587	21316.91186520324	0
3.397808	180719.36144593864	7.035772654700896e6	0	24093.722638928215	20290.79215789062	0
3.407696	174154.23361789176	7.050477587220306e6	0	23467.974755607025	19359.280230332977	0
3.417584	167735.51828797927	7.069884683319899e6	0	22813.092390349502	18579.922883989733	0
3.4274720000000003	161917.871935628	7.088900118587865e6	0	22172.027076933977	18001.641554943166	0
3.43736	160262.4262575674	7.08971660139665e6	0	21545.431179876417	18156.062642160734	0
3.447248	159144.23768502564	7.082733218229963e6	0	21015.699684492873	18502.85097738595	0
3.457136	158071.3156102594	7.066546684582903e6	0	20623.840991350215	18969.969056006223	0
3.4670240000000003	156690.28515262323	7.039301993472477e6	0	20407.995967661176	19501.832166226584	0
3.476912	154573.63169388915	6.998325452481716e6	0	20434.92441804221	20040.27966094283	0
3.4868	148765.98708452066	6.914459566678214e6	0	21613.120394238835	20618.73932280088	0
3.4966880000000002	142537.47915388935	6.821849458102178e6	0	22976.405722319414	21037.343922942524	0
3.506576	136271.82338768622	6.7259157542228205e6	0	24349.366402960957	21188.922892343217	0
3.516464	130295.37716729616	6.631804807032913e6	0	25512.614422795534	20971.753032247318	0
3.526352	124879.82293899941	6.5443826616129875e6	0	26212.278046484676	20304.26043828263	0
3.5362400000000003	121547.80218100442	6.495813554308678e6	0	24358.919911159046	18160.050736229743	0
3.546128	119050.41526937486	6.460815594116972e6	0	21936.401120010047	15797.366179820132	0
3.556016	116989.23201994303	6.430536772719527e6	0	19676.699974609826	13654.1495989281	0
3.565904	115248.90423915708	6.401826770212306e6	0	17806.08545201948	11852.310983139321	0
3.5757920000000003	113723.03136235003	6.371594773010941e6	0	16465.075211466377	10443.495751017716	0
3.58568	112063.37585048196	6.324584886146333e6	0	17323.839621178144	10038.982115762681	0
3.595568	110464.39107273819	6.271926025630955e6	0	18858.562657461323	9922.990495064074	0
3.605456	108932.78991707167	6.215631958396587e6	0	20703.07137644923	9943.856270289067	0
3.6153440000000003	107446.40621289288	6.156234255395294e6	0	22595.850500290555	10033.857873737381	0
3.625232	105984.24902438474	6.094253091450422e6	0	24171.093365770987	10125.660716873472	0
3.63512	104530.52740364075	6.035230963405549e6	0	22673.166946405665	9442.520484063338	0
3.6450080000000002	103061.36968703658	5.973445177079818e6	0	20685.892825359744	8823.17826415123	0
3.6548960000000004	101558.01310404843	5.9080492966589425e6	0	18583.831291720373	8369.025665233612	0
3.664784	100002.97267266313	5.83834359316438e6	0	16610.659252594483	8151.48046363243	0
3.674672	98380.03300093167	5.763676168318007e6	0	14925.223638372805	8247.244112537284	0
3.6845600000000003	95815.4323769943	5.658293311278939e6	0	14401.155191100761	10273.531787924772	0
3.694448	93298.79152830719	5.550778240200512e6	0	14161.312758188955	13334.998298969917	0
3.704336	91107.26385982354	5.449334748826617e6	0	14052.128473420345	17222.54654496239	0
3.714224	89410.67788577975	5.359119199554457e6	0	14012.605815341638	21484.75253366547	0
3.7241120000000003	88370.66765533318	5.2849732918444965e6	0	13984.26604318585	25129.816054288276	0
3.734	89805.20746058077	5.263807668213587e6	0	13731.9723067495	21144.59859100456	0
3.743888	92408.70169741038	5.269833766234248e6	0	13373.44393908147	15496.37986652902	0
3.7537760000000002	95307.09488663326	5.2869626263114745e6	0	12973.80300822516	11219.983896395594	0
3.7636640000000003	98136.77037947386	5.310032712321403e6	0	12538.006064215171	8411.6470968832	0
3.773552	100490.63941211434	5.333827854086446e6	0	12071.194090314006	6843.721762248233	0
3.78344	99315.35604973936	5.336237880584202e6	0	11550.102960043014	9300.786860852084	0
3.7933280000000003	96925.8656724302	5.329225115081304e6	0	11011.918322176289	14885.13298001198	0
3.8032160000000004	94050.60678987433	5.31447586222447e6	0	10472.448940617287	25076.53763317765	0
3.813104	91001.5593971291	5.291190570163123e6	0	9941.390357753118	42118.93984925024	0
3.822992	88057.84981908434	5.258623323771599e6	0	9426.816842818975	66802.92429606499	0
3.8328800000000003	86262.20796067521	5.208226204433238e6	0	8876.587659297353	77717.35406965272	0
3.842768	85739.6958315472	5.140236901568032e6	0	8310.017870040634	63719.297492739955	0
3.852656	85339.86557865918	5.067728029244437e6	0	7828.517540929276	49110.61462278492	0
3.862544	84914.46325715599	4.993867445300939e6	0	7450.987029161226	37210.70332420791	0
3.8724320000000003	84318.35637544359	4.92165250674009e6	0	7193.493242593149	28985.794472772843	0
3.88232	82965.74305675353	4.863212224551145e6	0	7202.555817584393	29192.759865002474	0
3.892208	80818.99117010905	4.819535023389724e6	0	7488.569847690466	38662.88779121051	0
3.9020960000000002	78485.33371615573	4.77820768057242e6	0	7881.516464858878	52210.86319510002	0
3.9119840000000003	76064.45464467052	4.7372701416658135e6	0	8351.386034925736	68319.62744294519	0
3.921872	73646.28786441886	4.69482936163462e6	0	8861.034350159509	82322.53180052828	0
3.93176	71624.40464952296	4.640348490813858e6	0	9297.580753686294	69045.73561386741	0
3.9416480000000003	69927.0857553163	4.575675642456373e6	0	9620.89280046961	41785.95852652331	0
3.9515360000000004	68212.04710496796	4.51052440643547e6	0	9855.236494880766	23409.884541075488	0
3.961424	66419.71230042193	4.4469507386169685e6	0	9971.401854688163	12805.255756950268	0
3.971312	64497.39175294614	4.386896393014011e6	0	9942.923925414443	7213.433161587411	0
3.9812000000000003	61789.76120523194	4.340153791491873e6	0	9571.824477519396	5251.792934504985	0
3.991088	58564.557654845026	4.305250990561123e6	0	8938.55370004531	4878.3862915726095	0
4.0009760000000005	55583.077759733336	4.273446520198055e6	0	8278.136430812116	4843.43929152614	0
4.010864000000001	53012.12099737941	4.2430446517792195e6	0	7649.960532761172	5007.9472630705595	0
4.020752000000001	50988.01782940478	4.212399481631226e6	0	7097.666488351109	5254.277134968086	0
4.03064	50626.56726175458	4.1715169276434137e6	0	6803.574673449087	5011.012673439851	0
4.040528	51606.52868073086	4.1229001879550503e6	0	6710.150678673813	4398.328576079179	0
4.050416	52948.635193855014	4.0748795748433135e6	0	6672.6244789173725	3821.2192422928842	0
4.060304	54421.000524391915	4.029279203293319e6	0	6668.422354353399	3316.0581283794227	0
4.0701920000000005	55767.03753454834	3.9878429971665586e6	0	6675.813921114786	2900.6944399312165	0
4.080080000000001	55653.58412371278	3.9609370837859735e6	0	6606.983924368598	2649.8990627058965	0
4.089968	53727.01906263665	3.950982854704025e6	0	6436.592811434846	2558.3766581965765	0
4.099856	51644.151666443875	3.9440671268455125e6	0	6263.711163380233	2512.6036724689147	0
4.109744	49662.939313434	3.937587248404681e6	0	6099.784410258779	2499.6203872178407	0
4.119632	48004.354546514325	3.928960010781463e6	0	5955.092309751472	2508.3081895002856	0
4.12952	47063.66832470814	3.913976791502246e6	0	5851.290564240693	2523.5743438640184	0
4.139408	48734.31928523726	3.87652592184678e6	0	5899.220511338902	2496.49711620296	0
4.1492960000000005	50799.262734154894	3.834557491543343e6	0	5957.655709144817	2473.1736993466693	0
4.159184	52991.165433228416	3.7896794843669995e6	0	6006.529832227978	2454.22038773132	0
4.169072	54995.00816555746	3.743440415997916e6	0	6025.165748420809	2440.2520892322113	0
4.17896	56282.33009916485	3.697576935913594e6	0	5984.113515246154	2434.660025659967	0
4.188848	54739.57732076224	3.656128876624218e6	0	5775.113182063191	2467.1505022963347	0
4.198736	52585.94893126656	3.616610722941297e6	0	5517.510553970812	2497.3247577012357	0
4.208624	50076.82773288155	3.579555557896569e6	0	5225.31974156949	2516.7323328015286	0
4.2185120000000005	47441.961322298805	3.545476416115715e6	0	4911.731559645852	2516.7624555715215	0
4.228400000000001	44925.11512139518	3.5159563314764895e6	0	4586.902205903231	2475.3870541373144	0
4.238288	42932.77463462499	3.49730708756511e6	0	4253.025916608651	2316.063888472774	0
4.248176	41170.49919598365	3.4809164213548056e6	0	3932.0976351902154	2152.2039834909833	0
4.258064	39678.55186022117	3.4653557308245064e6	0	3632.000627127903	1999.9636528833025	0
4.267952	38492.23109944305	3.449223348866922e6	0	3358.230776168283	1871.3147975446698	0
4.27784	37645.49677419432	3.431144005706855e6	0	3114.3384171131415	1775.161940852483	0
4.287728	38081.96293133356	3.4044358971427907e6	0	2888.060167399956	1799.2393593469014	0
4.2976160000000005	38742.17188443902	3.3744436361898063e6	0	2699.7851248996803	1854.800138728475	0
4.307504	39453.189293735755	3.341260592091189e6	0	2552.334782911533	1935.2312393772343	0
4.317392	40044.617724629425	3.3049122659488167e6	0	2447.950201753607	2034.9805895087115	0
4.32728	40336.70693197948	3.2654361879596417e6	0	2389.4340318652025	2147.5506938659028	0
4.337168	39136.57303111134	3.2220376185967647e6	0	2461.6947351440103	2230.3383180422584	0
4.347056	37523.92961595869	3.1757885642755325e6	0	2582.7650017424185	2311.094546373983	0
4.356944	35737.98184027246	3.1270632111661066e6	0	2734.3321248538787	2392.9198576357358	0
4.3668320000000005	33902.16740988061	3.076149056831304e6	0	2903.58752147236	2475.7124588769802	0
4.376720000000001	32120.883720160542	3.02322225208353e6	0	3073.0115157954333	2560.5062951863724	0
4.386608	30515.735544189058	2.960994821312005e6	0	3129.580885757698	2735.017870258192	0
4.396496	29103.625974630748	2.8994786256329236e6	0	3161.9064060454416	2896.4988392178916	0
4.406384	27931.947440561853	2.840663283918686e6	0	3173.699919065712	3016.2731708454116	0
4.416272	27041.46069410984	2.786378294037558e6	0	3169.2019543778065	3063.07307071898	0
4.42616	26471.45729991989	2.738317259631066e6	0	3152.930203516042	3008.4213954155002	0
4.436048	27156.459063639926	2.7111337158286218e6	0	3157.192192994485	2551.0013137014816	0
4.4459360000000006	28189.924916450043	2.691468884915016e6	0	3155.176288936856	2084.532519662047	0
4.455824	29292.574861373036	2.675917934304131e6	0	3140.3764392082635	1697.1062471737202	0
4.465712	30268.987389436134	2.662796485939492e6	0	3109.9608829514063	1404.6104834434432	0
4.4756	30899.312293705927	2.6504625669534337e6	0	3061.420187859472	1205.850438743092	0
4.485488	29411.85075904855	2.633000761128069e6	0	2984.6168587562156	1269.6633215067015	0
4.495376	27366.12826386022	2.613416943663972e6	0	2887.14561759975	1432.783786612924	0
4.505264	25300.43500160956	2.5920898660021713e6	0	2771.8583022309435	1654.9424498121255	0
4.5151520000000005	23417.127411695245	2.568666208652488e6	0	2640.584576736994	1916.7625645165808	0
4.525040000000001	21862.389385260878	2.542811637105652e6	0	2495.5159184152026	2180.7704791629117	0
4.534928	21451.747792007194	2.5107829676358607e6	0	2310.4526409990344	2197.2236334711265	0
4.544816	21674.9495233484	2.4752504716080963e6	0	2116.7902255813965	2058.2742068844486	0
4.554704	22093.211178466747	2.4387813408030984e6	0	1938.6085787225124	1882.6667285033916	0
4.564592	22609.384077479644	2.40226199482757e6	0	1782.3921986467915	1698.2251977969581	0
4.57448	23119.133883160917	2.366528476402914e6	0	1652.2909496232744	1525.7349753200895	0
4.584368	22809.117058305925	2.3352615385077666e6	0	1588.2623595266853	1472.15647271718	0
4.594256000000001	22355.39037832992	2.305877066967913e6	0	1548.0345051673075	1431.4227541656142	0
4.604144000000001	21880.904994466662	2.2781652163528693e6	0	1524.4509130481936	1386.1619149217738	0
4.614032	21453.010921410216	2.252127533982212e6	0	1513.9532175131849	1327.4690602638993	0
4.62392	21134.009142652198	2.227766631489275e6	0	1513.4548031237223	1248.3361576871384	0
4.633808	21436.82923016917	2.2079432984696664e6	0	1518.5728299523792	1076.5943255715463	0
4.643696	22129.816761699345	2.1906431710962495e6	0	1527.5851015958744	881.8629621862204	0
4.653584	22880.438837296748	2.173343628212075e6	0	1539.0918471168948	719.6256489261145	0
4.6634720000000005	23591.335595553766	2.1551361832445473e6	0	1550.8028083016006	593.2945718892864	0
4.673360000000001	24153.203431506798	2.135143834263177e6	0	1560.3611201512256	501.1803327652639	0
4.683248	24075.522539503956	2.108876376257957e6	0	1554.3824719176164	465.24901850092795	0
4.693136	23319.68283719626	2.076248922186577e6	0	1532.3970358671104	477.1836027148403	0
4.703024	22397.963263165228	2.0423295613225282e6	0	1509.6637416636784	501.59105543125895	0
4.712912	21401.597052134748	2.0080534889775238e6	0	1489.1114022105846	533.1597351140379	0
4.7228	20410.2535411536	1.9742980894779596e6	0	1473.5155791429859	565.44094701741	0
4.7326880000000005	19526.863222551296	1.9425357567512125e6	0	1482.7945671313705	575.9206900369797	0
4.742576000000001	18798.33021899158	1.9134293589522142e6	0	1518.3375495692694	557.432276042332	0
4.752464000000001	18208.926287626422	1.886545326962384e6	0	1552.3582152922531	528.7734178843821	0
4.762352	17786.066035258347	1.8622366454084644e6	0	1577.2068563039393	491.9623161779799	0
4.77224	17557.318507731285	1.8408428728609302e6	0	1584.8760529218914	449.2782841464009	0
4.782128	18184.466528850753	1.8283572983673362e6	0	1525.7221868799422	383.8604391335386	0
4.792016	19190.63808154938	1.8199869117376837e6	0	1434.712337082061	320.72508285504057	0
4.801904	20274.491806051603	1.812932905651657e6	0	1331.7602482728346	269.55823802613725	0
4.8117920000000005	21264.8528384973	1.8059310669214604e6	0	1224.3552636186414	231.41277521530512	0
4.821680000000001	21958.70675650906	1.7977374918287077e6	0	1118.5551332153364	206.05920369169993	0
4.831568	21642.90644639082	1.783881362801548e6	0	1022.6756651790513	202.1819144144436	0
4.841456	19854.56485110613	1.7608933475352784e6	0	941.4451334867058	229.5381965385566	0
4.851344	17883.221423471023	1.7365259433305063e6	0	866.7251304264728	270.7317347550751	0
4.861232	15923.779972649068	1.7117481614391014e6	0	798.6652803852512	326.8219116336863	0
4.87112	14113.543286998925	1.6874777968482808e6	0	737.2470173001797	397.8205588605648	0
4.8810080000000005	12633.469981207354	1.666114500708699e6	0	678.3396142367536	471.78372116927915	0
4.890896000000001	11615.422522190831	1.650409596923571e6	0	617.8849307914758	523.5594924636562	0
4.900784000000001	10766.57596065829	1.6360637404679507e6	0	568.6182379631508	571.3585150242445	0
4.910672	10066.885373732921	1.6226770645849982e6	0	531.6677742628715	613.7629115101371	0
4.92056	9500.188837516913	1.609864006253471e6	0	507.9487228566686	649.6381803878705	0
4.930448	9053.857052190702	1.5972515319195215e6	0	498.66972643230355	678.189552842133	0
4.940336	8718.544548569389	1.5844782505150277e6	0	505.91009159744885	698.9868338006704	0
4.950224	8488.051233942506	1.571194364269539e6	0	533.4018309216574	711.9589153674004	0
4.9601120000000005	8359.307835667247	1.5570624108381744e6	0	587.7736256887578	717.3623823708535	0
4.970000000000001	8332.506311898882	1.5417587481419716e6	0	680.759534909698	715.7307657991106	0