0.026	3.856620421159995e7	9.23670857187e9	0	8.199608244599994e7	8.531678524170007e9	0
0.035888	5.289325330440009e7	1.309200675842904e10	0	1.1739991562874256e8	1.2924408708409285e10	0
0.045776	6.926998033175027e7	1.7007343571212833e10	0	1.5840751025007105e8	1.7919954217106068e10	0
0.055664000000000005	8.691085365913856e7	2.04317778521791e10	0	2.0270784106194073e8	2.2989980394094444e10	0
0.065552	1.0481414600675797e8	2.2904106962554943e10	0	2.475743344988834e8	2.758933796467358e10	0
0.07544000000000001	1.2190330604242457e8	2.4174428973983757e10	0	2.9042532184611106e8	3.130908757700124e10	0
0.085328	1.3718086375076836e8	2.4240013943326546e10	0	3.2931432313734317e8	3.396655315690306e10	0
0.095216	1.4986037451966947e8	2.329922147753981e10	0	3.6323487389601964e8	3.561311478712329e10	0
0.105104	1.5945131006238526e8	2.1661073764359253e10	0	3.9221005911972684e8	3.648138658640269e10	0
0.11499200000000001	1.6578687051881057e8	1.9653807761556503e10	0	4.1721285830920637e8	3.691144863826892e10	0
0.12488	1.7009597770660162e8	1.75606141684463e10	0	4.4000529566350526e8	3.794700960673599e10	0
0.134768	1.723828855749327e8	1.5737907339247316e10	0	4.629913520386033e8	3.960033787341315e10	0
0.144656	1.7186560672089997e8	1.418550212345502e10	0	4.963934824032743e8	4.130157265720814e10	0
0.15454400000000001	1.686961694096787e8	1.2845340253099506e10	0	5.3374452972396696e8	4.303725114592745e10	0
0.164432	1.6314342381933472e8	1.1748289360087128e10	0	5.694171374714363e8	4.477658278149173e10	0
0.17432	1.5556386283400658e8	1.0910803435590557e10	0	5.900078945711005e8	4.651156272707637e10	0
0.184208	1.4414585049702436e8	1.0798798302514011e10	0	6.002652879860768e8	4.823150780266372e10	0
0.19409600000000002	1.3232133350560422e8	1.090714107222314e10	0	6.027639701718515e8	4.9920116562091515e10	0
0.20398400000000003	1.2112095261576825e8	1.108062622164992e10	0	5.991846629205629e8	5.155966758953858e10	0
0.213872	1.1108535086149175e8	1.1229020005633059e10	0	5.913902244789923e8	5.31211831146542e10	0
0.22376000000000001	1.0312901689620648e8	1.1165114274492096e10	0	5.81270583179744e8	5.4502299294497345e10	0
0.23364800000000002	9.908323078605427e7	1.0437218257548998e10	0	5.738244563476847e8	5.579169661747033e10	0
0.243536	9.62256456664169e7	9.655884403328308e9	0	5.744963555991223e8	5.69908057523212e10	0
0.25342400000000004	9.430893780435243e7	8.897529248887573e9	0	5.749773548144119e8	5.810230157743684e10	0
0.26331200000000005	9.312926368645906e7	8.218664244681374e9	0	5.751470095284551e8	5.9130017997689964e10	0
0.27320000000000005	9.251043705991092e7	7.799479467735094e9	0	5.74885134759498e8	6.02347359102168e10	0
0.28308800000000006	9.212289421039987e7	7.686561622936654e9	0	5.740725800075519e8	6.147348180185065e10	0
0.29297600000000007	9.189030934379825e7	7.660037420834766e9	0	5.721942856166383e8	6.259018377985358e10	0
0.302864	9.189417193372643e7	7.695298195380578e9	0	5.693833539286904e8	6.352643197913038e10	0
0.31275200000000003	9.206028491672173e7	7.769253651611086e9	0	5.658819756622142e8	6.422213368202907e10	0
0.32264000000000004	9.231509634347391e7	7.8587945046279125e9	0	5.617030741881783e8	6.461736367855963e10	0
0.33252800000000005	9.251209911157484e7	7.888770193401642e9	0	5.568620030757675e8	6.465471278769948e10	0
0.34241600000000005	9.265172665734541e7	7.895419861140908e9	0	5.513764521223625e8	6.380270443612069e10	0
0.35230400000000006	9.270130081930095e7	7.89395845240895e9	0	5.449025089632403e8	6.284818052440961e10	0
0.36219200000000007	9.261090306900766e7	7.8809929597507305e9	0	5.3789916541632e8	6.211646116029471e10	0
0.3720800000000001	9.228119821230955e7	7.808584250824104e9	0	5.3046414431660485e8	6.256659779941507e10	0
0.3819680000000001	9.124369022062308e7	7.718081918170216e9	0	5.226865873236377e8	6.349969914011927e10	0
0.39185600000000004	9.002707680309163e7	7.617911182176481e9	0	5.1465227123266566e8	6.47491215227495e10	0
0.40174400000000005	8.870555885955602e7	7.51507047844117e9	0	5.066116071419913e8	6.6162026598059364e10	0
0.41163200000000005	8.734993649393164e7	7.416210305501962e9	0	4.987314080190538e8	6.733440162704978e10	0
0.42152000000000006	8.6027065685992e7	7.327638500337374e9	0	4.906296599074077e8	6.7611321910968094e10	0
0.43140800000000007	8.489796659503795e7	7.280914921768138e9	0	4.822748955938292e8	6.7708415098408226e10	0
0.4412960000000001	8.401366535157676e7	7.290580166541988e9	0	4.7363912452411234e8	6.7665722983532364e10	0
0.4511840000000001	8.324885893434806e7	7.300344170564234e9	0	4.649883743584472e8	6.752424253397088e10	0
0.46107200000000004	8.261197980845973e7	7.302471013644815e9	0	4.560287646001729e8	6.732520597180956e10	0
0.47096000000000005	8.211165878027724e7	7.289231761847623e9	0	4.4640443915413344e8	6.727835015226682e10	0
0.48084800000000005	8.197624990457137e7	7.2128697302600355e9	0	4.359676041945358e8	6.734778535859292e10	0
0.49073600000000006	8.20232478454086e7	7.0947170419126625e9	0	4.224867279995473e8	6.739416102866057e10	0
0.5006240000000001	8.209102587852909e7	6.969024922185782e9	0	4.082113266893775e8	6.740275655219765e10	0
0.5105120000000001	8.210636967488264e7	6.845475530478616e9	0	3.94152757962064e8	6.735889412283253e10	0
0.5204000000000001	8.199608244600314e7	6.733092983282254e9	0	3.808909597470453e8	6.724803690611748e10	0
0.5302880000000001	8.127175061484104e7	6.7114014548524275e9	0	3.6947645802414227e8	6.692985335247776e10	0
0.5401760000000001	8.03505447372452e7	6.713775749197606e9	0	3.625104673820217e8	6.6528446887398674e10	0
0.5500640000000001	7.92597582661903e7	6.724165119571048e9	0	3.564829344668326e8	6.607054868861911e10	0
0.5599520000000001	7.802672460627867e7	6.733966604997107e9	0	3.5095038353552866e8	6.55691739968479e10	0
0.5698400000000001	7.667834532817326e7	6.734536679731953e9	0	3.4549825141217864e8	6.50370803007699e10	0
0.579728	7.519139504995692e7	6.701430410578893e9	0	3.3867965639093107e8	6.450304740450973e10	0
0.589616	7.358123954423685e7	6.598773417973553e9	0	3.302324405404781e8	6.400770873214516e10	0
0.599504	7.201472684880924e7	6.486703449439474e9	0	3.2177983962043476e8	6.3492728722337685e10	0
0.609392	7.054835635558252e7	6.372085184607535e9	0	3.1357618167651975e8	6.295458638511666e10	0
0.61928	6.953861932288207e7	6.2613413597109375e9	0	3.058504409142106e8	6.238992140700487e10	0
0.6291680000000001	6.897483357465674e7	6.172293153335833e9	0	3.011500290932961e8	6.182118395343608e10	0
0.6390560000000001	6.857325956458206e7	6.106562904016658e9	0	2.979734822917894e8	6.124348264064442e10	0
0.6489440000000001	6.826583900239646e7	6.051988575431216e9	0	2.9512342818184763e8	6.0621091767980934e10	0
0.6588320000000001	6.79863221443036e7	6.008089809997443e9	0	2.922344633842888e8	5.994244753349322e10	0
0.6687200000000001	6.766967828413802e7	5.97444906055445e9	0	2.889556287112323e8	5.919670910546523e10	0
0.6786080000000001	6.725213797372624e7	5.970168397389075e9	0	2.849529644049221e8	5.837387985669956e10	0
0.6884960000000001	6.6178213850905515e7	5.978196270598696e9	0	2.7952887956385034e8	5.746494431021205e10	0
0.6983840000000001	6.504612556537021e7	5.987459960879116e9	0	2.7109371552972484e8	5.631337293547973e10	0
0.7082720000000001	6.392308336911347e7	5.992199774735683e9	0	2.625384102700171e8	5.512968159638079e10	0
0.7181600000000001	6.2851730751930974e7	5.986644895862538e9	0	2.5417728848893148e8	5.396928333510405e10	0
0.7280480000000001	6.192276081334938e7	5.959415262716046e9	0	2.4673730558707437e8	5.291810649796764e10	0
0.7379360000000001	6.124063737603186e7	5.870658077927581e9	0	2.4071497378038773e8	5.239416385060018e10	0
0.747824	6.061143268717064e7	5.772424528847015e9	0	2.3533096304954782e8	5.190308455948208e10	0
0.757712	6.000528547012502e7	5.670652124058671e9	0	2.3050304537706906e8	5.134284327564274e10	0
0.7676000000000001	5.932435951679657e7	5.570907395371195e9	0	2.261569020443564e8	5.061602211045559e10	0
0.7774880000000001	5.853601807425616e7	5.491548234993694e9	0	2.222248193750067e8	4.963206118877848e10	0
0.7873760000000001	5.772496712619518e7	5.44325251170348e9	0	2.1930626717915693e8	4.808295277208691e10	0
0.7972640000000001	5.690383766752189e7	5.40308994313938e9	0	2.1678614695698014e8	4.610312561392759e10	0
0.8071520000000001	5.608461046095853e7	5.368591063165308e9	0	2.141945279745128e8	4.417089824575892e10	0
0.8170400000000001	5.527860714549537e7	5.337369107486239e9	0	2.1132522732756191e8	4.26699447367985e10	0
0.8269280000000001	5.455375693855347e7	5.307100510288926e9	0	2.079841368877673e8	4.159377669186807e10	0
0.8368160000000001	5.386886220286779e7	5.267783085826494e9	0	2.0387348396106616e8	4.071043896219719e10	0
0.8467040000000001	5.3209398268398546e7	5.224409926516174e9	0	1.978373939731489e8	3.9956611808314606e10	0
0.8565920000000001	5.2574273797496475e7	5.180560333133894e9	0	1.9162758085667083e8	3.9274552848035866e10	0
0.8664800000000001	5.196244652544554e7	5.136526776514535e9	0	1.854776178181313e8	3.861071602689096e10	0
0.8763680000000001	5.137292041884402e7	5.092592318730694e9	0	1.7978692065835157e8	3.775140514578211e10	0
0.8862560000000002	5.0802699059023894e7	5.0566686395532055e9	0	1.7491421060020494e8	3.686042642782799e10	0
0.896144	5.024729584332841e7	5.019222628192318e9	0	1.7042051194320834e8	3.5945856662612755e10	0
0.9060320000000001	4.971673947207126e7	4.978328790519075e9	0	1.662761533615802e8	3.50037875315834e10	0
0.9159200000000001	4.921238343952501e7	4.93222063070215e9	0	1.624542082728004e8	3.4006231935943043e10	0
0.9258080000000001	4.875938009693059e7	4.875095538715063e9	0	1.591529400065918e8	3.289443439578897e10	0
0.9356960000000001	4.8361569530025624e7	4.799551458714269e9	0	1.5625566220056608e8	3.1791351628652508e10	0
0.9455840000000001	4.797282590340226e7	4.719705188489648e9	0	1.535355819049835e8	3.0721677109047226e10	0
0.9554720000000001	4.757707351871156e7	4.63808342459857e9	0	1.5091285836146638e8	2.97068707282926e10	0
0.9653600000000001	4.7158769083411865e7	4.557057115656782e9	0	1.483129704108933e8	2.881376976818619e10	0
0.9752480000000001	4.658853047937738e7	4.48654555064428e9	0	1.4566642311482534e8	2.804506177950177e10	0
0.9851360000000001	4.59397397987345e7	4.427100301829345e9	0	1.429017955297227e8	2.733763236317382e10	0
0.9950240000000001	4.527831296369753e7	4.3717031822793255e9	0	1.3950420399436966e8	2.6682716615196297e10	0
1.004912	4.462423760965664e7	4.31974326553795e9	0	1.3606680169763058e8	2.6072357636981106e10	0
1.0148000000000001	4.3996378326104194e7	4.2706413765237875e9	0	1.3262837641867971e8	2.553563797211033e10	0
1.024688	4.341889385850519e7	4.2238462936754904e9	0	1.2922431800551823e8	2.503474108236604e10	0
1.0345760000000002	4.299778331843945e7	4.178831691304745e9	0	1.2593580694271007e8	2.4541861439178288e10	0
1.044464	4.2617961938219e7	4.139993626727432e9	0	1.2283418527073784e8	2.4042199750627827e10	0
1.0543520000000002	4.227199060306957e7	4.0996039355156384e9	0	1.1979205531813812e8	2.352217678103587e10	0
1.06424	4.195273187874802e7	4.0553288918633804e9	0	1.1679616820851293e8	2.2956269901831955e10	0
1.0741280000000002	4.167094883663425e7	4.003870628217814e9	0	1.1383453836905475e8	2.2215359251801273e10	0
1.084016	4.143431215145774e7	3.9354407761717196e9	0	1.1060909918525489e8	2.1460552045307896e10	0
1.0939040000000002	4.1192002990226746e7	3.8601838986655064e9	0	1.072602813344793e8	2.0708448483353405e10	0
1.103792	4.092654093586977e7	3.779669402628407e9	0	1.0407180409283225e8	1.9973627761448242e10	0
1.1136800000000002	4.062092823037747e7	3.6953942502892675e9	0	1.0112273011915739e8	1.926871055145468e10	0
1.1235680000000001	4.0258782800741665e7	3.608766842325059e9	0	9.848305620504905e7	1.8699499069712296e10	0
1.133456	3.969344292094645e7	3.517026005259645e9	0	9.621587940587556e7	1.8287732580748516e10	0
1.1433440000000001	3.9025634605870835e7	3.422533569076749e9	0	9.543346919994865e7	1.7865286450235252e10	0
1.153232	3.8350614623321965e7	3.3330320901427784e9	0	9.484495062023656e7	1.74045139765644e10	0
1.1631200000000002	3.769582966051472e7	3.2510736313586397e9	0	9.419845923291549e7	1.6880961262587446e10	0
1.173008	3.708688687468151e7	3.178963480691462e9	0	9.331129417410357e7	1.6274114469970982e10	0
1.1828960000000002	3.667216126082623e7	3.1361342557344723e9	0	9.179491551888347e7	1.5462885120684837e10	0
1.192784	3.633357458417532e7	3.108244435747157e9	0	8.919946406541179e7	1.4612912736395414e10	0
1.2026720000000002	3.606119264615689e7	3.0851894971980305e9	0	8.63891925856182e7	1.3809243896842121e10	0
1.21256	3.585048596293602e7	3.0632297779035044e9	0	8.35043521457945e7	1.3195354913497175e10	0
1.2224480000000002	3.569732507287162e7	3.0383060853306584e9	0	8.095223775113054e7	1.2681509552447048e10	0
1.232336	3.5627614150447845e7	2.98284163865511e9	0	7.887756555588971e7	1.223876962077793e10	0
1.2422240000000002	3.5655197050809175e7	2.922701090455403e9	0	7.695430686414008e7	1.185171456440041e10	0
1.2521120000000001	3.5674777439956054e7	2.8601629288363924e9	0	7.514896434885953e7	1.150696816533118e10	0
1.2620000000000002	3.565471816605042e7	2.797344461667173e9	0	7.343101801800235e7	1.120592204046905e10	0
1.2718880000000001	3.542760193713049e7	2.736191956913255e9	0	7.177255760816616e7	1.0962731544567842e10	0
1.2817760000000002	3.498369729104883e7	2.6845374811650267e9	0	7.014802755081856e7	1.0715334092678171e10	0
1.2916640000000001	3.4476359114539e7	2.6477869112853584e9	0	6.831737219924717e7	1.0446335625945616e10	0
1.301552	3.394528134178741e7	2.6128698792668e9	0	6.653168742815502e7	1.0140260722953184e10	0
1.3114400000000002	3.3427996254073545e7	2.578337477886946e9	0	6.484748911664165e7	9.784006280895212e9	0
1.321328	3.295981618434411e7	2.54281639674796e9	0	6.328609527197149e7	9.291230087997213e9	0
1.3312160000000002	3.28932614356975e7	2.505010456363611e9	0	6.191271352610414e7	8.724968786301397e9	0
1.341104	3.2927690191823494e7	2.459165959401928e9	0	6.09080665252202e7	8.1795294481994915e9	0
1.3509920000000002	3.297793838891391e7	2.4091246548510942e9	0	6.002206461383517e7	7.6753980030212965e9	0
1.36088	3.300872686347491e7	2.358204956833659e9	0	5.9217970018612206e7	7.381111634169691e9	0
1.3707680000000002	3.298467530417124e7	2.307184273779392e9	0	5.846122317336478e7	7.196678758852176e9	0
1.380656	3.2808484711898208e7	2.260272966172345e9	0	5.771908040406418e7	7.059494587777685e9	0
1.3905440000000002	3.2306783317929875e7	2.2146010736306863e9	0	5.696289175559642e7	6.949116628015849e9	0
1.4004320000000001	3.17579866379217e7	2.1693831773607864e9	0	5.6162073824843615e7	6.846733757424267e9	0
1.4103200000000002	3.1195929559823032e7	2.1242661394823759e9	0	5.528561307749056e7	6.734703470338071e9	0
1.4202080000000001	3.0652271043797463e7	2.0789269616154711e9	0	5.43070303029093e7	6.596568328869937e9	0
1.4300960000000003	3.0204867324085977e7	2.0331156860184608e9	0	5.3202489519982286e7	6.3863436127870035e9	0
1.4399840000000002	2.9868351531800978e7	1.9866504949701657e9	0	5.152167181621466e7	6.052628073383874e9	0
1.4498720000000003	2.9593143975602146e7	1.9391056398221288e9	0	4.9669028881249286e7	5.735183159073836e9	0
1.4597600000000002	2.93808177543041e7	1.890247006343032e9	0	4.783843048308586e7	5.445002124443038e9	0
1.469648	2.9233240448020924e7	1.8398787644062982e9	0	4.611207455375382e7	5.231171370466646e9	0
1.4795360000000002	2.918464384785394e7	1.7847570316538901e9	0	4.456047772637135e7	5.10700551627417e9	0
1.489424	2.9186183529710535e7	1.7258390658394427e9	0	4.335400684295896e7	5.008514343218286e9	0
1.4993120000000002	2.9207614639443226e7	1.667779523494538e9	0	4.291026922498169e7	4.921465216929925e9	0
1.5092	2.923012825888849e7	1.6118359115622656e9	0	4.258153534995894e7	4.832707490814368e9	0
1.5190880000000002	2.9234871062042817e7	1.559098543625542e9	0	4.2292028907341756e7	4.730040701793207e9	0
1.5289760000000001	2.919411287019102e7	1.5132540138368392e9	0	4.196835022972992e7	4.541294536658452e9	0
1.5388640000000002	2.902461581106284e7	1.4722992828445463e9	0	4.142143040170764e7	4.324257885059815e9	0
1.5487520000000001	2.879942391700187e7	1.4352625800579526e9	0	4.0629929618677355e7	4.1069868599736342e9	0
1.5586400000000002	2.853541443046078e7	1.402045899902731e9	0	3.976665768705937e7	3.8963257454328794e9	0
1.5685280000000001	2.82490970611912e7	1.3729921477103727e9	0	3.885445602446027e7	3.6987584207808313e9	0
1.5784160000000003	2.7954587762851834e7	1.3566657764775538e9	0	3.7900566847144864e7	3.5351794230716057e9	0
1.5883040000000002	2.766685757981842e7	1.342984895523868e9	0	3.693618940092741e7	3.3848461188240576e9	0
1.5981920000000003	2.7404694584604617e7	1.3302678708968315e9	0	3.599196680777566e7	3.2466716876760273e9	0
1.6080800000000002	2.718348741996082e7	1.3169008055377836e9	0	3.50898513377263e7	3.119678163929497e9	0
1.617968	2.7018245096149277e7	1.301335522146114e9	0	3.4249582663910605e7	3.0044289223510175e9	0
1.6278560000000002	2.7167077653931674e7	1.2821063133484802e9	0	3.35833348342734e7	2.9011297935897183e9	0
1.637744	2.7488418127565406e7	1.253527953321594e9	0	3.298504930763292e7	2.804863164422276e9	0
1.6476320000000002	2.7806529943978895e7	1.2161657806753023e9	0	3.244418420847842e7	2.7140581601749353e9	0
1.65752	2.8054809727168445e7	1.177842325791964e9	0	3.1952631055813536e7	2.6273215527427382e9	0
1.6674080000000002	2.816466609846892e7	1.139675953457463e9	0	3.15221188634402e7	2.5403176313905e9	0
1.6772960000000001	2.805893200050864e7	1.1022724318925e9	0	3.117699072431306e7	2.4535760301565924e9	0
1.6871840000000002	2.7286255021046236e7	1.0667191038403062e9	0	3.0849981175106857e7	2.369310463868775e9	0
1.6970720000000001	2.6426045167191725e7	1.0341120420238183e9	0	3.052229754478454e7	2.2875848804137073e9	0
1.7069600000000003	2.55510189918844e7	1.0052369657478579e9	0	3.0175942218982685e7	2.2084475707295475e9	0
1.7168480000000002	2.47816604120827e7	9.807980095244983e8	0	2.979376906509892e7	2.1319324430752165e9	0
1.7267360000000003	2.4275399949966162e7	9.614526668117676e8	0	2.9359640633896045e7	2.0658513151478748e9	0
1.7366240000000002	2.3848338980997056e7	9.612669766041662e8	0	2.8701331787725504e7	2.0011145832780278e9	0
1.7465120000000003	2.348204845817667e7	9.635195313688346e8	0	2.7953969277512632e7	1.9356707813225448e9	0
1.7564000000000002	2.3159558548280492e7	9.654911852073795e8	0	2.7227630031695675e7	1.8683516968500924e9	0
1.766288	2.2811780210665736e7	9.647855041897149e8	0	2.654927016250782e7	1.7981848028934407e9	0
1.7761760000000002	2.243791902185059e7	9.553626884068402e8	0	2.594317872917805e7	1.7206967512353146e9	0
1.786064	2.2091837747630343e7	9.292964876832162e8	0	2.5751944019061968e7	1.631758944840955e9	0
1.7959520000000002	2.178032625147005e7	8.993632416480054e8	0	2.5628978393688276e7	1.5467070564965231e9	0
1.8058400000000001	2.1509859848783024e7	8.673935003282981e8	0	2.5517800815434616e7	1.4679430953749037e9	0
1.8157280000000002	2.1286724575514838e7	8.3503131221603e8	0	2.537105866092053e7	1.4035892922000785e9	0
1.8256160000000001	2.128425685044162e7	8.070111886532482e8	0	2.5142592653922603e7	1.3541206017560885e9	0
1.8355040000000002	2.1335247842602618e7	7.83551850046294e8	0	2.4696116596521087e7	1.3100765755020478e9	0
1.8453920000000001	2.13842676551811e7	7.614959810829222e8	0	2.3965558673793174e7	1.2692450889619548e9	0
1.8552800000000003	2.140176686334105e7	7.406836797403344e8	0	2.320269966567141e7	1.2296774644195037e9	0
1.8651680000000002	2.1358192843677823e7	7.20969369009328e8	0	2.244537680065125e7	1.1831437498521254e9	0
1.8750560000000003	2.1185316684405494e7	7.022202096376501e8	0	2.180215402846966e7	1.1346898508932488e9	0
1.8849440000000002	2.078414993351103e7	6.833096378123546e8	0	2.1278360575979896e7	1.0874629660778012e9	0
1.8948320000000003	2.034394262817205e7	6.653238215214996e8	0	2.0809854553302124e7	1.0421220529447674e9	0
1.9047200000000002	1.98910127859679e7	6.485848512650267e8	0	2.0389472919307984e7	9.992745973190598e8	0
1.9146080000000003	1.9487740713307887e7	6.332129060332272e8	0	2.001073221843036e7	9.623001860920777e8	0
1.9244960000000002	1.9165649848139297e7	6.198674129158283e8	0	1.9667716594969172e7	9.27881268288582e8	0
1.934384	1.8876181015274744e7	6.116959187625436e8	0	1.936745813455398e7	8.957556653127482e8	0
1.9442720000000002	1.861709239907071e7	6.043244686563822e8	0	1.9090958863683783e7	8.656876892322631e8	0
1.9541600000000001	1.8386341467215654e7	5.969861851499053e8	0	1.8829784368619174e7	8.374649593214605e8	0
1.9640480000000002	1.8182062438397907e7	5.8895156164866e8	0	1.8577190525414333e7	8.111821818779764e8	0
1.9739360000000001	1.8060148644920245e7	5.795324463457272e8	0	1.832678994897683e7	7.868612183751802e8	0
1.9838240000000003	1.796674674638331e7	5.659680381594307e8	0	1.8078098508911397e7	7.636894100522301e8	0
1.9937120000000002	1.7869432260858998e7	5.487194014265538e8	0	1.7832820648462296e7	7.41418366678974e8	0
2.0036	1.775340290113871e7	5.313321461293059e8	0	1.7564589068490658e7	7.198249778530223e8	0
2.013488	1.760428431019988e7	5.144577360085185e8	0	1.7264093163627937e7	6.987093271065333e8	0
2.0233760000000003	1.739491271366336e7	5.0077795489857745e8	0	1.6922890323502842e7	6.778932046552696e8	0
2.033264	1.7042168805179205e7	4.8945275930165505e8	0	1.6455830399174437e7	6.571200878448079e8	0
2.043152	1.6678876615973435e7	4.791939427198929e8	0	1.5898465382184481e7	6.363563664382845e8	0
2.05304	1.6323938476784442e7	4.6970702495032656e8	0	1.5346437172675913e7	6.155474152414427e8	0
2.062928	1.6042684262133854e7	4.607212317384382e8	0	1.4826291341075854e7	5.946144280353464e8	0
2.072816	1.590221796050337e7	4.519696962964674e8	0	1.436103513117309e7	5.734922769897817e8	0
2.082704	1.5802720935450103e7	4.404322642906509e8	0	1.411342611921737e7	5.517215744661045e8	0
2.092592	1.5728398886447497e7	4.291329030083778e8	0	1.3960635447269391e7	5.298346842279733e8	0
2.10248	1.5663925344035953e7	4.182844929643882e8	0	1.3860379422640147e7	5.0791241394009346e8	0
2.112368	1.5594272233950477e7	4.080781645119929e8	0	1.3798205269316064e7	4.8603248272796357e8	0
2.122256	1.550468712612538e7	3.98685990166214e8	0	1.3760302563603658e7	4.6385938978325176e8	0
2.132144	1.5272021670752032e7	3.902644561833598e8	0	1.3734241976929484e7	4.410331697455457e8	0
2.142032	1.499379187537598e7	3.8349689266203403e8	0	1.3709720487434361e7	4.190414973435227e8	0
2.15192	1.4728177039501946e7	3.781849570079883e8	0	1.3668256944627495e7	3.9821092631835663e8	0
2.161808	1.4489529792033952e7	3.729983385903706e8	0	1.3595855838190963e7	3.787992876488988e8	0
2.171696	1.4294405323287673e7	3.6716917683542866e8	0	1.3478982363432763e7	3.613706101091894e8	0
2.181584	1.4304197618107965e7	3.6049779480218834e8	0	1.3304944013320602e7	3.4578649053079426e8	0
2.191472	1.433515817968728e7	3.5338428580140907e8	0	1.3026102614963694e7	3.3165807129893917e8	0
2.20136	1.435792437244117e7	3.458899085602878e8	0	1.2661592846055755e7	3.189269545242106e8	0
2.211248	1.4342987572366592e7	3.3807448800922674e8	0	1.22563682820777e7	3.081452070971792e8	0
2.221136	1.418237405097039e7	3.299959184899941e8	0	1.1820897717164783e7	2.9875303847288483e8	0
2.231024	1.3760210060466707e7	3.20453471154988e8	0	1.1350666086807901e7	2.903485742843287e8	0
2.240912	1.3287447217380702e7	3.108940882028115e8	0	1.0878105223300325e7	2.8272935304648566e8	0
2.2508	1.279632109861026e7	3.017782555993121e8	0	1.0425541750225801e7	2.7571431649982876e8	0
2.260688	1.2315229878941113e7	2.933575347263929e8	0	1.0062791469841624e7	2.6915200999291486e8	0
2.270576	1.1868626452922396e7	2.858552687766624e8	0	9.753625492924422e6	2.6298619332394242e8	0
2.280464	1.1551608928607127e7	2.8009949977152383e8	0	9.493063491312278e6	2.5696454402703613e8	0
2.290352	1.1321980060368063e7	2.7762053758852255e8	0	9.27906864449985e6	2.5094898278663802e8	0
2.30024	1.112937711792945e7	2.7559084272127765e8	0	9.110140366494969e6	2.448142566843363e8	0
2.310128	1.0968724358123066e7	2.736029554574661e8	0	8.985317232064435e6	2.3844819998841628e8	0
2.320016	1.0835436327532394e7	2.712616946289668e8	0	8.904189878279064e6	2.3175254768748158e8	0
2.329904	1.072754498503842e7	2.669483790262486e8	0	8.91236263940622e6	2.2464417378988546e8	0
2.339792	1.0638728120159965e7	2.6063765080963185e8	0	9.007684928230774e6	2.164990451909727e8	0
2.34968	1.056460858904764e7	2.540001375422455e8	0	9.105105463641154e6	2.0775562919302356e8	0
2.359568	1.0501170536564285e7	2.4734867700163803e8	0	9.186355876864554e6	1.9911941350504905e8	0
2.369456	1.0444529337810498e7	2.4096611660805124e8	0	9.23257998070056e6	1.9071185082855585e8	0
2.379344	1.0387884249833746e7	2.3670658844354206e8	0	9.113379437487047e6	1.8273247204324973e8	0
2.3892320000000002	1.0322915864955293e7	2.334269979141145e8	0	8.895972633686494e6	1.751500496457977e8	0
2.39912	1.02564378266356e7	2.304045996576504e8	0	8.644874860157156e6	1.679544355238868e8	0
2.409008	1.0186979275613206e7	2.2743603570776024e8	0	8.378632819683738e6	1.6116303581973353e8	0
2.418896	1.0113112287578627e7	2.243283855378647e8	0	8.113993748675015e6	1.5624368713505688e8	0
2.428784	1.0033457158827351e7	2.2078751490047416e8	0	7.869904673647193e6	1.5166769916292307e8	0
2.438672	9.937883549560975e6	2.1574212886312273e8	0	7.710618092332558e6	1.4710755436497566e8	0
2.44856	9.833168485533286e6	2.1048457805503023e8	0	7.570185514018768e6	1.4230037904238662e8	0
2.458448	9.728743078631416e6	2.0512382197676444e8	0	7.447124353594498e6	1.3702010293391275e8	0
2.468336	9.627466305258e6	1.9975977548324218e8	0	7.340110351106191e6	1.3108337655567585e8	0
2.478224	9.557168099859454e6	1.9459471204337856e8	0	7.250830588808355e6	1.2379563921871102e8	0
2.488112	9.498195434831776e6	1.897519321948876e8	0	7.179631647204369e6	1.1542707279217717e8	0
2.498	9.440268051052336e6	1.8502967215094164e8	0	7.118208251657742e6	1.0754147590868679e8	0
2.507888	9.378129278393341e6	1.8042493259632903e8	0	7.0636330158295e6	1.0085370951020862e8	0
2.517776	9.306665086996514e6	1.759347888582723e8	0	7.013087669605875e6	9.550277431173599e7	0
2.527664	9.216927318115469e6	1.7130408016047654e8	0	6.974387519094546e6	9.096686425748044e7	0
2.5375520000000003	9.091312549364148e6	1.6672083070757085e8	0	6.937131069265891e6	8.713263132197948e7	0
2.54744	8.950741373525238e6	1.624282091981593e8	0	6.888423371500637e6	8.390658524313663e7	0
2.557328	8.79615263563567e6	1.585101280295873e8	0	6.821501681306821e6	8.121123592938216e7	0
2.567216	8.628537031178096e6	1.5504261512458032e8	0	6.729991232385773e6	7.898203003886475e7	0
2.577104	8.434438123079821e6	1.5349622127545974e8	0	6.515229479175482e6	7.891129094633085e7	0
2.586992	8.2169472632695185e6	1.5255907007706496e8	0	6.278323240464749e6	7.910875313462807e7	0
2.59688	8.00302954269213e6	1.5189961113620782e8	0	6.042202765123523e6	7.910710246757182e7	0
2.606768	7.800910276082429e6	1.5132590338215664e8	0	5.821262031756002e6	7.86156225779544e7	0
2.616656	7.617990959226196e6	1.5064945717311093e8	0	5.627840650386525e6	7.735734877747206e7	0
2.626544	7.505495677125857e6	1.496853332716734e8	0	5.502671583572036e6	7.509145684070168e7	0
2.636432	7.43391472429767e6	1.4789346797781095e8	0	5.485494739692112e6	7.107970867026949e7	0
2.6463200000000002	7.38104292814473e6	1.449164156261007e8	0	5.488374521207326e6	6.534304038395238e7	0
2.656208	7.340965087189123e6	1.4184896101396528e8	0	5.500575258848432e6	5.999103869443699e7	0
2.666096	7.307976932970266e6	1.3881257503373575e8	0	5.511370727805876e6	5.616587188133979e7	0
2.675984	7.277137464904019e6	1.3620527489577246e8	0	5.445434113959403e6	5.430801211268779e7	0
2.6858720000000003	7.2493093533449285e6	1.3409370894514464e8	0	5.313869184819911e6	5.320269273419519e7	0
2.69576	7.209506160057993e6	1.3217623322187325e8	0	5.172660470557266e6	5.256987994677407e7	0
2.705648	7.150699610276974e6	1.3040709290903781e8	0	5.032195267842015e6	5.215901467003859e7	0
2.715536	7.066217277712798e6	1.2874320407361414e8	0	4.901816306728575e6	5.173281985158608e7	0
2.725424	6.919896017853558e6	1.2714376082624331e8	0	4.789919894419854e6	5.106256914130165e7	0
2.735312	6.694452004894694e6	1.2563016068365526e8	0	4.704210811472221e6	4.87647100552457e7	0
2.7452	6.461670787562559e6	1.241037928001781e8	0	4.792323852644258e6	4.6106101835760064e7	0
2.755088	6.23698389894915e6	1.2250510678653468e8	0	4.876393975583402e6	4.342395350448588e7	0
2.764976	6.033788551015984e6	1.2078878864141476e8	0	4.931984012188922e6	4.079452741161042e7	0
2.774864	5.912553645322161e6	1.1891253744883394e8	0	4.935761260504415e6	3.82906196455971e7	0
2.784752	5.847434108618601e6	1.1673224283495457e8	0	4.817442101644134e6	3.602323048059902e7	0
2.7946400000000002	5.801878378468265e6	1.1388784626032613e8	0	4.524087441251943e6	3.391438843180351e7	0
2.804528	5.768057409649519e6	1.1100229933900273e8	0	4.229032250357544e6	3.197237009491282e7	0
2.814416	5.738426528808741e6	1.0816665018915138e8	0	3.96548772190237e6	3.0201855038510162e7	0
2.824304	5.6658123151438255e6	1.0546305833805947e8	0	3.865031787303112e6	2.7553607734260265e7	0
2.8341920000000003	5.586327016223169e6	1.0309776151223625e8	0	3.937859213286589e6	2.4744032333957896e7	0
2.84408	5.505743224551993e6	1.0112509230465859e8	0	4.065061043615319e6	2.3337497701055355e7	0
2.853968	5.426430414921986e6	9.936663922603667e7	0	4.221799064348968e6	2.280846117812717e7	0
2.863856	5.3506244712315155e6	9.781247470125206e7	0	4.380013791412028e6	2.279090864385943e7	0
2.8737440000000003	5.294518757234365e6	9.645391667189752e7	0	4.507385024349994e6	2.297297951902378e7	0
2.883632	5.283755092683937e6	9.528344777577214e7	0	4.297342888730804e6	2.3047780772762902e7	0
2.89352	5.273954024424598e6	9.429464601252584e7	0	4.0146079714686894e6	2.2416634433936283e7	0
2.903408	5.258856035091258e6	9.348212599922007e7	0	3.7355897829100788e6	2.1162197353812687e7	0
2.913296	5.232284096312901e6	9.28414900638941e7	0	3.484882331708788e6	1.972379487394367e7	0
2.923184	5.188242352040602e6	9.236928855497216e7	0	3.2807260228489866e6	1.841791303144763e7	0
2.933072	5.121084071220982e6	9.226504162042458e7	0	3.174533454750811e6	1.7486038871495552e7	0
2.9429600000000002	5.001303594861116e6	9.226920794804153e7	0	3.2598118369183317e6	1.7128699852117766e7	0
2.952848	4.861318838518492e6	9.232335802174763e7	0	3.379505303867058e6	1.729227611565238e7	0
2.962736	4.725525222087618e6	9.237031515311398e7	0	3.516053371880838e6	1.636795087161461e7	0
2.972624	4.622565218508043e6	9.233137425558695e7	0	3.6491629975323216e6	1.5415190948720131e7	0
2.9825120000000003	4.538571835960341e6	9.2114824832024e7	0	3.6686590099150417e6	1.4475113432011746e7	0
2.9924	4.4654720356726e6	9.173772426164967e7	0	3.5633794325449825e6	1.3580618213576106e7	0
3.002288	4.399583944451643e6	9.116307589831936e7	0	3.4330587015438084e6	1.2756972779771566e7	0
3.012176	4.335946022394237e6	9.035598587191759e7	0	3.2948997985167247e6	1.202298396832658e7	0
3.0220640000000003	4.261977714109161e6	8.928452934159073e7	0	3.163897452972585e6	1.1543953525647316e7	0
3.031952	4.1897724345660685e6	8.741527340457328e7	0	3.052805768958915e6	1.1271958759028053e7	0
3.04184	4.1197258727823007e6	8.508110227986181e7	0	3.068357794938695e6	1.1054744960295904e7	0
3.051728	4.0522058195911227e6	8.28060049387734e7	0	3.1110959479346913e6	1.0875516490344904e7	0
3.061616	3.9857478209575685e6	8.073459470916001e7	0	3.1499620519871046e6	1.0718899383847006e7	0
3.071504	3.920024081131802e6	7.899739964758818e7	0	3.1704082659457657e6	1.0570534524120795e7	0
3.081392	3.8589818427605266e6	7.882306332092485e7	0	3.14070145775669e6	1.0416875353755107e7	0
3.0912800000000002	3.803813491399593e6	7.922182190199606e7	0	2.9788024214979447e6	1.0162033307690768e7	0
3.101168	3.7556539532483346e6	7.989115674711889e7	0	2.802148826614205e6	9.902579183240559e6	0
3.111056	3.715602074344656e6	8.069117758626829e7	0	2.6283796145116743e6	9.651532270080594e6	0
3.120944	3.7095425302667497e6	8.147754827250938e7	0	2.471412913767356e6	9.413942207685474e6	0
3.1308320000000003	3.718005436906516e6	8.18877799634991e7	0	2.3708713044041297e6	9.21405498957475e6	0
3.14072	3.7268357243981618e6	8.124707798263866e7	0	2.33255551823541e6	9.10565782896208e6	0
3.150608	3.7309067976533137e6	8.050778116680907e7	0	2.3120374016724457e6	8.989626761025988e6	0
3.160496	3.7250819221416265e6	7.976086559375222e7	0	2.3035907181791672e6	8.845865096118493e6	0
3.1703840000000003	3.7009810749217174e6	7.909411932489938e7	0	2.3018240587202585e6	8.655771620575076e6	0
3.180272	3.6207634111810243e6	7.893702926865159e7	0	2.2922332541837287e6	8.344076476446624e6	0
3.19016	3.531536988418941e6	7.937159825742511e7	0	2.2779944753566473e6	7.929157764908241e6	0
3.2000480000000002	3.43857671825175e6	7.995812844510637e7	0	2.260861957406843e6	7.510405975738376e6	0
3.209936	3.346694308570322e6	8.062410138510485e7	0	2.239198159498054e6	7.111073235461073e6	0
3.219824	3.2736727795368666e6	8.129494686879264e7	0	2.210958713775937e6	6.805153889974671e6	0
3.229712	3.2316517026062454e6	8.18936519814975e7	0	2.1568984827413303e6	6.568171490464962e6	0
3.2396000000000003	3.1929189311182396e6	8.212853078010403e7	0	2.1003132089721574e6	6.370366273002408e6	0
3.249488	3.1534353284099875e6	8.219062801213636e7	0	2.0449677273435432e6	6.206800311890037e6	0
3.259376	3.1093620065295603e6	8.214322757910182e7	0	1.9942501763949846e6	6.0732988986576935e6	0
3.269264	3.057092625149367e6	8.200149371023579e7	0	1.9644609806562455e6	5.967210513997397e6	0
3.2791520000000003	2.9753603704813044e6	8.222250253625344e7	0	1.9739069275477836e6	5.920301485830639e6	0
3.28904	2.882040549626816e6	8.23412073432343e7	0	1.991188609499015e6	5.881724306008602e6	0
3.298928	2.7903636628577905e6	8.22566513775247e7	0	2.0117624950681601e6	5.840763425406783e6	0
3.308816	2.7041427996991095e6	8.186942100104284e7	0	2.0309335411125303e6	5.787012411220608e6	0
3.3187040000000003	2.6545863586164e6	8.108470735785519e7	0	2.043833576741068e6	5.680333215550317e6	0
3.328592	2.617913485591855e6	7.981644355618662e7	0	2.0455131525101317e6	5.482930365513567e6	0
3.33848	2.5885223220905624e6	7.754034844530517e7	0	2.0142567222999216e6	5.284821975087217e6	0
3.3483680000000002	2.5631854493831233e6	7.434740440951678e7	0	1.9628824053261436e6	5.101918398478365e6	0
3.358256	2.538825969927586e6	7.119451605107826e7	0	1.8994701294224288e6	4.947991757675551e6	0
3.368144	2.5124875702626174e6	6.825145855999924e7	0	1.8253053489431683e6	4.891697548616858e6	0
3.378032	2.4766132271744874e6	6.623644093070077e7	0	1.741386098361293e6	4.915106659387155e6	0
3.3879200000000003	2.427175811843853e6	6.4976987079280615e7	0	1.6276285919721618e6	4.96296370919332e6	0
3.397808	2.3763432947854283e6	6.403302539083189e7	0	1.5214033066998671e6	5.023262860443972e6	0
3.407696	2.325001350572714e6	6.330475677181789e7	0	1.4297390819275037e6	5.083574722395655e6	0
3.417584	2.274330014839906e6	6.26992778221546e7	0	1.370420640397089e6	5.070667973238389e6	0
3.4274720000000003	2.224986922053489e6	6.212817608729388e7	0	1.3727229577578718e6	5.023901767954876e6	0
3.43736	2.177206638178506e6	6.1061252368762024e7	0	1.3956956988063266e6	4.954923520078781e6	0
3.447248	2.1314590640208283e6	5.99930831626916e7	0	1.4334771926586505e6	4.865045880966263e6	0
3.457136	2.0881728923754662e6	5.897332761184921e7	0	1.4801182249772304e6	4.755820021441789e6	0
3.4670240000000003	2.0477407562088575e6	5.802679856979266e7	0	1.5290474517629985e6	4.628994708312175e6	0
3.476912	2.0130878262543427e6	5.7213633945975184e7	0	1.5423439829487693e6	4.492787402004618e6	0
3.4868	1.9817533615756743e6	5.66282890835361e7	0	1.527284384506477e6	4.359525037625392e6	0
3.4966880000000002	1.9532167267770965e6	5.612801255921296e7	0	1.5063364334151966e6	4.203593839967528e6	0
3.506576	1.9273136841709495e6	5.5693981705997705e7	0	1.4818006384206503e6	4.0232259131298917e6	0
3.516464	1.9038937258547891e6	5.530817303445197e7	0	1.4558801672781508e6	3.8178075674271416e6	0
3.526352	1.883167054278729e6	5.4969144587368146e7	0	1.4306449442953398e6	3.5501330169961555e6	0
3.5362400000000003	1.8656609413721731e6	5.465766989622671e7	0	1.4199925586845893e6	3.249402835968521e6	0
3.546128	1.8497046996640314e6	5.4335007743199356e7	0	1.4078716999137888e6	2.978673847817139e6	0
3.556016	1.8348668291386478e6	5.397830132683108e7	0	1.3915536819048172e6	2.7518535424075313e6	0
3.565904	1.8207311743547143e6	5.356534775197593e7	0	1.3668108072730568e6	2.6412224120292794e6	0
3.5757920000000003	1.8065720120057028e6	5.307478632879991e7	0	1.3240054069535295e6	2.598757757891379e6	0
3.58568	1.7921053931591345e6	5.2209507262002744e7	0	1.274728776775286e6	2.585153167242299e6	0
3.595568	1.7774347843754496e6	5.126672320442401e7	0	1.2211408373122225e6	2.5873945971009843e6	0
3.605456	1.7623570256407415e6	5.036269747342861e7	0	1.1652172649130048e6	2.59293250125789e6	0
3.6153440000000003	1.7466763336548393e6	4.954941920072271e7	0	1.1087011916259362e6	2.5006517602289366e6	0
3.625232	1.7336969153356815e6	4.891006563794252e7	0	1.0494393990687323e6	2.4039226307395655e6	0
3.63512	1.7204214641572281e6	4.872552188754103e7	0	990346.5586721789	2.310733489914152e6	0
3.6450080000000002	1.7049773401710668e6	4.867657352399557e7	0	936746.6293681806	2.2276179515745654e6	0
3.6548960000000004	1.6864194894728677e6	4.872843512511685e7	0	890161.863731083	2.1601922894968344e6	0
3.664784	1.663860892608265e6	4.88469682268167e7	0	851793.8991309515	2.133482734699232e6	0
3.674672	1.6364923323415231e6	4.89583093310279e7	0	822669.7990129855	2.1661389780468633e6	0
3.6845600000000003	1.5995066301782506e6	4.900702412034979e7	0	824899.438931611	2.208295262491687e6	0
3.694448	1.542230423635561e6	4.9043749190129854e7	0	834670.9296795314	2.252394282388658e6	0
3.704336	1.4868611774051432e6	4.905715001650099e7	0	845204.0944062587	2.2902925304581537e6	0
3.714224	1.436282690890675e6	4.9035904861969955e7	0	852498.4020955121	2.2487570790206846e6	0
3.7241120000000003	1.3929906297387187e6	4.896877159059886e7	0	847714.3750830893	2.1460050259212037e6	0
3.734	1.3721068454380813e6	4.882477935498377e7	0	812366.7793092171	2.0371859746151527e6	0
3.743888	1.3734492090291784e6	4.8608724375342906e7	0	772244.0255894401	1.9338726835918333e6	0
3.7537760000000002	1.377719967750708e6	4.832388893507772e7	0	730985.6484939076	1.8454736388034502e6	0
3.7636640000000003	1.380239576761502e6	4.79656654074499e7	0	691619.3452344076	1.7797380510591094e6	0
3.773552	1.3763049469559637e6	4.752993680272028e7	0	661285.3232739413	1.7436451472192132e6	0
3.78344	1.3349070739562958e6	4.7006430479115255e7	0	640735.1010515981	1.824016979966816e6	0
3.7933280000000003	1.2785606856183463e6	4.624425320055614e7	0	623831.3721410922	1.913016076562808e6	0
3.8032160000000004	1.2217990703495364e6	4.545340470317294e7	0	610092.086124116	1.994660839496265e6	0
3.813104	1.1693086101155314e6	4.466823413837898e7	0	599105.7381159309	2.0353086672837313e6	0
3.822992	1.1260714955633539e6	4.39208185358894e7	0	592039.6183227442	1.9711734599936192e6	0
3.8328800000000003	1.119799517069515e6	4.327745262697913e7	0	587296.6340323462	1.878133166249987e6	0
3.842768	1.1200186420632992e6	4.279726832656462e7	0	583697.6062138315	1.7712297486784223e6	0
3.852656	1.1233282142211488e6	4.239770852265976e7	0	580567.0439128521	1.6634524444207395e6	0
3.862544	1.126342051160343e6	4.207660540407158e7	0	577246.5168016553	1.5897700207147903e6	0
3.8724320000000003	1.119638650100823e6	4.183222653669948e7	0	572605.3248479173	1.5551637821609993e6	0
3.88232	1.0952847022332416e6	4.171875457590459e7	0	562857.2595664714	1.529907870233635e6	0
3.892208	1.0678451052832229e6	4.170398212869541e7	0	552092.9315606157	1.5117863514106618e6	0
3.9020960000000002	1.0391310252963383e6	4.172235433201757e7	0	540546.8362014288	1.4987881102519766e6	0
3.9119840000000003	1.0107922069334334e6	4.174803343218552e7	0	528442.6999058872	1.4890298960883997e6	0
3.921872	990601.2324052652	4.175514692938435e7	0	515990.9780636687	1.4691758841244124e6	0
3.93176	976637.4768032822	4.163547235893053e7	0	503140.29770858295	1.4476075960665038e6	0
3.9416480000000003	963886.2846123526	4.144464803721168e7	0	490132.9658278813	1.4276078032132257e6	0
3.9515360000000004	951486.7609046684	4.119238004415338e7	0	477547.39415733126	1.409641760866317e6	0
3.961424	938622.3127832329	4.087543424890829e7	0	465628.71546317724	1.394155360198693e6	0
3.971312	924521.0711400101	4.0491002655732244e7	0	454597.13776622846	1.38158289173998e6	0
3.9812000000000003	901648.3396501946	3.999700394102596e7	0	445229.38965663547	1.3740606776888592e6	0
3.991088	878188.645757072	3.92862317218441e7	0	437218.3005089851	1.3757762624815453e6	0
4.0009760000000005	855540.4042068677	3.857798142381702e7	0	430391.56307745585	1.3770240223198321e6	0
4.010864000000001	834557.9840425856	3.791347054414328e7	0	424771.30657294765	1.3760931381945147e6	0
4.020752000000001	817514.8851807393	3.733113556387958e7	0	420385.46935364266	1.3675907938993692e6	0
4.03064	808476.2397390406	3.698964100810349e7	0	417701.7867459514	1.348950356013864e6	0
4.040528	801802.1936974042	3.690814106229906e7	0	419398.73121500487	1.3266954320622648e6	0
4.050416	796835.9456449184	3.691143075537538e7	0	420410.06437000504	1.3022503076465237e6	0
4.060304	792949.6331183905	3.696767879990437e7	0	419606.95511162473	1.2769625819641768e6	0
4.0701920000000005	789533.5820850249	3.704520664249369e7	0	413143.6630392147	1.257018965258676e6	0
4.080080000000001	787165.1566166815	3.696894030834421e7	0	397558.1406232758	1.2401205561942388e6	0
4.089968	784584.6293999425	3.680576420093856e7	0	379317.4560627639	1.2235545362836488e6	0
4.099856	779797.3085810603	3.660936178400747e7	0	359825.30760795897	1.206914033390871e6	0
4.109744	771789.67243845	3.6384585601904556e7	0	340291.6973580423	1.1898142193198793e6	0
4.119632	759624.1802701518	3.6136254864675544e7	0	321710.95244424493	1.171799411619184e6	0
4.12952	733464.9740274015	3.586912286031462e7	0	306622.96925613325	1.1448799191166924e6	0
4.139408	703173.209734122	3.5588730039215386e7	0	294349.40864509967	1.1183120963820922e6	0
4.1492960000000005	672623.4169291157	3.5304253443475865e7	0	284270.8190801226	1.0931762666972347e6	0
4.159184	643662.6754233219	3.501207603565234e7	0	276577.11537043715	1.07045673502354e6	0
4.169072	618978.0650493073	3.471517031679207e7	0	271468.3926081099	1.0510598861986406e6	0
4.17896	605424.7037524555	3.441641750007438e7	0	269181.7332157949	1.0400998835713366e6	0
4.188848	594582.0321162624	3.412254218213982e7	0	270555.71889868553	1.0406714853513229e6	0
4.198736	585648.9297057034	3.3837097552300125e7	0	278939.5093840178	1.042417092224312e6	0
4.208624	577888.4608061131	3.355404074680068e7	0	287142.75543768407	1.0435044759141555e6	0
4.2185120000000005	569995.3830791377	3.3273351790825903e7	0	291900.6806617523	1.0420959170973857e6	0
4.228400000000001	561264.1714876827	3.299501087665517e7	0	288511.8953509303	1.0406500232817122e6	0
4.238288	552330.6353419351	3.2727940130903043e7	0	281824.4147450184	1.0352191431140404e6	0
4.248176	542975.3274879869	3.2465052351648446e7	0	273087.84656822414	1.0199704153661252e6	0
4.258064	532995.4861015754	3.219825931479051e7	0	263486.03141694	992109.9174930088	0
4.267952	519715.4492720115	3.1924118527442884e7	0	259224.87204650146	949594.5045691319	0
4.27784	504860.95774757955	3.163931366644635e7	0	259744.07380064816	891480.8743892496	0
4.287728	490116.83380832506	3.1314058167983316e7	0	260424.62633369587	803946.3876596871	0
4.2976160000000005	476021.75871159084	3.098381338992662e7	0	260488.04636998937	712302.5146111173	0
4.307504	463053.3418956552	3.0657414740252823e7	0	259158.11843343024	622488.6942189332	0
4.317392	451857.1349685019	3.0348231088796068e7	0	255690.75892613118	537429.0014785769	0
4.32728	447913.3898222817	3.008880437112433e7	0	249425.22030867456	457579.1179680044	0
4.337168	445050.5881534178	2.9840665965476334e7	0	236207.37710903527	388173.7584038443	0
4.347056	442666.58100572467	2.959694544191454e7	0	223044.56158598204	329745.61217864044	0
4.356944	440175.3378669462	2.935099582748966e7	0	211541.92940065998	281904.983990727	0
4.3668320000000005	437004.4700374834	2.9065268067773882e7	0	205748.66572477625	245466.23898261343	0
4.376720000000001	429987.2013566211	2.872556044667037e7	0	202054.89830048085	218806.07264750506	0
4.386608	417620.90806481265	2.8377231239301395e7	0	199853.5183040405	198035.38676884797	0
4.396496	405056.40747849876	2.8027335344433445e7	0	198601.50810519003	182116.09906123148	0
4.406384	393003.6432375818	2.768259725679403e7	0	197787.9752880493	170287.30286846808	0
4.416272	382090.87918152934	2.734941519937228e7	0	196916.49455040167	163379.60744361184	0
4.42616	372878.22090279177	2.7033880619950805e7	0	193937.9938082374	159977.10455198257	0
4.436048	372200.30808253295	2.6751972188958246e7	0	189352.3226922588	159027.30893546768	0
4.4459360000000006	374694.1719972699	2.6497643877490614e7	0	184614.83819306915	160178.48035255176	0
4.455824	376248.11195402825	2.627150217008413e7	0	179819.64134395818	163162.329671544	0
4.465712	375379.1245960129	2.6076551336853363e7	0	175052.58682317255	167759.94637077412	0
4.4756	370651.29109432275	2.593180568373867e7	0	170042.2531935771	173809.52941747985	0
4.485488	348286.1381476318	2.5981596527512744e7	0	165183.93948735646	181050.73666565493	0
4.495376	324590.7497384862	2.6056681626520548e7	0	160671.77127172472	189237.23160582557	0
4.505264	301851.83064952877	2.6128358998936754e7	0	156623.16465856798	198075.4371421655	0
4.5151520000000005	281797.84267018834	2.6167635228889506e7	0	153144.32835914742	206641.27080432576	0
4.525040000000001	268768.35791886924	2.614542425712566e7	0	150334.34408969193	213720.57924369743	0
4.534928	267169.809604754	2.6033067371878803e7	0	149119.72405643985	220292.1822281444	0
4.544816	267704.55587696796	2.566817192735442e7	0	150447.86391169825	226220.4888482576	0
4.554704	269059.08860462345	2.507354832170275e7	0	150976.81024274716	231367.0673782698	0
4.564592	269915.28553520655	2.443955491221975e7	0	150013.30985313092	235594.17368343833	0
4.57448	264558.9649363844	2.3795528323664967e7	0	145190.3606164424	238768.80946867826	0
4.584368	254203.87668633068	2.3168072618145857e7	0	136884.33002680034	242150.93375240412	0
4.594256000000001	243234.6813930786	2.2626840930594727e7	0	128010.05258845499	244557.51766716354	0
4.604144000000001	232469.88171299716	2.213858552760471e7	0	119436.5520880423	244912.75162536907	0
4.614032	222597.34618627824	2.1686951082538303e7	0	113292.06339258676	242798.1693600498	0
4.62392	215925.0185218319	2.1272336262339935e7	0	108730.10888976068	237876.2961267192	0
4.633808	210956.6104294323	2.0935376157081958e7	0	105051.86414576863	229840.8084086204	0
4.643696	207353.68654886362	2.063239348340116e7	0	102158.67728118107	216060.63083223463	0
4.653584	205127.1332632099	2.0352264918790504e7	0	99985.00749954951	201084.73602904342	0
4.6634720000000005	204770.40480721285	2.0085587980175715e7	0	99322.0930673513	185739.31922448656	0
4.673360000000001	208722.32452210388	1.9823457067295376e7	0	99182.51392876946	170829.19791763165	0
4.683248	213254.9476475147	1.9528153627082475e7	0	99378.10291991547	157066.24183164444	0
4.693136	217484.52863437886	1.9166918003932804e7	0	99724.23313290697	144240.7866053259	0
4.703024	220458.67752630796	1.882363135875943e7	0	100035.28040795926	132487.80830556276	0
4.712912	217918.90233586179	1.8510591234891612e7	0	100123.54998172967	121883.37688169985	0
4.7228	208248.29150241773	1.8239320907125715e7	0	99566.30694411919	112567.86073592465	0
4.7326880000000005	197048.7380971543	1.811365660077034e7	0	98166.36350093642	104496.45179887506	0
4.742576000000001	185317.69012626054	1.8107805669372454e7	0	96182.4965483161	97509.37033439045	0
4.752464000000001	173882.73041198764	1.8131246675001595e7	0	93561.37560328135	91551.71674684255	0
4.762352	163394.60744149366	1.8160791802384853e7	0	90271.0583584927	86572.43273775141	0
4.77224	156896.00210840235	1.81731532813021e7	0	86305.01360348813	82528.39433872026	0
4.782128	152373.84570214676	1.8145014589224342e7	0	80536.18335138193	81158.28247503824	0
4.792016	148811.62344494232	1.790115773021639e7	0	74576.87859185616	80372.6883779109	0
4.801904	146097.04187965952	1.760707454968934e7	0	69177.37372516427	79405.82481578566	0
4.8117920000000005	144136.6420218876	1.7298572761758406e7	0	64600.913589845775	77858.09962126212	0
4.821680000000001	142916.43850913364	1.699281206551208e7	0	63024.14769669298	75146.65614881902	0
4.831568	142814.1696184789	1.6724231608897453e7	0	62266.680977515854	70192.63525013816	0
4.841456	142930.32240691994	1.6571339308262175e7	0	62044.22345612025	65314.654963273584	0
4.851344	143021.8966668813	1.6444765373449203e7	0	62095.53545547292	61472.63128243932	0
4.861232	142455.38426198377	1.6336941860030824e7	0	62165.47729418467	59967.627953481555	0
4.87112	140494.9319554907	1.624056861594751e7	0	61442.49617646349	59290.58018173253	0
4.8810080000000005	137935.76976603607	1.6148547240678716e7	0	59488.698511411465	59172.304116673404	0
4.890896000000001	134850.51545297322	1.6058981567837205e7	0	57461.814110262	59367.04066013428	0
4.900784000000001	131314.53222625228	1.5963190926699713e7	0	55466.69809429178	59634.37181415242	0
4.910672	127403.82059896589	1.584723819770467e7	0	53594.75318529895	59731.36143267118	0
4.92056	123193.16195556137	1.5702620435226442e7	0	51925.18888372058	59414.55977404686	0
4.930448	118754.54794202813	1.5521291301886272e7	0	50527.592860916055	58451.84817042856	0
4.940336	114155.91151328398	1.5295836621601645e7	0	49465.535303866694	56643.319146457165	0
4.950224	109460.15959824363	1.5019683882836383e7	0	48801.061020012894	53848.59934559254	0
4.9601120000000005	104724.49434691531	1.4687335587646948e7	0	48600.09617570565	50015.61213516405	0
4.970000000000001	100000.00000000001	1.4294613383599993e7	0	48939.009184799994	45203.53656359952	0