0.026	4.245775134400007e7	1.7937563060199997e9	0	9.90145287275e6	1.8570226648100028e9	0
0.035888	5.4917320530162916e7	2.5589520319183693e9	0	1.1797098127369415e7	2.5009561365844393e9	0
0.045776	6.834117517201026e7	3.3971426657946715e9	0	1.3731961251334758e7	3.1077508208022647e9	0
0.055664000000000005	8.21200461421552e7	4.230802196308565e9	0	1.563708749666326e7	3.594005443348687e9	0
0.065552	9.562742297374713e7	4.983027786860257e9	0	1.7443349884010606e7	3.9016191868032494e9	0
0.07544000000000001	1.0830665211085683e8	5.595384135124212e9	0	1.908707834350407e7	4.0103826655382557e9	0
0.085328	1.1974023564298368e8	6.038608495538973e9	0	2.0514898260938928e7	3.936794272700414e9	0
0.095216	1.2969112858664466e8	6.314203381139969e9	0	2.1687247496448096e7	3.7226891798539376e9	0
0.105104	1.3811425365478435e8	6.44880646338221e9	0	2.2580287639549904e7	3.420339107575691e9	0
0.11499200000000001	1.4514353252638578e8	6.48520281441153e9	0	2.3186184075463846e7	3.0797897465584517e9	0
0.12488	1.5106390932727945e8	6.473744896012085e9	0	2.3511951301200088e7	2.7412816969624505e9	0
0.134768	1.578046313337832e8	6.611603314425034e9	0	2.357721270546819e7	2.4896085010957203e9	0
0.144656	1.6498947697908607e8	6.854554817883328e9	0	2.3391288752745762e7	2.2965271046224127e9	0
0.15454400000000001	1.715131933931749e8	7.111593794081918e9	0	2.3005766593420174e7	2.126050023134374e9	0
0.164432	1.771563559797311e8	7.381897027669189e9	0	2.2474041323592052e7	1.9764354928804567e9	0
0.17432	1.8169668070632932e8	7.664441339294508e9	0	2.18417856674042e7	1.8460563314502027e9	0
0.184208	1.8365663082199493e8	7.970061531239001e9	0	2.1152329398482867e7	1.7334298450894046e9	0
0.19409600000000002	1.84304034380882e8	8.2839469968560915e9	0	2.0461953051201634e7	1.6434104208002954e9	0
0.20398400000000003	1.8402892409983313e8	8.598655604740942e9	0	1.9951175765601624e7	1.5662720720926754e9	0
0.213872	1.8310202451230562e8	8.907088998235497e9	0	1.9417495838882405e7	1.5000375489845512e9	0
0.22376000000000001	1.8199683348153743e8	9.189246100905294e9	0	1.8851526350977316e7	1.4431003759871135e9	0
0.23364800000000002	1.8165482330305585e8	9.3959820965591e9	0	1.8245410890294585e7	1.3941464522468195e9	0
0.243536	1.8134916853026474e8	9.580483117081778e9	0	1.7513844392205898e7	1.352074739739361e9	0
0.25342400000000004	1.8114341169597444e8	9.749499149890646e9	0	1.6660171607770313e7	1.3157709665086536e9	0
0.26331200000000005	1.8110092274993643e8	9.910455214471672e9	0	1.5879511712592633e7	1.2843496751118608e9	0
0.27320000000000005	1.8128536078265813e8	1.0071358088321455e10	0	1.5218280736148931e7	1.2570302373349862e9	0
0.28308800000000006	1.8176136084126285e8	1.0271901732830685e10	0	1.497145278174285e7	1.2331153801183088e9	0
0.29297600000000007	1.831994136040975e8	1.0509113900783642e10	0	1.5057037338647624e7	1.2129963849345975e9	0
0.302864	1.8514802462649357e8	1.0749794871272493e10	0	1.5270470308250798e7	1.1952961029411728e9	0
0.31275200000000003	1.869160667912532e8	1.0988594753756012e10	0	1.5553880354345337e7	1.1785059778517616e9	0
0.32264000000000004	1.8828587966802308e8	1.1219696456954016e10	0	1.5846549176952707e7	1.1617942302362933e9	0
0.33252800000000005	1.879563590346049e8	1.1397325751401127e10	0	1.6083346251841016e7	1.1443757080112548e9	0
0.34241600000000005	1.867687531668535e8	1.1549430487203428e10	0	1.5814826526535222e7	1.1217392254103343e9	0
0.35230400000000006	1.8521028518964306e8	1.1689691684303076e10	0	1.5478278817862194e7	1.097866221808942e9	0
0.36219200000000007	1.8351752546326116e8	1.1823176295295925e10	0	1.5111803306985067e7	1.0735090468865749e9	0
0.3720800000000001	1.8203302050244752e8	1.1955221773850056e10	0	1.474485309580253e7	1.0490713114968508e9	0
0.3819680000000001	1.818785270097446e8	1.209841349271564e10	0	1.4460441115487158e7	1.0254428488952378e9	0
0.39185600000000004	1.818991295408058e8	1.228711814377356e10	0	1.4357918416364614e7	1.0040524561347072e9	0
0.40174400000000005	1.8199581963162473e8	1.2477390460441565e10	0	1.4283122805222137e7	9.827530875955521e8	0
0.41163200000000005	1.8206961048671788e8	1.2664178913757532e10	0	1.4218076940678854e7	9.61272925707368e8	0
0.42152000000000006	1.818481389919046e8	1.284213608006526e10	0	1.4145190564365977e7	9.393652519951653e8	0
0.43140800000000007	1.8114066174265426e8	1.2986091929817358e10	0	1.4047248002275383e7	9.14768077426031e8	0
0.4412960000000001	1.802266347884742e8	1.3085892801630049e10	0	1.3791096408125268e7	8.885587462182934e8	0
0.4511840000000001	1.791125106927753e8	1.3170223141253029e10	0	1.34565410676353e7	8.639371050628617e8	0
0.46107200000000004	1.7780533344853148e8	1.324374442271435e10	0	1.3136623421011347e7	8.418599932411335e8	0
0.47096000000000005	1.763126814306193e8	1.3311264879760897e10	0	1.2854194287369374e7	8.295435035945045e8	0
0.48084800000000005	1.7440553199005887e8	1.3377708537130352e10	0	1.2630248832694858e7	8.230340815386672e8	0
0.49073600000000006	1.7228562545671892e8	1.3478242640828554e10	0	1.2679233719544986e7	8.188843826285733e8	0
0.5006240000000001	1.701181248802661e8	1.3587593949484556e10	0	1.2809289344742946e7	8.157880002951025e8	0
0.5105120000000001	1.679691317219682e8	1.3692226741121244e10	0	1.2987513186867386e7	8.124671899833767e8	0
0.5204000000000001	1.6590149732331634e8	1.3787756592100374e10	0	1.3191258214967191e7	8.066466209130168e8	0
0.5302880000000001	1.6402389356510535e8	1.3867627981406097e10	0	1.3396643901810665e7	7.889355617550676e8	0
0.5401760000000001	1.6308201620462543e8	1.3895022031811815e10	0	1.352009669668004e7	7.699168416939192e8	0
0.5500640000000001	1.6211925591867864e8	1.3905671005987965e10	0	1.3474437845763681e7	7.504290141825995e8	0
0.5599520000000001	1.6100607772765577e8	1.3903449349090239e10	0	1.3398637388214462e7	7.312373411632379e8	0
0.5698400000000001	1.596168154076745e8	1.3892273070517128e10	0	1.3303488219510907e7	7.130327666549733e8	0
0.579728	1.574292466092577e8	1.3876069042784115e10	0	1.3199611187212702e7	6.980916164739257e8	0
0.589616	1.5409813029455036e8	1.3872919530247572e10	0	1.3097344718495144e7	6.867195981144084e8	0
0.599504	1.5061605354783058e8	1.388892872070101e10	0	1.3105551566700723e7	6.764975096543442e8	0
0.609392	1.4717732471823576e8	1.3897593195141918e10	0	1.316555452623023e7	6.672014740036783e8	0
0.61928	1.4395942185401845e8	1.3894596376137577e10	0	1.3209534134436226e7	6.586218277776415e8	0
0.6291680000000001	1.4198099278585437e8	1.3875648857382156e10	0	1.321891792089678e7	6.503948167985945e8	0
0.6390560000000001	1.4092191520739165e8	1.3817254685127228e10	0	1.3175282495602129e7	6.424661060603254e8	0
0.6489440000000001	1.4012849425160983e8	1.3730881619757862e10	0	1.305542451640827e7	6.347644317463574e8	0
0.6588320000000001	1.3946540121509302e8	1.362965576835321e10	0	1.2700088412267609e7	6.271655585475969e8	0
0.6687200000000001	1.3880053146643278e8	1.3517368300782469e10	0	1.233512738208544e7	6.195510724517301e8	0
0.6786080000000001	1.3800439493223768e8	1.3397729104260662e10	0	1.1993197748872066e7	6.117420107309247e8	0
0.6884960000000001	1.361033212134609e8	1.3274980211810923e10	0	1.1757234317950685e7	6.030757015886368e8	0
0.6983840000000001	1.3407754398000237e8	1.3151668359566105e10	0	1.1746470251775779e7	5.943290376898227e8	0
0.7082720000000001	1.3204957206137422e8	1.3030888203915846e10	0	1.1804566208288878e7	5.855643683037708e8	0
0.7181600000000001	1.3010082157549506e8	1.2923077336223906e10	0	1.1907661228823235e7	5.768406898144828e8	0
0.7280480000000001	1.2852222955114071e8	1.2858000075273815e10	0	1.203178456584115e7	5.682136542303607e8	0
0.7379360000000001	1.277997977024105e8	1.2801445271594467e10	0	1.2152177694963451e7	5.597356337909882e8	0
0.747824	1.2718489673649934e8	1.274715069706429e10	0	1.2137857771120299e7	5.514558361610748e8	0
0.757712	1.2656196026081067e8	1.268896529766874e10	0	1.202673915144631e7	5.434204649377062e8	0
0.7676000000000001	1.2581775610075435e8	1.2620853038006878e10	0	1.1887905458896821e7	5.3567292055663717e8	0
0.7774880000000001	1.2484196207833952e8	1.2536925849412848e10	0	1.1728494590950806e7	5.2914977000953436e8	0
0.7873760000000001	1.2308360409901439e8	1.24029275289109e10	0	1.1555441792144801e7	5.2329170431206083e8	0
0.7972640000000001	1.2083426919685645e8	1.2233159177370655e10	0	1.1375383956386276e7	5.1741251666996706e8	0
0.8071520000000001	1.1856983604243615e8	1.2053920962693663e10	0	1.11288364356657e7	5.1127311482248276e8	0
0.8170400000000001	1.1640426411435021e8	1.1869404860705397e10	0	1.0910013167420622e7	5.0464622576070774e8	0
0.8269280000000001	1.1528112626185898e8	1.1683582754809992e10	0	1.0739169841991492e7	4.972641330828491e8	0
0.8368160000000001	1.1465231178672631e8	1.1508008439983568e10	0	1.0635141312167427e7	4.866775305699519e8	0
0.8467040000000001	1.1420932665453479e8	1.1337207372717909e10	0	1.0693132473507917e7	4.758653191532579e8	0
0.8565920000000001	1.138279148827822e8	1.1170898973281797e10	0	1.1023105607281454e7	4.651831374055623e8	0
0.8664800000000001	1.1338582093371168e8	1.100999244638324e10	0	1.1401624102770485e7	4.549561842545104e8	0
0.8763680000000001	1.1276278166808581e8	1.0859466451565977e10	0	1.1777749182214944e7	4.466053242838081e8	0
0.8862560000000002	1.1165111260535209e8	1.073839547158105e10	0	1.2093717473484185e7	4.4156056829675275e8	0
0.896144	1.0960992950041327e8	1.0619520258661316e10	0	1.2067761766913014e7	4.369231906717685e8	0
0.9060320000000001	1.0755584761991826e8	1.0497871619167004e10	0	1.1770882514761077e7	4.322081713311683e8	0
0.9159200000000001	1.0559219745068462e8	1.0368710076756985e10	0	1.1404632999725912e7	4.269515091203527e8	0
0.9258080000000001	1.0412238996729931e8	1.0227549201281971e10	0	1.1016389964453526e7	4.207135249045595e8	0
0.9356960000000001	1.0331939929268566e8	1.005214074246985e10	0	1.0648261061663885e7	4.1157470412855715e8	0
0.9455840000000001	1.0271463532224238e8	9.845060832639408e9	0	1.0472128017412612e7	4.008029567082135e8	0
0.9554720000000001	1.0221257095001297e8	9.630578221307878e9	0	1.0360056941418132e7	3.8957842077136e8	0
0.9653600000000001	1.0172006740667348e8	9.412899700786987e9	0	1.0289418840148276e7	3.7818217052618605e8	0
0.9752480000000001	1.011458633273529e8	9.19590765828001e9	0	1.0255095831448335e7	3.659702992327446e8	0
0.9851360000000001	9.997545836213383e7	8.992570907512812e9	0	1.0267320503751572e7	3.542135872109281e8	0
0.9950240000000001	9.85683318792554e7	8.796495349326132e9	0	1.0367121499356214e7	3.4351224411884123e8	0
1.004912	9.710110833359505e7	8.604695056234482e9	0	1.04760016722419e7	3.34301243697268e8	0
1.0148000000000001	9.56150652802633e7	8.417076809621863e9	0	1.057213209006e7	3.2778544656225306e8	0
1.024688	9.416305136841094e7	8.233306226824122e9	0	1.063292137274312e7	3.26661240732381e8	0
1.0345760000000002	9.299429216561949e7	8.049806264312811e9	0	1.0635526002718577e7	3.26788638697849e8	0
1.044464	9.187061086047797e7	7.871566524365008e9	0	1.0453801714132788e7	3.2749885232591313e8	0
1.0543520000000002	9.077368363317986e7	7.699501656934521e9	0	1.015275799416587e7	3.2812415031943756e8	0
1.06424	8.96860430072944e7	7.53443847347641e9	0	9.860344611203853e6	3.252791160309553e8	0
1.0741280000000002	8.859104363647817e7	7.382469409760959e9	0	9.607910061384529e6	3.182041008633242e8	0
1.084016	8.743032033145276e7	7.248350224897465e9	0	9.564057268648902e6	3.1016248142871994e8	0
1.0939040000000002	8.618412752638549e7	7.119264745229011e9	0	9.621297712455034e6	3.0160638771592045e8	0
1.103792	8.492923145653774e7	6.992688181312602e9	0	9.716593793743847e6	2.9294998073512554e8	0
1.1136800000000002	8.367438553093927e7	6.866268958189968e9	0	9.821928526798483e6	2.8456531363037676e8	0
1.1235680000000001	8.242786495226073e7	6.737824170234979e9	0	9.895739890901435e6	2.76783299740941e8	0
1.133456	8.121626455371296e7	6.604544170341924e9	0	9.81324631735172e6	2.7314964993795896e8	0
1.1433440000000001	8.003136331387202e7	6.46520519721945e9	0	9.691465974686906e6	2.702679671342166e8	0
1.153232	7.886374914032654e7	6.318767825717342e9	0	9.537028919826241e6	2.674168038608727e8	0
1.1631200000000002	7.77131698241355e7	6.163996294293477e9	0	9.356600242341459e6	2.643208101742466e8	0
1.173008	7.657937683595018e7	5.999865179172113e9	0	9.14352892258395e6	2.6071793996776682e8	0
1.1828960000000002	7.537742402348715e7	5.825057388516604e9	0	8.896346955296867e6	2.5593718789217675e8	0
1.192784	7.421437532749438e7	5.617140866942367e9	0	8.644258258886212e6	2.4922828096290112e8	0
1.2026720000000002	7.311637263209072e7	5.411795669007083e9	0	8.397025237454314e6	2.4234376225305554e8	0
1.21256	7.21047232951212e7	5.214668036738713e9	0	8.163350382732954e6	2.3553621266019446e8	0
1.2224480000000002	7.126537140780407e7	5.038580124910236e9	0	7.950971947042546e6	2.2938656044291797e8	0
1.232336	7.074447103808586e7	4.903750569902449e9	0	7.766840030986814e6	2.240495030643403e8	0
1.2422240000000002	7.03100300766588e7	4.782723549642594e9	0	7.61735867816846e6	2.1909003603879794e8	0
1.2521120000000001	6.99247262009369e7	4.671140209349532e9	0	7.508685387972867e6	2.1446145867131713e8	0
1.2620000000000002	6.955219774978247e7	4.565047061162659e9	0	7.548758462632828e6	2.1012089015252247e8	0
1.2718880000000001	6.91568836129304e7	4.460837048149519e9	0	7.6103851276117265e6	2.0617689301934853e8	0
1.2817760000000002	6.862753868235797e7	4.340732476371993e9	0	7.675917989026549e6	2.0246414869141814e8	0
1.2916640000000001	6.796855087652676e7	4.21165209213448e9	0	7.7347466587244645e6	1.9886246342180356e8	0
1.301552	6.722702845725958e7	4.0870071097189293e9	0	7.749504041821181e6	1.9530249889060593e8	0
1.3114400000000002	6.639580180340832e7	3.9689078751969266e9	0	7.655576720149511e6	1.9171974683455154e8	0
1.321328	6.546853274342549e7	3.859212102477211e9	0	7.546671317351023e6	1.8792106173933724e8	0
1.3312160000000002	6.443982643185994e7	3.7843903086806417e9	0	7.436858058410443e6	1.8303572229225484e8	0
1.341104	6.2951882376794375e7	3.7202897272438006e9	0	7.339442980835843e6	1.7824779890376237e8	0
1.3509920000000002	6.1451431833454415e7	3.6586477466346364e9	0	7.267068884568696e6	1.7369958527230543e8	0
1.36088	6.004866688212788e7	3.595327410188127e9	0	7.32019216848046e6	1.695188681995474e8	0
1.3707680000000002	5.881515069041149e7	3.526479201235486e9	0	7.45484011029901e6	1.6582130651456794e8	0
1.380656	5.7926750135439605e7	3.441833623750438e9	0	7.5892005873032445e6	1.636100153279045e8	0
1.3905440000000002	5.771044232603081e7	3.323835715534738e9	0	7.700630171317604e6	1.6278358506348765e8	0
1.4004320000000001	5.768318368741726e7	3.2034751864781146e9	0	7.765326613251041e6	1.6194936854284292e8	0
1.4103200000000002	5.777744623890093e7	3.0844334041675553e9	0	7.644289985229661e6	1.6080074292465574e8	0
1.4202080000000001	5.792639257128584e7	2.9698993596191096e9	0	7.453844737374878e6	1.5904103749621323e8	0
1.4300960000000003	5.792630845219033e7	2.868452767396642e9	0	7.224018087950904e6	1.5485582584970838e8	0
1.4399840000000002	5.772070147125556e7	2.780512490108123e9	0	6.970957913199632e6	1.4954966678917044e8	0
1.4498720000000003	5.7441644682903156e7	2.698979676337761e9	0	6.697916213381861e6	1.4395849092703098e8	0
1.4597600000000002	5.7084854935381524e7	2.623125215494799e9	0	6.3959095794812925e6	1.383658392052908e8	0
1.469648	5.6646483980589904e7	2.552290484286956e9	0	6.139958178662356e6	1.330628777455614e8	0
1.4795360000000002	5.612318229221707e7	2.4904818013416133e9	0	5.953134844804856e6	1.2907059991183822e8	0
1.489424	5.543040871414469e7	2.433029797047391e9	0	5.919302878400438e6	1.2550614364827073e8	0
1.4993120000000002	5.465882573228281e7	2.376869469165606e9	0	6.051973793102339e6	1.2235505584700108e8	0
1.5092	5.384691188022072e7	2.3204480371437187e9	0	6.243544088225462e6	1.1960522939594491e8	0
1.5190880000000002	5.301420010398814e7	2.262360113023155e9	0	6.462715373824136e6	1.1724700807205905e8	0
1.5289760000000001	5.2174033063542105e7	2.199769052375339e9	0	6.498723499829858e6	1.1539347254164581e8	0
1.5388640000000002	5.1312257304596506e7	2.1224969720045674e9	0	6.396584091076544e6	1.139644244954778e8	0
1.5487520000000001	5.0496351448930964e7	2.0453837923754687e9	0	6.252091733322632e6	1.1262944183147772e8	0
1.5586400000000002	4.975257208745466e7	1.970146365968756e9	0	6.087972827463963e6	1.1097475311222662e8	0
1.5685280000000001	4.910573590392782e7	1.898262793858499e9	0	5.925202087018601e6	1.0892436641131039e8	0
1.5784160000000003	4.877450721681369e7	1.8330739742264636e9	0	5.782687040313312e6	1.067285461746935e8	0
1.5883040000000002	4.886066376481311e7	1.775926822760745e9	0	5.690303931476169e6	1.0444531967400274e8	0
1.5981920000000003	4.899621525939372e7	1.7232437747768703e9	0	5.73758697682395e6	1.021288294470282e8	0
1.6080800000000002	4.9098580295123965e7	1.6747305637213216e9	0	5.795988264166055e6	9.982902932078601e7	0
1.617968	4.9084581642008685e7	1.6301206557848403e9	0	5.8543525098443255e6	9.75916381322672e7	0
1.6278560000000002	4.887171072437058e7	1.5907551149347808e9	0	5.880184600406628e6	9.63669102443968e7	0
1.637744	4.777221221087073e7	1.5550770700459404e9	0	5.842342021659634e6	9.506928789613454e7	0
1.6476320000000002	4.632637277016475e7	1.5215381620496287e9	0	5.781858307263048e6	9.357557582887343e7	0
1.65752	4.488759600724216e7	1.4894327737713592e9	0	5.704420148419607e6	9.1787275851204e7	0
1.6674080000000002	4.356085144315996e7	1.458111949435303e9	0	5.615627663283105e6	8.961648419958247e7	0
1.6772960000000001	4.2452491639797054e7	1.4239791383415835e9	0	5.520863225771791e6	8.65939118969181e7	0
1.6871840000000002	4.2292529372778006e7	1.3899538850402708e9	0	5.421995348172281e6	8.259573406879726e7	0
1.6970720000000001	4.230261753246565e7	1.3562986483007042e9	0	5.32680661686214e6	7.875493219242015e7	0
1.7069600000000003	4.239050271502315e7	1.323143018852231e9	0	5.242137062490522e6	7.527831527095352e7	0
1.7168480000000002	4.246413447327406e7	1.2906043528094428e9	0	5.173076623073294e6	7.284945332427372e7	0
1.7267360000000003	4.2214967532380134e7	1.259324450075022e9	0	5.125227549072628e6	7.136432113482411e7	0
1.7366240000000002	4.130296746945286e7	1.2299327815113049e9	0	5.195097073171724e6	7.03080810455368e7	0
1.7465120000000003	4.028374405938536e7	1.2009509228399882e9	0	5.282423303024167e6	6.956804853642318e7	0
1.7564000000000002	3.922878883932441e7	1.172175344950278e9	0	5.371755275150322e6	6.904084124851246e7	0
1.766288	3.8203151655284956e7	1.1434222544925017e9	0	5.446621439828078e6	6.838679051298489e7	0
1.7761760000000002	3.726536917712349e7	1.1145273550374024e9	0	5.489724937002203e6	6.771591277408873e7	0
1.786064	3.675702148466002e7	1.083767884809354e9	0	5.402539672488514e6	6.7019153551308535e7	0
1.7959520000000002	3.6499368412352175e7	1.0523215371906513e9	0	5.1362846037740735e6	6.625159081166536e7	0
1.8058400000000001	3.6272842604674734e7	1.0215288853108308e9	0	4.860957386263432e6	6.5370580023442484e7	0
1.8157280000000002	3.603087926952496e7	9.917364163552549e8	0	4.600763058802757e6	6.433636285712144e7	0
1.8256160000000001	3.572818701832882e7	9.632492780342519e8	0	4.375089512652289e6	6.31129231258873e7	0
1.8355040000000002	3.502009594160813e7	9.391477224104143e8	0	4.199588540497074e6	6.150820521734407e7	0
1.8453920000000001	3.423618584321432e7	9.165279064656451e8	0	4.214127690513229e6	5.9427484897324756e7	0
1.8552800000000003	3.3450640563571945e7	8.9475697559646e8	0	4.31509826765998e6	5.7293169191398226e7	0
1.8651680000000002	3.270756844545996e7	8.734722580166113e8	0	4.4320109084170535e6	5.515507721194186e7	0
1.8750560000000003	3.2099663942769706e7	8.523437269425844e8	0	4.542082001259441e6	5.305682503754075e7	0
1.8849440000000002	3.178866702655508e7	8.30230962632275e8	0	4.615733171262053e6	5.109804695737597e7	0
1.8948320000000003	3.15481671991713e7	8.058421708621391e8	0	4.4932870314650815e6	4.925124397864108e7	0
1.9047200000000002	3.1351296079778947e7	7.820453488492155e8	0	4.33588533063858e6	4.747118878077094e7	0
1.9146080000000003	3.117209409651478e7	7.592079232064245e8	0	4.16272074752076e6	4.5755468942830704e7	0
1.9244960000000002	3.0943052466317676e7	7.376533859472147e8	0	3.99078504373126e6	4.380970259285135e7	0
1.934384	3.0643837722342648e7	7.19331852466036e8	0	3.8563571100518815e6	4.1920385827173926e7	0
1.9442720000000002	3.03121861525663e7	7.036593308572992e8	0	3.7852772325701546e6	4.021641147182922e7	0
1.9541600000000001	2.9943597308501482e7	6.886972561172475e8	0	3.728069946918093e6	3.876344598293038e7	0
1.9640480000000002	2.9533967993050832e7	6.739693215006105e8	0	3.6804517637844933e6	3.7618406673254594e7	0
1.9739360000000001	2.907965444592504e7	6.590386870264697e8	0	3.6384275766520635e6	3.7009173199520506e7	0
1.9838240000000003	2.8466541313092697e7	6.417378516979282e8	0	3.590868153680807e6	3.741654539030833e7	0
1.9937120000000002	2.781975713295365e7	6.236922990467966e8	0	3.539419152889367e6	3.8020335099252105e7	0
2.0036	2.7190394095938012e7	6.055016724178836e8	0	3.4880979651782117e6	3.870478373552523e7	0
2.013488	2.6602588526909437e7	5.873630839579307e8	0	3.4365526029489e6	3.934669920781668e7	0
2.0233760000000003	2.609821533625969e7	5.69340210811767e8	0	3.384452850565346e6	3.958989494514523e7	0
2.033264	2.5828368594348937e7	5.508620283234408e8	0	3.3184708994590524e6	3.935506318177264e7	0
2.043152	2.5628115800026655e7	5.331373836203115e8	0	3.250922202197593e6	3.887281964663481e7	0
2.05304	2.5481244350647364e7	5.164710640380054e8	0	3.184634802011762e6	3.81490978913664e7	0
2.062928	2.537228353889396e7	5.0112797807749563e8	0	3.121373578508589e6	3.71945181522551e7	0
2.072816	2.5286234680919215e7	4.8734031694837743e8	0	3.062763559196112e6	3.572092382377305e7	0
2.082704	2.5224444190666344e7	4.7679216816583157e8	0	3.0103109355532248e6	3.4011549038446024e7	0
2.092592	2.5172543264829155e7	4.6938858629125655e8	0	2.965431937112126e6	3.2240027974077377e7	0
2.10248	2.509015041483037e7	4.627674952373776e8	0	2.932550219399019e6	3.0484051123473052e7	0
2.112368	2.4956620452217985e7	4.5647893776962394e8	0	2.9171336671990394e6	2.880721219082443e7	0
2.122256	2.4751999388882395e7	4.500977922943898e8	0	2.9135015580622605e6	2.725988795175532e7	0
2.132144	2.4457522463016447e7	4.4175033599112254e8	0	2.918344299856391e6	2.5918852763090458e7	0
2.142032	2.389267728806728e7	4.324599159566995e8	0	2.9284272732702885e6	2.488493941749854e7	0
2.15192	2.3223298384947564e7	4.229482520043928e8	0	2.940514292318616e6	2.3969532614465605e7	0
2.161808	2.252859934584356e7	4.133752277313959e8	0	2.9513273138017375e6	2.3164438906027663e7	0
2.171696	2.1838221358130507e7	4.0388671068199456e8	0	2.957542435768394e6	2.2496422598116014e7	0
2.181584	2.118363591045474e7	3.9455692556531304e8	0	2.955822915394624e6	2.196252464219507e7	0
2.191472	2.0640384756869454e7	3.8559007513355434e8	0	2.942562370275861e6	2.148982599878157e7	0
2.20136	2.0149575898175787e7	3.7711263633988106e8	0	2.8954149048894467e6	2.105192593378571e7	0
2.211248	1.9714615013332333e7	3.692396908950172e8	0	2.840900685017838e6	2.0624599533066258e7	0
2.221136	1.9338749844032034e7	3.626288706869583e8	0	2.785086115300212e6	2.005424509602808e7	0
2.231024	1.90335241993038e7	3.5800940241687644e8	0	2.747630418535611e6	1.9426220844195608e7	0
2.240912	1.8806071446866352e7	3.5385447651619375e8	0	2.763782703974577e6	1.8811611858238325e7	0
2.2508	1.8639321852305546e7	3.498864911089775e8	0	2.790420149050271e6	1.822758683386528e7	0
2.260688	1.853170106673945e7	3.4584053032336575e8	0	2.820187355487772e6	1.7689176509256896e7	0
2.270576	1.8482197943351023e7	3.414639405595638e8	0	2.8454536245500837e6	1.722282667049978e7	0
2.280464	1.859043077399521e7	3.3547899054058534e8	0	2.8583327353493865e6	1.6984190697094146e7	0
2.290352	1.878717145242838e7	3.2849998008725905e8	0	2.8509152467819788e6	1.6764597597773777e7	0
2.30024	1.8973102676529925e7	3.212950879789161e8	0	2.772874704562938e6	1.6537779471206624e7	0
2.310128	1.910364717829058e7	3.1400353427032775e8	0	2.667263040975434e6	1.6278897303062748e7	0
2.320016	1.9133356096975982e7	3.067536166592694e8	0	2.5673532838365925e6	1.5875944134843035e7	0
2.329904	1.873665021482808e7	2.996626017951172e8	0	2.481142059666267e6	1.5275885036260683e7	0
2.339792	1.8219913560901318e7	2.928370964318362e8	0	2.4549911276706997e6	1.4682737836537471e7	0
2.34968	1.7654714354268305e7	2.863738271613223e8	0	2.4500730592342266e6	1.413499087131292e7	0
2.359568	1.708412279830093e7	2.803607633974471e8	0	2.4562569891040237e6	1.3665509420762755e7	0
2.369456	1.658035352220274e7	2.7506460404267436e8	0	2.4671674684681003e6	1.361772094278325e7	0
2.379344	1.6264827262581583e7	2.7104845902102333e8	0	2.468075877556211e6	1.378447390863296e7	0
2.3892320000000002	1.6007960535072813e7	2.6751138261458325e8	0	2.432177567824967e6	1.3895996069093466e7	0
2.39912	1.5806970444151605e7	2.643426702676185e8	0	2.3901124157957924e6	1.385061124937925e7	0
2.409008	1.5659668718307937e7	2.6143790651453394e8	0	2.3442210301480712e6	1.3551707418782089e7	0
2.418896	1.5564422026841177e7	2.5869778718146932e8	0	2.2967137507370966e6	1.241696428113848e7	0
2.428784	1.5580738770529758e7	2.558310803088794e8	0	2.2496459240570674e6	1.1201504008799998e7	0
2.438672	1.5686829843743902e7	2.5282294073317513e8	0	2.2035163654817813e6	1.006116821063445e7	0
2.44856	1.5811736443373289e7	2.4981603796993005e8	0	2.160975459559854e6	9.167054554407913e6	0
2.458448	1.593424669100935e7	2.4678937973876217e8	0	2.125228507132183e6	8.892430732976262e6	0
2.468336	1.603250716349942e7	2.437230351019328e8	0	2.098291623945673e6	8.786704024052313e6	0
2.478224	1.6084206211078567e7	2.4059815841879588e8	0	2.0821530573894926e6	8.80333907216501e6	0
2.488112	1.6054858360438697e7	2.3697006712953106e8	0	2.10423530793074e6	8.901964960059706e6	0
2.498	1.5937648429023558e7	2.3334061589121753e8	0	2.1384048540574084e6	9.043622880000936e6	0
2.507888	1.5718000939162495e7	2.2985928992788428e8	0	2.175456229965994e6	9.187941335653901e6	0
2.517776	1.5382433979278143e7	2.2661112957933843e8	0	2.209388989549728e6	9.119753262538953e6	0
2.527664	1.4895747370969055e7	2.238971446323393e8	0	2.225971906122728e6	8.890908284961604e6	0
2.5375520000000003	1.420318659644741e7	2.2261679119672957e8	0	2.1918998748075096e6	8.63527395743973e6	0
2.54744	1.350523113533998e7	2.2153903785281405e8	0	2.14502229678234e6	8.361014459310162e6	0
2.557328	1.2947212245707056e7	2.2046233912771463e8	0	2.0895966259823372e6	8.075708025283807e6	0
2.567216	1.2696796539482677e7	2.1918921017364722e8	0	2.0296545965854872e6	7.786224813048099e6	0
2.577104	1.2564844893850097e7	2.1752709660069767e8	0	1.9688848997977723e6	7.505521357881132e6	0
2.586992	1.251932612648231e7	2.146075075995944e8	0	1.9206658596269393e6	7.230721426796591e6	0
2.59688	1.2530874893927403e7	2.1070132067819494e8	0	1.8838521553075437e6	6.964761982428061e6	0
2.606768	1.2571127354252698e7	2.0675325888531718e8	0	1.8491393632915863e6	6.710562199304746e6	0
2.616656	1.261174612061516e7	2.029628791905708e8	0	1.8160418643785294e6	6.470585862860333e6	0
2.626544	1.2624091839548027e7	2.0059033243792814e8	0	1.7841074643870175e6	6.251803521307985e6	0
2.636432	1.2385576571213884e7	1.991258220837569e8	0	1.7529142191821388e6	6.060426820515056e6	0
2.6463200000000002	1.2090544591245234e7	1.9806312482336545e8	0	1.7177793251625984e6	5.881826440814239e6	0
2.656208	1.1811849532452622e7	1.97258365654346e8	0	1.6845528605764427e6	5.714338387988016e6	0
2.666096	1.1564032725194013e7	1.9657138228180885e8	0	1.6547696997586216e6	5.5564589676847635e6	0
2.675984	1.1371015914865118e7	1.9586440058867618e8	0	1.6314700984945102e6	5.412857247628747e6	0
2.6858720000000003	1.1355160030997017e7	1.9490060355325276e8	0	1.626991619929839e6	5.28007226557533e6	0
2.69576	1.1368192622292237e7	1.9313374671925887e8	0	1.6278299927818088e6	5.150892263776021e6	0
2.705648	1.1387624957866661e7	1.9134231154618314e8	0	1.6315531617465073e6	5.022621478348172e6	0
2.715536	1.1390895033401968e7	1.8957720012680098e8	0	1.635734395391968e6	4.89282736751532e6	0
2.725424	1.1301068972293297e7	1.8799841206455392e8	0	1.637927357446918e6	4.759341555454809e6	0
2.735312	1.1071962063641498e7	1.867409439909772e8	0	1.635677585445531e6	4.6202711838793205e6	0
2.7452	1.082116934498848e7	1.8558692195431364e8	0	1.6253212423769832e6	4.449065376127639e6	0
2.755088	1.0567822492896762e7	1.8449990260244393e8	0	1.6053557142003737e6	4.284246519749074e6	0
2.764976	1.0329414588175267e7	1.8344436271037883e8	0	1.5752178207353917e6	4.130412028694037e6	0
2.774864	1.0174589077132966e7	1.8238560554125932e8	0	1.5336220584005376e6	3.9990064287631833e6	0
2.784752	1.0079249011259144e7	1.8116334196706614e8	0	1.4797065247814504e6	3.9104013373128828e6	0
2.7946400000000002	1.0006555354380157e7	1.798582492625282e8	0	1.3852892886685259e6	3.8305983467286215e6	0
2.804528	9.95033255301904e6	1.7853727126289287e8	0	1.2906856014066604e6	3.7521557291313955e6	0
2.814416	9.904637613092327e6	1.772092106734391e8	0	1.2097717431890175e6	3.668233285766949e6	0
2.824304	9.87855132933991e6	1.75882621831964e8	0	1.1540418046231582e6	3.5601893731439714e6	0
2.8341920000000003	9.850427319879277e6	1.745521552428284e8	0	1.1642739578812376e6	3.4278241962504964e6	0
2.84408	9.80987150226306e6	1.7324327379394308e8	0	1.195101542337366e6	3.284933521152665e6	0
2.853968	9.747887770841472e6	1.7196784400181198e8	0	1.2404139731739205e6	3.1332657703863373e6	0
2.863856	9.655820701483909e6	1.7073711628924525e8	0	1.2937100463532861e6	2.9746131117115337e6	0
2.8737440000000003	9.495120147288393e6	1.6963132357714617e8	0	1.321543279076803e6	2.794037862092939e6	0
2.883632	9.220959410182353e6	1.6878669890347585e8	0	1.3020584587879747e6	2.612630721622659e6	0
2.89352	8.940297297276212e6	1.6798462746048605e8	0	1.2742601878614349e6	2.4406594957313603e6	0
2.903408	8.669988755829955e6	1.6718700167397168e8	0	1.2422636737821181e6	2.282533866312731e6	0
2.913296	8.424930913974095e6	1.6635644093743291e8	0	1.2098930968866572e6	2.1423097457172787e6	0
2.923184	8.264543564555521e6	1.6545632320948035e8	0	1.1806121691759177e6	2.0287645742987816e6	0
2.933072	8.1788224051505895e6	1.6445089843399316e8	0	1.157561455492504e6	1.933909621705493e6	0
2.9429600000000002	8.1196078074919805e6	1.6325781453992835e8	0	1.17175302281437e6	1.8577513298739751e6	0
2.952848	8.078427246602641e6	1.618949238462476e8	0	1.1946147541255315e6	1.8004357430240442e6	0
2.962736	8.047133316746603e6	1.6037686773087147e8	0	1.2159319922651805e6	1.7623739435344136e6	0
2.972624	7.975719943527092e6	1.586912185305756e8	0	1.2315902597369244e6	1.7495601281531749e6	0
2.9825120000000003	7.892706953666575e6	1.564205973487315e8	0	1.2327222606276304e6	1.762806932003778e6	0
2.9924	7.808165673527598e6	1.54009117422912e8	0	1.1914460763744884e6	1.7952150843344715e6	0
3.002288	7.723771543143833e6	1.516467455909361e8	0	1.1449912941347316e6	1.847106669444738e6	0
3.012176	7.641129812741821e6	1.494631894350358e8	0	1.0992070761499107e6	1.9193717529103423e6	0
3.0220640000000003	7.561777495467652e6	1.4779277182323715e8	0	1.0591007648347516e6	2.0618511455835258e6	0
3.031952	7.507599271982469e6	1.475467426330132e8	0	1.0417929319166308e6	2.2394549471685113e6	0
3.04184	7.51691246228857e6	1.4759096563713196e8	0	1.05175613113413e6	2.4158721237296443e6	0
3.051728	7.500530690872059e6	1.477758807613082e8	0	1.0685945627908886e6	2.5645620634278236e6	0
3.061616	7.442647765379274e6	1.479520171986997e8	0	1.0891051739094537e6	2.6492365626218547e6	0
3.071504	7.32849500180351e6	1.4796932576894855e8	0	1.1098909936386244e6	2.507230742989039e6	0
3.081392	7.051268664408905e6	1.4729481946164805e8	0	1.115542896264349e6	2.3075099064424117e6	0
3.0912800000000002	6.642515234829739e6	1.460220161506328e8	0	1.1111192919962753e6	2.078249956156669e6	0
3.101168	6.236047119494268e6	1.4463505894836217e8	0	1.100937827309972e6	1.8432581048257165e6	0
3.111056	5.863396477467259e6	1.4320989202267373e8	0	1.08515704035617e6	1.617825872106313e6	0
3.120944	5.54885904882364e6	1.4215637390434644e8	0	1.0640207157153473e6	1.4121153099731943e6	0
3.1308320000000003	5.4340071545389285e6	1.4133383090621758e8	0	1.0369958200694436e6	1.2380938509578134e6	0
3.14072	5.4084164207852185e6	1.4059768114429596e8	0	998502.8833346912	1.0983232478133843e6	0
3.150608	5.420978811078966e6	1.399152051364582e8	0	960715.940215545	992997.5459104833	0
3.160496	5.455432142103616e6	1.392543891391207e8	0	926077.5133976734	921628.1860079494	0
3.1703840000000003	5.482893189004235e6	1.3858383967542532e8	0	902586.5146388655	960875.2412238126	0
3.180272	5.342081516751839e6	1.378452260415653e8	0	898011.3961775916	1.069494371870242e6	0
3.19016	5.19217513849519e6	1.3688039581323376e8	0	898680.5739097684	1.2008624538780006e6	0
3.2000480000000002	5.048422446628046e6	1.3588851418434975e8	0	902012.827205188	1.3384031025975922e6	0
3.209936	4.9244645321813505e6	1.3487962697150233e8	0	905435.007895499	1.4569181416832958e6	0
3.219824	4.832687841149734e6	1.3386350865434241e8	0	906342.645661647	1.5187978228464474e6	0
3.229712	4.784915956195553e6	1.327967274978214e8	0	884150.155415479	1.3173583253308565e6	0
3.2396000000000003	4.841540535156214e6	1.3168311990710634e8	0	850720.8889443771	1.1098651600383136e6	0
3.249488	4.97312404539287e6	1.3063989271946113e8	0	816951.0789469621	922853.1114778894	0
3.259376	5.090877295656099e6	1.2970834849588874e8	0	785105.7845488258	769528.5328310269	0
3.269264	5.067487937556123e6	1.2892878371915238e8	0	757109.6195143772	670015.5214959352	0
3.2791520000000003	4.916503165038788e6	1.2862540407152395e8	0	734457.8529102305	631961.5943174196	0
3.28904	4.720945340508841e6	1.2859930332301848e8	0	723268.0894686026	610000.4524100724	0
3.298928	4.512854151319947e6	1.2865471976045544e8	0	728744.2495031476	599546.9125320399	0
3.308816	4.319802860915869e6	1.2872169016619483e8	0	744595.6876604138	597021.0189982273	0
3.3187040000000003	4.1649279088641307e6	1.2873015932080738e8	0	764648.0075204286	584085.9775483765	0
3.328592	4.238375653297499e6	1.2820038906454624e8	0	782211.8725290417	565571.6055730596	0
3.33848	4.342052358354482e6	1.2753033040310615e8	0	790014.700143601	553291.3176954056	0
3.3483680000000002	4.455385965865808e6	1.267537732721965e8	0	780764.3900108691	549296.9795382057	0
3.358256	4.5596279698316e6	1.2589633134858501e8	0	748350.4205317635	555877.7906086635	0
3.368144	4.595802886256349e6	1.2498316450259794e8	0	689471.5187921531	575972.63291938	0
3.378032	4.479656018142929e6	1.2405616933525385e8	0	601766.47751887	662054.269385535	0
3.3879200000000003	4.328808048968451e6	1.2315111704527497e8	0	543123.2108973748	777315.6356348218	0
3.397808	4.158673536082218e6	1.2224146488564727e8	0	526751.3413006304	919054.2952114951	0
3.407696	3.983149601358293e6	1.2133812750331983e8	0	537776.7739707433	1.0824709985799454e6	0
3.417584	3.8142235847366718e6	1.2045170053018743e8	0	570189.2630090852	1.256359962342835e6	0
3.4274720000000003	3.6947194645082317e6	1.1963536753543416e8	0	619180.8565896876	1.380954938242852e6	0
3.43736	3.6090303781008287e6	1.1887830926417115e8	0	663226.6765812632	1.3885611115761432e6	0
3.447248	3.531138692461379e6	1.1814720160742955e8	0	713592.8898408961	1.3789101095006198e6	0
3.457136	3.458483618526361e6	1.1743643848279473e8	0	766297.1565950357	1.366727952140982e6	0
3.4670240000000003	3.3887140221723276e6	1.1674055157694538e8	0	816048.9229910263	1.3664478378098921e6	0
3.476912	3.317460913701044e6	1.1605420239361544e8	0	844319.370767279	1.473553619487942e6	0
3.4868	3.2450635012703952e6	1.1563913614332844e8	0	830824.3342411476	1.674083442590276e6	0
3.4966880000000002	3.1705019668317824e6	1.151858988879393e8	0	803320.9716015717	1.9000000579474643e6	0
3.506576	3.092606784000874e6	1.1461943065747829e8	0	765971.2622024778	2.121583323010926e6	0
3.516464	3.010354488354537e6	1.1388263730401386e8	0	722845.2885348606	2.295414639704918e6	0
3.526352	2.9181147352027e6	1.1292055585571228e8	0	677569.3832724062	2.135424889731019e6	0
3.5362400000000003	2.8085636161686038e6	1.1150476310181862e8	0	631911.6296988572	1.8975486467388042e6	0
3.546128	2.7042369597113677e6	1.0946100644307904e8	0	589432.1621878134	1.660428988293174e6	0
3.556016	2.6090825586293633e6	1.0740189821896671e8	0	552806.943570215	1.4559952374721277e6	0
3.565904	2.539625448956158e6	1.0544575332618484e8	0	523524.6241930906	1.3445365685850505e6	0
3.5757920000000003	2.5021911339265844e6	1.0391704262456925e8	0	502789.8334751878	1.4803479233288805e6	0
3.58568	2.4790265772429365e6	1.0286582545262085e8	0	513835.9897640398	1.66364983998613e6	0
3.595568	2.467220188544805e6	1.0205945186452448e8	0	534045.1894161985	1.8675777100750073e6	0
3.605456	2.4640913085921085e6	1.0146691693529405e8	0	560598.8265860755	2.0493954546753797e6	0
3.6153440000000003	2.46708422990199e6	1.0105926896687081e8	0	590870.005374739	2.1513688433196424e6	0
3.625232	2.473691775554593e6	1.0095897014683938e8	0	621644.6216315922	1.6863157123288764e6	0
3.63512	2.481665378920993e6	1.0100816225871672e8	0	644242.3057040528	1.0378796090704805e6	0
3.6450080000000002	2.4881690808928483e6	1.0110048797664058e8	0	651135.8476560846	647729.5147574571	0
3.6548960000000004	2.490529937540976e6	1.0116829408599731e8	0	650778.2199448922	434632.9862080615	0
3.664784	2.486130048944082e6	1.011437761362806e8	0	642620.1032592916	332489.2788882126	0
3.674672	2.4692859032857143e6	1.0087037901884215e8	0	626406.6427896058	307469.6469707608	0
3.6845600000000003	2.422057829974174e6	9.982123014973977e7	0	595894.9976934189	475501.5842859131	0
3.694448	2.3687784633790506e6	9.863438011529079e7	0	556866.1960293464	805674.8999304743	0
3.704336	2.313446510820157e6	9.73716071883062e7	0	516219.29907119356	1.2870927114018453e6	0
3.714224	2.259736661450856e6	9.609204903086425e7	0	476462.7999787998	1.2374118507294725e6	0
3.7241120000000003	2.217727898247101e6	9.485192449245772e7	0	439485.2006653998	986073.6794531634	0
3.734	2.1921532243880713e6	9.385218839361027e7	0	413721.4357476063	687071.0029707074	0
3.743888	2.173308382413343e6	9.310655180828865e7	0	392106.1881940876	441567.93912207964	0
3.7537760000000002	2.1608213224680955e6	9.242310652177978e7	0	373821.97665502666	276123.6514119511	0
3.7636640000000003	2.154381758736862e6	9.178334136203673e7	0	358584.1215949925	203740.976635195	0
3.773552	2.153733812260319e6	9.116930680578727e7	0	346164.08224489994	193456.4462040669	0
3.78344	2.176617023497866e6	9.051721489999941e7	0	336385.5321460755	191647.577838525	0
3.7933280000000003	2.20540855373084e6	8.985449029060885e7	0	332380.8038846769	195962.7583491939	0
3.8032160000000004	2.2279851108427946e6	8.91966178400884e7	0	335663.11359732586	204610.8246048131	0
3.813104	2.2381351474213153e6	8.854356202321903e7	0	338908.8351380937	215825.76677779132	0
3.822992	2.22803539716258e6	8.789759554584993e7	0	340667.8464404568	220290.97351479196	0
3.8328800000000003	2.154544021782788e6	8.731173823600082e7	0	339473.420989337	222337.629019431	0
3.842768	2.0665380104003146e6	8.671289817536844e7	0	333936.7233658087	224144.71020204297	0
3.852656	1.971213373698015e6	8.608524113878319e7	0	315617.3615589167	225554.92789448745	0
3.862544	1.8748803744202869e6	8.541342430489604e7	0	292971.2510097134	226381.0209251575	0
3.8724320000000003	1.7865919140700665e6	8.461413529720435e7	0	271237.6310584998	226019.87497312206	0
3.88232	1.7130880101186463e6	8.360691324520509e7	0	251856.65522087406	224945.71603121422	0
3.892208	1.6470458688494216e6	8.256489461961102e7	0	240292.41013203372	223160.28704909084	0
3.9020960000000002	1.5891990790001608e6	8.152027533874182e7	0	231686.94694326888	220672.28531131457	0
3.9119840000000003	1.5401832363215513e6	8.0503693053251e7	0	225363.0749911523	217004.4894652943	0
3.921872	1.514840288346391e6	7.954427395643903e7	0	220924.58333213284	211827.41615335873	0
3.93176	1.506654237062938e6	7.879487336381556e7	0	218077.13173126342	206394.32212689237	0
3.9416480000000003	1.5022841863709523e6	7.817896933341652e7	0	216595.96480549968	201019.8663627585	0
3.9515360000000004	1.4977571055624927e6	7.761238377957407e7	0	216122.373942383	195987.96410396957	0
3.961424	1.4891571197531929e6	7.707964589103974e7	0	216403.20738580788	191554.58023151648	0
3.971312	1.47268052203952e6	7.656574432410727e7	0	217193.9465391081	191718.8345418427	0
3.9812000000000003	1.423812939404372e6	7.600815925839351e7	0	218251.5129365574	193883.601131804	0
3.991088	1.3713396946449755e6	7.545166315212649e7	0	219316.8769820197	195592.07900034217	0
4.0009760000000005	1.3202097841118986e6	7.489924144944715e7	0	220148.7138164939	196043.88875301613	0
4.010864000000001	1.277202926394455e6	7.435086431947045e7	0	220506.27388722776	194448.7640131043	0
4.020752000000001	1.2605710464892467e6	7.381293712456714e7	0	220141.34086380375	189581.80935071615	0
4.03064	1.2512213594306244e6	7.329846766625902e7	0	218813.0818559559	172243.47154304644	0
4.040528	1.2467527375191485e6	7.277829392715165e7	0	214479.40471516777	155829.45824091553	0
4.050416	1.2448752446650139e6	7.22450692948979e7	0	208963.65835137077	141714.7253735858	0
4.060304	1.2433420177125311e6	7.169167376407921e7	0	202692.60124203138	130778.68604900228	0
4.0701920000000005	1.23992275444462e6	7.105121062192526e7	0	195929.17483743274	126188.96571228425	0
4.080080000000001	1.2183129668141308e6	7.03217041079311e7	0	188915.03214859808	129489.2101917524	0
4.089968	1.185597639670217e6	6.957372457355188e7	0	181676.785317213	133957.498185428	0
4.099856	1.1561733813512914e6	6.882234767160048e7	0	174231.41840520146	138087.9811347102	0
4.109744	1.1324426330151022e6	6.808202661804107e7	0	167369.95013881402	135504.2539918666	0
4.119632	1.116651060787966e6	6.736659996198168e7	0	161334.86283203238	126961.1834618127	0
4.12952	1.131336430603499e6	6.668932843739542e7	0	156334.35577837442	117363.20305841936	0
4.139408	1.1572484640729588e6	6.615212938762056e7	0	155272.32245095313	107927.31232828215	0
4.1492960000000005	1.1868545171577297e6	6.56553858456612e7	0	157183.32087141898	99555.35947363185	0
4.159184	1.2159713944494114e6	6.518144121051822e7	0	159435.3047851236	99344.21202145044	0
4.169072	1.2358237093397581e6	6.4723118013853334e7	0	161238.47458168	101797.64868810646	0
4.17896	1.2186947200340836e6	6.428360115257091e7	0	161770.57771623926	105339.13771425071	0
4.188848	1.193101486940387e6	6.3885266277786255e7	0	160220.31686392322	109376.9424697469	0
4.198736	1.1620059413961694e6	6.346447963864252e7	0	151406.18653722949	113232.99112882798	0
4.208624	1.1282160354512671e6	6.3000907642381005e7	0	141782.87034786236	116133.77259450134	0
4.2185120000000005	1.0942929440338719e6	6.2474893358111925e7	0	132470.73558821902	116172.0461862797	0
4.228400000000001	1.0657733030140062e6	6.179689674513196e7	0	124363.90489308759	111424.24221702841	0
4.238288	1.0442313278558952e6	6.096266356101137e7	0	118678.38723482897	105198.11881786813	0
4.248176	1.0266395880524658e6	6.007526793190028e7	0	114317.13939035981	97797.10920846711	0
4.258064	1.013683155600299e6	5.9156905597298466e7	0	111287.0567101754	89551.59927224978	0
4.267952	1.00605775583064e6	5.822862900945052e7	0	109623.2640796076	79037.30605273474	0
4.27784	1.00450842643425e6	5.736191688881154e7	0	111311.7674519853	68344.50037556174	0
4.287728	1.0269194710532803e6	5.652503764035931e7	0	116505.95048405665	59805.75245362339	0
4.2976160000000005	1.0528087825582e6	5.5700368006144196e7	0	122690.15280771721	53718.129142438214	0
4.307504	1.07164479742757e6	5.488772985450426e7	0	129121.8887048008	55392.213395396866	0
4.317392	1.0753842884608374e6	5.408623755400003e7	0	134893.9854922202	61407.79305302498	0
4.32728	1.0203592791106552e6	5.327953882058253e7	0	138951.05458899168	70141.6989547365	0
4.337168	954349.7590323661	5.2489982587915845e7	0	132612.8909922772	80992.14632054481	0
4.347056	886664.5519209842	5.1722014867203936e7	0	124082.79382231418	92759.66779391485	0
4.356944	824595.1220529844	5.0979811296404466e7	0	116056.68260618822	100777.24694225877	0
4.3668320000000005	785330.356589612	5.026583540417119e7	0	109483.26597996984	90854.2961003571	0
4.376720000000001	783728.4616107548	4.9582389408268444e7	0	106101.20559927385	79668.21702690591	0
4.386608	792700.5278594063	4.893694689323831e7	0	110878.32677092301	68885.70779626127	0
4.396496	810303.5413335775	4.833377309308802e7	0	117717.58653999012	59542.25739831565	0
4.406384	834730.2516723397	4.777695567974237e7	0	125948.66882531303	52158.051127338425	0
4.416272	864110.2601249989	4.727044940476491e7	0	134707.74461404272	50971.036957719094	0
4.42616	897621.5309612051	4.6920100924328014e7	0	139251.1777061704	55996.33280038107	0
4.436048	932122.8304356947	4.665972788607167e7	0	137251.18548199927	62951.66953553931	0
4.4459360000000006	963784.4501713869	4.6411596736109816e7	0	133172.53662001906	71498.06133283964	0
4.455824	989014.0710883153	4.615191692598943e7	0	127547.9610711351	80993.1750784884	0
4.465712	1.0039907497050548e6	4.5857437805624776e7	0	120912.60831596349	90343.62763828918	0
4.4756	1.0049640763031291e6	4.550556554126908e7	0	113759.53813595808	97964.6442813375	0
4.485488	943641.2418380968	4.494862781930695e7	0	106512.64063008476	93137.75035307698	0
4.495376	875887.6484297265	4.433492735885342e7	0	99610.3578091929	85760.057498376	0
4.505264	808309.4033608964	4.367426919259967e7	0	93173.7715566405	77905.21819773666	0
4.5151520000000005	745928.5474967441	4.297618058516306e7	0	87366.41599974633	70391.76274082114	0
4.525040000000001	692324.6926180533	4.223010721154565e7	0	82506.50021469028	64780.43114435395	0
4.534928	656955.0748561006	4.142880924739347e7	0	79951.90991284855	63814.291846633176	0
4.544816	642815.118423563	4.065519312662297e7	0	78015.47201850849	62466.70172111683	0
4.554704	632183.4446992972	3.9937572070648015e7	0	76408.67545252075	59971.24561363274	0
4.564592	622802.0405626309	3.9410310948967986e7	0	74870.96793128729	55732.53617668672	0
4.57448	607543.8576031987	3.9088958399140686e7	0	73163.06358221121	46638.73049128697	0
4.584368	586154.9164630382	3.88460087910956e7	0	69963.20015156419	35685.237029517826	0
4.594256000000001	562900.9203188975	3.8651760725412644e7	0	65502.28718267803	27439.684351903947	0
4.604144000000001	538384.324901438	3.847735721004442e7	0	61406.235868592594	21838.37262616306	0
4.614032	513156.5646099593	3.829453188242298e7	0	57899.476437280544	21913.064248241233	0
4.62392	487708.73908747797	3.79332193065495e7	0	55154.36395965036	25481.31521430233	0
4.633808	457502.83101293206	3.751277754129271e7	0	54684.91177420589	31271.361998546057	0
4.643696	430392.43878976104	3.706470038080896e7	0	55294.98192801129	39168.63877785264	0
4.653584	408353.43369511905	3.659426726139714e7	0	56327.06853429734	48423.63445266999	0
4.6634720000000005	395025.0698951737	3.610658748270778e7	0	57534.83946278173	56161.44775682516	0
4.673360000000001	406342.2055349974	3.559817331796761e7	0	58529.25957848962	49293.33118173961	0
4.683248	424227.6635569247	3.5051352136794314e7	0	57712.49269011834	41591.25269337934	0
4.693136	445385.604507761	3.4517253340692006e7	0	56734.02643806751	34412.661159217845	0
4.703024	465901.242318653	3.400906223771806e7	0	55769.90819378964	28482.322815864787	0
4.712912	481129.9866994558	3.353919523838106e7	0	54985.01881935369	24881.0708117382	0
4.7228	467976.5702303232	3.3193400599295218e7	0	55051.86338307159	23754.12404776664	0
4.7326880000000005	428427.4147538914	3.298135931783687e7	0	56336.83666409797	23267.443338883546	0
4.742576000000001	389253.61940121686	3.2799924831422515e7	0	57799.598887688626	23260.087786250075	0
4.752464000000001	354240.3666840257	3.2627169650104105e7	0	59224.31729631708	23606.979402824745	0
4.762352	325897.58405250043	3.2441652699720744e7	0	60373.88342294265	24630.249395001243	0
4.77224	323381.45624473266	3.2222432208914597e7	0	59576.27356606222	25996.706505867623	0
4.782128	333926.19507810345	3.1834310200802296e7	0	57569.01421931816	27198.19096993466	0
4.792016	349973.88372322515	3.138505060559272e7	0	55297.61285968849	27887.93388389388	0
4.801904	369600.82655158255	3.0917154234645426e7	0	53009.900113894306	27709.56850845144	0
4.8117920000000005	390485.36043028696	3.044374410663161e7	0	50918.01656992672	26360.752807465517	0
4.821680000000001	407603.7132203188	2.998103188239009e7	0	49301.57715153513	21936.638799430275	0
4.831568	400906.254342089	2.957257409490762e7	0	50685.57338229413	17850.272871964295	0
4.841456	392891.7899082212	2.918559036848424e7	0	52285.48341870878	14417.385129235114	0
4.851344	385683.25144866406	2.882208448167121e7	0	53785.440771120455	11929.305276485447	0
4.861232	381257.6718341794	2.848397457109601e7	0	54833.858162061726	10685.576607581033	0
4.87112	389764.3129461854	2.817311309862364e7	0	55061.36485210325	9888.888540636004	0
4.8810080000000005	417465.92816453247	2.7906133575860176e7	0	52719.59653515594	9443.01345327547	0
4.890896000000001	447919.92226769833	2.7683687094007257e7	0	47446.276978033005	9292.535707331543	0
4.900784000000001	476628.5232394276	2.747993809940963e7	0	42012.09320253982	9411.639185367596	0
4.910672	497966.2522993263	2.7289377364457086e7	0	36832.1830079372	9798.296951669363	0
4.92056	505708.1509065552	2.710666356142321e7	0	32173.65488248921	10472.180506095188	0
4.930448	494219.7339496859	2.6926603120488416e7	0	28179.41533446346	11475.503046759868	0
4.940336	460150.8461441411	2.674414026235464e7	0	24903.537253543105	12876.603816257202	0
4.950224	404092.0510723368	2.65543567210229e7	0	22347.369954314294	14776.542232612523	0
4.9601120000000005	331360.13379684114	2.6352480699642994e7	0	20491.179656149965	17319.409732886455	0
4.970000000000001	251188.6431509928	2.6133904580099996e7	0	19320.6398651	20707.564952199995	0