6 180 124.312
6 187 114.575
6 194 106.249
6 201 99.3917
6 208 94.0001
6 215 90.0164
6 222 87.3338
6 229 85.8064
6 236 85.2588
6 243 85.4986
6 250 86.3288
6 257 87.5601
6 264 89.0242
6 271 90.5855
6 278 92.1517
6 285 93.6828
6 292 95.1967
6 299 96.7715
6 306 98.5423
6 313 100.693
6.2 180 101.539
6.2 187 92.0989
6.2 194 84.0364
6.2 201 77.4066
6.2 208 72.2061
6.2 215 68.3775
6.2 222 65.8157
6.2 229 64.3772
6.2 236 63.8899
6.2 243 64.1651
6.2 250 65.0092
6.2 257 66.2369
6.2 264 67.683
6.2 271 69.2144
6.2 278 70.7408
6.2 285 72.2228
6.2 292 73.6783
6.2 299 75.1838
6.2 306 76.8724
6.2 313 78.9252
6.4 180 82.8361
6.4 187 73.6793
6.4 194 65.8664
6.4 201 59.4511
6.4 208 54.4295
6.4 215 50.7449
6.4 222 48.2938
6.4 229 46.9349
6.4 236 46.4992
6.4 243 46.8012
6.4 250 47.6509
6.4 257 48.866
6.4 264 50.2846
6.4 271 51.7759
6.4 278 53.2514
6.4 285 54.6727
6.4 292 56.0575
6.4 299 57.4816
6.4 306 59.0762
6.4 313 61.0204
6.6 180 67.8906
6.6 187 58.9959
6.6 194 51.4128
6.6 201 45.1938
6.6 208 40.3348
6.6 215 36.7799
6.6 222 34.427
6.6 229 33.137
6.6 236 32.7432
6.6 243 33.0629
6.6 250 33.909
6.6 257 35.1022
6.6 264 36.4831
6.6 271 37.9234
6.6 278 39.336
6.6 285 40.6836
6.6 292 41.9842
6.6 299 43.3132
6.6 306 44.8011
6.6 313 46.6254
6.8 180 56.3493
6.8 187 47.6883
6.8 194 40.3086
6.8 201 34.2619
6.8 208 29.5448
6.8 215 26.1018
6.8 222 23.8323
6.8 229 22.5987
6.8 236 22.2361
6.8 243 22.564
6.8 250 23.3974
6.8 257 24.5593
6.8 264 25.8924
6.8 271 27.2702
6.8 278 28.6073
6.8 285 29.8675
6.8 292 31.0695
6.8 299 32.2891
6.8 306 33.6567
6.8 313 35.3498
7 180 47.8192
7 187 39.3545
7 194 32.1438
7 201 26.2391
7 208 21.6377
7 215 18.2853
7 222 16.082
7 229 14.8911
7 236 14.5489
7 243 14.8758
7 250 15.6881
7 257 16.81
7 264 18.0859
7 271 19.3906
7 278 20.6403
7 285 21.7998
7 292 22.8893
7 299 23.9856
7 306 25.2204
7 313 26.7723
7.2 180 41.8659
7.2 187 33.5499
7.2 194 26.465
7.2 201 20.6648
7.2 208 16.1479
7.2 215 12.861
7.2 222 10.7049
7.2 229 9.54285
7.2 236 9.21096
7.2 243 9.52935
7.2 250 10.3143
7.2 257 11.3905
7.2 264 12.6025
7.2 271 13.8264
7.2 278 14.9793
7.2 285 16.0278
7.2 292 16.9938
7.2 299 17.9562
7.2 306 19.0492
7.2 313 20.4508
7.4 180 38.0174
7.4 187 29.7917
7.4 194 22.7801
7.4 201 17.0396
7.4 208 12.5711
7.4 215 9.32236
7.4 222 7.19417
7.4 229 6.04873
7.4 236 5.72029
7.4 243 6.02712
7.4 250 6.78383
7.4 257 7.81389
7.4 264 8.96155
7.4 271 10.1031
7.4 278 11.1566
7.4 285 12.0907
7.4 292 12.9267
7.4 299 13.7511
7.4 306 14.7005
7.4 313 15.9601
7.6 180 35.7764
7.6 187 27.5716
7.6 194 20.5726
7.6 201 14.8413
7.6 208 10.3822
7.6 215 7.14436
7.6 222 5.0277
7.6 229 3.89173
7.6 236 3.56697
7.6 243 3.86764
7.6 250 4.60468
7.6 257 5.59876
7.6 264 6.69244
7.6 271 7.75969
7.6 278 8.72237
7.6 285 9.55058
7.6 292 10.2714
7.6 299 10.9709
7.6 306 11.7907
7.6 313 12.9206
7.8 180 34.6426
7.8 187 26.3807
7.8 194 19.3275
7.8 201 13.5526
7.8 208 9.06521
7.8 215 5.81594
7.8 222 3.70255
7.8 229 2.57975
7.8 236 2.27172
7.8 243 2.58592
7.8 250 3.32596
7.8 257 4.30971
7.8 264 5.37656
7.8 271 6.40113
7.8 278 7.30291
7.8 285 8.05421
7.8 292 8.68538
7.8 299 9.28642
7.8 306 10.0039
7.8 313 11.0321
8 180 34.1453
8 187 25.7439
8 194 18.5694
8 201 12.7021
8 208 8.15762
8 215 4.88743
8 222 2.78519
8 229 1.69702
8 236 1.43823
8 243 1.80624
8 250 2.5971
8 257 3.61986
8 264 4.70952
8 271 5.73849
8 278 6.62618
8 285 7.34664
8 292 7.93329
8 299 8.48006
8 306 9.13777
8 313 10.105
8.2 180 33.8847
8.2 187 25.2667
8.2 194 17.9146
8.2 201 11.9226
8.2 208 7.31321
8.2 215 4.03671
8.2 222 1.9788
8.2 229 0.973944
8.2 236 0.822289
8.2 243 1.30758
8.2 250 2.21414
8.2 257 3.34206
8.2 264 4.52047
8.2 271 5.61868
8.2 278 6.55552
8.2 285 7.30629
8.2 292 7.90705
8.2 299 8.45507
8.2 306 9.10474
8.2 313 10.058
8.4 180 33.5902
8.4 187 24.7045
8.4 194 17.1522
8.4 201 11.0414
8.4 208 6.39712
8.4 215 3.16246
8.4 222 1.20882
8.4 229 0.353695
8.4 236 0.379831
8.4 243 1.05506
8.4 250 2.15052
8.4 257 3.45637
8.4 264 4.79507
8.4 271 6.0323
8.4 278 7.08571
8.4 285 7.93133
8.4 292 8.60714
8.4 299 9.21302
8.4 306 9.90613
8.4 313 10.8911
8.6 180 33.2078
8.6 187 24.0673
8.6 194 16.3563
8.6 201 10.1858
8.6 208 5.57298
8.6 215 2.44634
8.6 222 0.66051
8.6 229 0.0153263
8.6 236 0.277271
8.6 243 1.19999
8.6 250 2.54219
8.6 257 4.08431
8.6 264 5.64187
8.6 271 7.07633
8.6 278 8.30343
8.6 285 9.29903
8.6 292 10.1021
8.6 299 10.8142
8.6 306 11.5944
8.6 313 12.6492
8.8 180 32.9703
8.8 187 23.6651
8.8 194 15.8901
8.8 201 9.74497
8.8 208 5.23149
8.8 215 2.2635
8.8 222 0.682378
8.8 229 0.275839
8.8 236 0.798428
8.8 243 1.99308
8.8 250 3.60904
8.8 257 5.41787
8.8 264 7.22813
8.8 271 8.89633
8.8 278 10.3352
8.8 285 11.5191
8.8 292 12.487
8.8 299 13.3406
8.8 306 14.2401
8.8 313 15.3926
9 180 33.2906
9 187 23.9353
9 194 16.1893
9 201 10.136
9 208 5.76371
9 215 2.97619
9 222 1.60719
9 229 1.43808
9 236 2.21708
9 243 3.67924
9 250 5.56813
9 257 7.64794
9 264 9.7206
9 271 11.6371
9 278 13.3062
9 285 14.6995
9 292 15.8542
9 299 16.8714
9 306 17.9105
9 313 19.1789
9.2 180 34.5404
9.2 187 25.2241
9.2 194 17.5693
9.2 201 11.6462
9.2 208 7.43357
9.2 215 4.82936
9.2 222 3.66392
9.2 229 3.71628
9.2 236 4.73218
9.2 243 6.44327
9.2 250 8.58726
9.2 257 10.9256
9.2 264 13.2536
9.2 271 15.4169
9.2 278 17.3193
9.2 285 18.9289
9.2 292 20.2797
9.2 299 21.4709
9.2 306 22.6604
9.2 313 24.0543
9.4 180 36.9563
9.4 187 27.7357
9.4 194 20.2085
9.4 201 14.4347
9.4 208 10.387
9.4 215 7.96047
9.4 222 6.98446
9.4 229 7.23809
9.4 236 8.46714
9.4 243 10.4023
9.4 250 12.7781
9.4 257 15.3543
9.4 264 17.9214
9.4 271 20.3199
9.4 278 22.4488
9.4 285 24.2715
9.4 292 25.8186
9.4 299 27.1859
9.4 306 28.5287
9.4 313 30.0511
9.6 180 40.665
9.6 187 31.574
9.6 194 24.194
9.6 201 18.5778
9.6 208 14.694
9.6 215 12.4363
9.6 222 11.6346
9.6 229 12.0697
9.6 236 13.4886
9.6 243 15.6231
9.6 250 18.2067
9.6 257 20.997
9.6 264 23.7831
9.6 271 26.4001
9.6 278 28.7426
9.6 285 30.7693
9.6 292 32.5063
9.6 299 34.0457
9.6 306 35.5394
9.6 313 37.1889
9.8 180 45.7245
9.8 187 36.7829
9.8 194 29.5601
9.8 201 24.1035
9.8 208 20.3793
9.8 215 18.2808
9.8 222 17.6393
9.8 229 18.2376
9.8 236 19.8255
9.8 243 22.1363
9.8 250 24.9043
9.8 257 27.886
9.8 264 30.8699
9.8 271 33.6869
9.8 278 36.2272
9.8 285 38.445
9.8 292 40.3618
9.8 299 42.0654
9.8 306 43.7039
9.8 313 45.4753
